5.61237    5.88483
5.65364    5.88483
5.71554    5.9037
5.79808    5.9037
5.85998    5.92256
5.90125    5.92256
5.96315    5.94142
6.02505    5.94142
6.12822    5.96028
6.19012    5.97914
6.25202    5.97914
6.29329    5.998
6.35519    6.01687
6.45836    6.03573
6.52026    6.03573
6.56153    6.03573
6.62343    6.05459
6.66469    6.05459
6.76786    6.05459
6.82976    6.05459
6.89166    6.03573
6.95357    6.03573
6.99483    6.03573
7.11864    6.03573
7.1599    6.03573
7.2218    6.03573
7.28371    6.03573
7.32497    6.03573
7.42814    6.03573
7.49004    6.03573
7.53131    6.05459
7.59321    6.05459
7.63448    6.05459
7.73765    6.05459
7.79955    6.05459
7.84082    6.05459
7.90272    6.07345
7.96462    6.07345
8.06779    6.07345
8.10905    6.07345
8.17096    6.07345
8.21222    6.07345
8.27412    6.07345
8.35666    6.05459
8.41856    6.03573
8.45983    6.03573
8.52173    6.01687
8.563    5.998
8.66617    5.97914
8.72807    5.96028
8.76933    5.94142
8.83124    5.94142
8.8725    5.92256
8.97567    5.9037
9.03757    5.9037
9.07884    5.9037
9.12011    5.88483
9.16137    5.88483
9.26454    5.86597
9.32644    5.86597
9.36771    5.86597
9.42961    5.86597
9.47088    5.86597
9.57405    5.86597
9.63595    5.86597
9.67722    5.86597
9.73912    5.84711
9.78039    5.84711
9.88356    5.82825
9.92482    5.80939
9.98672    5.80939
10.028    5.79053
10.0899    5.79053
10.1931    5.77166
10.2343    5.7528
10.2962    5.7528
10.3581    5.73394
10.3994    5.73394
10.5026    5.73394
10.5438    5.73394
10.6057    5.73394
10.647    5.73394
10.6883    5.73394
10.7914    5.7528
10.8327    5.7528
10.874    5.7528
10.9359    5.7528
10.9771    5.7528
11.0597    5.77166
11.1216    5.77166
11.1628    5.77166
11.2247    5.77166
11.266    5.77166
11.3692    5.77166
11.4105    5.77166
11.4517    5.7528
11.493    5.73394
11.5343    5.73394
11.6168    5.71508
11.6787    5.69622
11.72    5.69622
11.7612    5.67736
11.8025    5.67736
11.885    5.65849
11.9263    5.65849
11.9676    5.65849
12.0088    5.65849
12.0295    5.65849
12.112    5.65849
12.1326    5.65849
12.1739    5.65849
12.2152    5.65849
12.2564    5.65849
12.3183    5.65849
12.3596    5.67736
12.4009    5.67736
12.4421    5.67736
12.4834    5.67736
12.5453    5.67736
12.5866    5.67736
