3.56963    7.24287
3.6109    7.24287
3.65217    7.24287
3.75534    7.24287
3.79661    7.24287
3.83787    7.24287
3.87914    7.24287
3.92041    7.24287
4.00294    7.24287
4.04421    7.22401
4.10611    7.22401
4.14738    7.22401
4.18865    7.20515
4.29182    7.18629
4.33308    7.18629
4.39498    7.16743
4.43625    7.14856
4.47752    7.16743
4.56005    7.14856
4.60132    7.16743
4.64259    7.16743
4.68386    7.16743
4.72512    7.18629
4.82829    7.22401
4.86956    7.22401
4.91083    7.24287
4.97273    7.22401
5.014    7.26173
5.09653    7.2806
5.15843    7.2806
5.1997    7.2806
5.24097    7.29946
5.28223    7.31832
5.3854    7.29946
5.42667    7.31832
5.46794    7.29946
5.52984    7.29946
5.57111    7.2806
5.65364    7.26173
5.71554    7.26173
5.77744    7.24287
5.81871    7.20515
5.85998    7.20515
5.94251    7.18629
5.98378    7.18629
6.02505    7.18629
6.04568    7.18629
6.08695    7.18629
6.12822    7.16743
6.14885    7.14856
6.16948    7.14856
6.19012    7.1297
6.23139    7.09198
6.29329    7.03539
6.33455    7.03539
6.37582    7.01653
6.41709    6.99767
6.45836    6.99767
6.52026    6.95995
6.58216    6.94109
6.62343    6.92222
6.66469    6.92222
6.70596    6.90336
6.7885    6.86564
6.8504    6.84678
6.89166    6.82792
6.93293    6.80905
6.9742    6.80905
7.07737    6.79019
7.11864    6.77133
7.1599    6.77133
7.20117    6.75247
7.24244    6.73361
7.30434    6.73361
7.34561    6.71475
7.38687    6.69588
7.42814    6.71475
7.49004    6.71475
7.57258    6.71475
7.63448    6.73361
7.67575    6.75247
7.71701    6.73361
7.75828    6.75247
7.84082    6.71475
7.88208    6.69588
7.92335    6.69588
7.96462    6.67702
7.98525    6.6393
8.06779    6.58271
8.10905    6.58271
8.15032    6.58271
8.21222    6.58271
8.27412    6.58271
8.37729    6.58271
8.43919    6.60158
8.5011    6.60158
8.563    6.60158
8.60426    6.62044
8.72807    6.6393
8.78997    6.6393
8.83124    6.65816
8.89314    6.67702
8.95504    6.67702
9.05821    6.67702
9.12011    6.67702
9.18201    6.67702
9.24391    6.69588
9.30581    6.71475
9.40898    6.71475
9.47088    6.73361
9.53278    6.77133
9.59468    6.79019
9.65658    6.79019
9.75975    6.80905
9.82165    6.84678
9.86292    6.84678
9.92482    6.86564
9.98672    6.8845
10.0899    6.92222
10.1518    6.94109
10.1931    6.94109
10.255    6.95995
10.2962    6.97881
10.3994    6.99767
10.4613    7.01653
10.5026    6.99767
10.5645    7.01653
10.6264    7.01653
10.7502    7.01653
10.8121    7.01653
10.874    7.01653
10.9359    7.01653
10.9978    7.01653
11.1009    7.03539
11.1628    7.05426
11.2247    7.03539
11.266    7.05426
11.3279    7.05426
11.4311    7.07312
11.4724    7.09198
11.5343    7.09198
11.5755    7.11084
11.6374    7.14856
11.7406    7.18629
11.7819    7.20515
11.8438    7.20515
11.885    7.22401
11.9469    7.24287
12.0295    7.26173
12.0914    7.2806
12.1326    7.26173
12.1945    7.2806
12.2358    7.2806
12.339    7.2806
12.4009    7.2806
12.4421    7.2806
12.504    7.2806
12.5453    7.2806
12.6485    7.2806
12.6897    7.2806
12.731    7.2806
12.7723    7.29946
12.8342    7.31832
12.9167    7.29946
12.958    7.33718
12.9992    7.33718
13.0405    7.33718
13.1024    7.35604
