3.71407    7.69555
3.75534    7.69555
3.79661    7.69555
3.89977    7.69555
3.96168    7.71441
4.00294    7.71441
4.06484    7.71441
4.10611    7.71441
4.20928    7.73327
4.27118    7.75214
4.31245    7.75214
4.35372    7.75214
4.39498    7.75214
4.47752    7.75214
4.51879    7.75214
4.58069    7.75214
4.62195    7.75214
4.66322    7.73327
4.76639    7.71441
4.80766    7.71441
4.86956    7.69555
4.91083    7.69555
4.97273    7.67669
5.05526    7.65783
5.11716    7.65783
5.15843    7.65783
5.1997    7.65783
5.24097    7.65783
5.3235    7.67669
5.36477    7.69555
5.40604    7.69555
5.4473    7.71441
5.48857    7.73327
5.57111    7.75214
5.61237    7.75214
5.65364    7.771
5.69491    7.771
5.71554    7.771
5.79808    7.75214
5.83934    7.75214
5.88061    7.73327
5.90125    7.71441
5.94251    7.71441
6.00441    7.67669
6.02505    7.67669
6.06632    7.65783
6.08695    7.65783
6.12822    7.65783
6.16948    7.63897
6.21075    7.63897
6.23139    7.65783
6.27265    7.65783
6.29329    7.65783
6.37582    7.67669
6.41709    7.67669
6.45836    7.69555
6.49962    7.71441
6.52026    7.73327
6.60279    7.75214
6.64406    7.771
6.68533    7.771
6.7266    7.771
6.76786    7.771
6.8504    7.73327
6.89166    7.71441
6.9123    7.69555
6.95357    7.69555
6.99483    7.67669
7.05673    7.67669
7.098    7.69555
7.13927    7.69555
7.1599    7.69555
7.20117    7.69555
7.24244    7.69555
7.28371    7.71441
7.30434    7.73327
7.34561    7.75214
7.36624    7.771
7.42814    7.80872
7.46941    7.82758
7.49004    7.82758
7.53131    7.84644
7.57258    7.84644
7.63448    7.86531
7.67575    7.86531
7.71701    7.86531
7.73765    7.86531
7.77892    7.88417
7.88208    7.86531
7.94398    7.86531
8.00589    7.86531
8.04715    7.84644
8.10905    7.84644
8.21222    7.84644
8.25349    7.84644
8.31539    7.86531
8.35666    7.86531
8.39793    7.86531
8.5011    7.88417
8.563    7.90303
8.60426    7.90303
8.66617    7.92189
8.70743    7.92189
8.8106    7.92189
8.85187    7.92189
8.89314    7.92189
8.9344    7.92189
8.97567    7.90303
9.05821    7.88417
9.09947    7.86531
9.14074    7.84644
9.18201    7.84644
9.22328    7.82758
9.32644    7.82758
9.36771    7.82758
9.42961    7.82758
9.47088    7.84644
9.51215    7.84644
9.61532    7.86531
9.65658    7.88417
9.71849    7.90303
9.78039    7.92189
9.82165    7.94075
9.92482    7.95961
9.98672    7.97848
10.028    7.97848
10.0899    7.99734
10.1312    7.99734
10.2343    7.99734
10.2962    7.99734
10.3375    7.99734
10.3994    7.99734
10.4407    7.99734
10.5645    7.99734
10.6057    7.99734
10.6676    8.0162
10.7295    8.0162
10.7708    8.03506
10.874    8.05392
10.9359    8.07278
10.9771    8.09165
11.039    8.11051
11.0803    8.11051
11.1835    8.14823
11.2454    8.14823
11.3073    8.16709
11.3485    8.18595
11.4105    8.20482
11.5136    8.22368
11.5549    8.24254
11.5962    8.2614
11.6581    8.2614
11.6993    8.2614
11.8025    8.28026
11.8644    8.28026
11.9057    8.28026
11.9676    8.28026
12.0088    8.28026
12.112    8.29912
12.1739    8.29912
12.2152    8.31799
12.2771    8.33685
12.3183    8.35571
12.4215    8.39343
12.4628    8.41229
12.504    8.43116
12.5453    8.45002
12.6072    8.48774
12.6897    8.52546
12.7516    8.56319
12.7929    8.58205
12.8342    8.60091
12.8754    8.61977
12.9786    8.63863
