3.07443    8.03506
3.11569    8.03506
3.13633    8.03506
3.17759    8.03506
3.21886    8.03506
3.2395    8.03506
3.3014    8.03506
3.32203    8.0162
3.4252    8.0162
3.44583    8.0162
3.50773    7.99734
3.52837    7.99734
3.56963    7.97848
3.65217    7.95961
3.69344    7.95961
3.7347    7.95961
3.77597    7.94075
3.79661    7.94075
3.85851    7.92189
3.92041    7.92189
3.94104    7.92189
4.00294    7.92189
4.02358    7.90303
4.10611    7.90303
4.14738    7.90303
4.18865    7.90303
4.22991    7.90303
4.27118    7.90303
4.35372    7.90303
4.37435    7.90303
4.39498    7.90303
4.45689    7.90303
4.47752    7.88417
4.56005    7.88417
4.60132    7.88417
4.62195    7.88417
4.64259    7.86531
4.70449    7.86531
4.76639    7.84644
4.82829    7.84644
4.84893    7.82758
4.89019    7.82758
4.93146    7.80872
5.014    7.80872
5.03463    7.80872
5.05526    7.80872
5.11716    7.80872
5.1378    7.78986
5.22033    7.78986
5.2616    7.78986
5.30287    7.78986
5.3235    7.78986
5.34414    7.80872
5.42667    7.80872
5.46794    7.82758
5.48857    7.82758
5.50921    7.84644
5.55047    7.84644
5.61237    7.84644
5.63301    7.84644
5.67427    7.86531
5.69491    7.86531
5.71554    7.86531
5.77744    7.84644
5.79808    7.84644
5.83934    7.84644
5.88061    7.84644
5.90125    7.84644
5.94251    7.84644
5.98378    7.86531
6.00441    7.86531
6.06632    7.88417
6.08695    7.88417
6.16948    7.90303
6.21075    7.90303
6.25202    7.92189
6.29329    7.92189
6.31392    7.92189
6.35519    7.94075
6.39646    7.94075
6.43772    7.94075
6.47899    7.94075
6.52026    7.92189
6.58216    7.92189
6.64406    7.90303
6.66469    7.90303
6.7266    7.88417
6.74723    7.88417
6.82976    7.86531
6.87103    7.84644
6.9123    7.84644
6.95357    7.84644
6.99483    7.82758
7.07737    7.82758
7.11864    7.82758
7.1599    7.82758
7.20117    7.82758
7.24244    7.82758
7.34561    7.84644
7.36624    7.86531
7.44878    7.86531
7.49004    7.88417
7.53131    7.90303
7.63448    7.92189
7.65511    7.92189
7.71701    7.94075
7.73765    7.94075
7.79955    7.95961
7.86145    7.95961
7.92335    7.97848
7.96462    7.97848
8.00589    7.97848
8.04715    7.99734
8.15032    7.99734
8.21222    7.99734
8.25349    7.99734
8.29476    7.99734
8.33603    8.0162
8.43919    8.0162
8.5011    8.03506
8.54236    8.03506
8.58363    8.03506
8.64553    8.03506
8.76933    8.05392
8.8106    8.05392
8.8725    8.07278
8.91377    8.07278
8.95504    8.09165
9.05821    8.09165
9.12011    8.11051
9.14074    8.11051
9.20264    8.11051
9.22328    8.11051
9.32644    8.11051
9.34708    8.11051
9.40898    8.11051
9.42961    8.11051
9.49151    8.09165
9.55342    8.09165
9.61532    8.07278
9.63595    8.07278
9.69785    8.07278
9.71849    8.07278
9.82165    8.07278
9.84229    8.07278
9.90419    8.07278
9.92482    8.05392
9.98672    8.05392
10.0693    8.05392
10.1105    8.07278
10.1518    8.07278
10.2137    8.07278
10.2756    8.07278
10.3375    8.09165
10.3994    8.09165
10.4407    8.09165
10.4819    8.11051
10.5232    8.11051
10.6057    8.11051
10.647    8.11051
10.6883    8.11051
10.7295    8.11051
10.7708    8.09165
10.8533    8.09165
10.8946    8.07278
10.9565    8.07278
11.0184    8.07278
11.039    8.07278
11.1422    8.05392
11.1628    8.07278
11.2247    8.07278
11.2454    8.07278
11.2866    8.07278
11.3485    8.07278
11.3692    8.07278
11.4311    8.09165
11.4517    8.09165
11.493    8.11051
11.5549    8.12937
11.5755    8.14823
11.6168    8.16709
11.6581    8.16709
11.6787    8.18595
11.72    8.20482
11.7612    8.20482
11.7819    8.22368
11.8231    8.22368
11.8438    8.24254
11.885    8.24254
11.9263    8.24254
11.9469    8.2614
12.0088    8.2614
12.0295    8.2614
12.112    8.2614
