3.3633    8.48774
3.40456    8.48774
3.44583    8.46888
3.52837    8.45002
3.56963    8.45002
3.6109    8.43116
3.65217    8.43116
3.69344    8.43116
3.77597    8.43116
3.81724    8.43116
3.85851    8.43116
3.89977    8.43116
3.94104    8.43116
4.02358    8.45002
4.06484    8.45002
4.10611    8.45002
4.14738    8.46888
4.18865    8.46888
4.27118    8.48774
4.31245    8.5066
4.35372    8.5066
4.39498    8.5066
4.41562    8.52546
4.49815    8.52546
4.53942    8.52546
4.60132    8.52546
4.64259    8.52546
4.68386    8.5066
4.78702    8.5066
4.82829    8.48774
4.89019    8.48774
4.93146    8.48774
4.97273    8.48774
5.05526    8.5066
5.09653    8.5066
5.1378    8.5066
5.17907    8.5066
5.22033    8.5066
5.30287    8.5066
5.34414    8.5066
5.3854    8.5066
5.42667    8.52546
5.46794    8.52546
5.57111    8.54433
5.61237    8.56319
5.65364    8.56319
5.69491    8.58205
5.73618    8.58205
5.81871    8.58205
5.85998    8.58205
5.88061    8.60091
5.92188    8.60091
5.98378    8.60091
6.06632    8.60091
6.10758    8.60091
6.14885    8.60091
6.19012    8.60091
6.23139    8.60091
6.31392    8.61977
6.35519    8.63863
6.39646    8.63863
6.43772    8.6575
6.47899    8.6575
6.56153    8.67636
6.60279    8.67636
6.64406    8.67636
6.68533    8.69522
6.7266    8.69522
6.7885    8.71408
6.82976    8.71408
6.87103    8.73294
6.9123    8.73294
6.93293    8.73294
7.01547    8.73294
7.07737    8.73294
7.11864    8.73294
7.1599    8.73294
7.20117    8.71408
7.30434    8.69522
7.34561    8.69522
7.38687    8.67636
7.44878    8.67636
7.49004    8.67636
7.57258    8.67636
7.61385    8.67636
7.65511    8.67636
7.69638    8.67636
7.73765    8.6575
7.79955    8.6575
7.84082    8.6575
7.90272    8.6575
7.94398    8.6575
7.98525    8.6575
8.04715    8.67636
8.08842    8.67636
8.12969    8.67636
8.17096    8.67636
8.21222    8.6575
8.27412    8.6575
8.33603    8.63863
8.37729    8.63863
8.41856    8.61977
8.45983    8.60091
8.563    8.56319
8.60426    8.54433
8.64553    8.52546
8.6868    8.52546
8.7487    8.5066
8.83124    8.48774
8.8725    8.48774
8.91377    8.48774
8.95504    8.48774
8.99631    8.46888
9.07884    8.46888
9.12011    8.46888
9.16137    8.45002
9.22328    8.45002
9.26454    8.45002
9.36771    8.46888
9.40898    8.46888
9.45025    8.46888
9.51215    8.46888
9.55342    8.46888
9.63595    8.45002
9.69785    8.45002
9.73912    8.45002
9.78039    8.43116
9.82165    8.43116
9.92482    8.41229
9.96609    8.39343
10.028    8.37457
10.0693    8.37457
10.1105    8.35571
10.2137    8.35571
10.255    8.35571
10.2962    8.35571
10.3375    8.35571
10.3788    8.35571
10.4613    8.37457
10.5026    8.37457
10.5438    8.37457
10.5851    8.37457
10.6264    8.39343
10.7089    8.41229
10.7502    8.41229
10.7914    8.43116
10.8327    8.45002
10.874    8.45002
10.9565    8.46888
10.9771    8.46888
11.0184    8.48774
11.0597    8.48774
11.0803    8.48774
11.1628    8.5066
11.2041    8.5066
11.2247    8.5066
11.266    8.5066
11.3073    8.5066
11.3898    8.5066
11.4311    8.48774
11.4517    8.5066
11.493    8.5066
11.5343    8.5066
11.5962    8.52546
11.6168    8.52546
11.6581    8.54433
11.6787    8.54433
11.72    8.54433
11.7819    8.56319
11.8231    8.58205
11.8644    8.58205
11.885    8.60091
11.9263    8.61977
12.0088    8.63863
12.0501    8.6575
12.0707    8.6575
12.112    8.6575
12.1326    8.67636
12.1945    8.67636
12.2152    8.67636
12.2358    8.67636
12.2564    8.67636
12.2771    8.67636
