4.45689    8.56319
4.49815    8.56319
4.53942    8.58205
4.62195    8.60091
4.68386    8.60091
4.72512    8.60091
4.76639    8.60091
4.82829    8.61977
4.93146    8.6575
4.97273    8.67636
5.014    8.6575
5.05526    8.67636
5.11716    8.67636
5.1997    8.67636
5.24097    8.67636
5.30287    8.67636
5.34414    8.67636
5.3854    8.6575
5.48857    8.6575
5.55047    8.6575
5.59174    8.6575
5.65364    8.63863
5.69491    8.61977
5.79808    8.63863
5.83934    8.61977
5.88061    8.63863
5.92188    8.63863
5.96315    8.63863
6.04568    8.6575
6.10758    8.67636
6.14885    8.67636
6.19012    8.69522
6.23139    8.71408
6.31392    8.71408
6.37582    8.73294
6.41709    8.7518
6.45836    8.7518
6.49962    8.77067
6.58216    8.78953
6.64406    8.78953
6.68533    8.78953
6.7266    8.78953
6.76786    8.78953
6.8504    8.78953
6.9123    8.78953
6.95357    8.78953
6.99483    8.77067
7.0361    8.78953
7.13927    8.77067
7.18054    8.77067
7.2218    8.77067
7.26307    8.77067
7.32497    8.77067
7.40751    8.78953
7.44878    8.78953
7.49004    8.78953
7.53131    8.80839
7.57258    8.82725
7.65511    8.80839
7.69638    8.82725
7.73765    8.82725
7.77892    8.82725
7.82018    8.82725
7.90272    8.84611
7.96462    8.86497
8.00589    8.84611
8.04715    8.86497
8.10905    8.84611
8.19159    8.86497
8.23286    8.84611
8.27412    8.86497
8.33603    8.84611
8.37729    8.86497
8.48046    8.82725
8.54236    8.82725
8.60426    8.80839
8.66617    8.82725
8.70743    8.80839
8.8106    8.82725
8.8725    8.80839
8.91377    8.82725
8.97567    8.82725
9.01694    8.82725
9.09947    8.82725
9.14074    8.82725
9.20264    8.82725
9.24391    8.82725
9.28518    8.82725
9.38835    8.82725
9.45025    8.80839
9.51215    8.82725
9.57405    8.80839
9.61532    8.80839
9.71849    8.78953
9.78039    8.77067
9.82165    8.77067
9.86292    8.7518
9.92482    8.73294
10.028    8.71408
10.0693    8.67636
10.1312    8.6575
10.1724    8.6575
10.2343    8.6575
10.3375    8.63863
10.3994    8.61977
10.4407    8.63863
10.5026    8.61977
10.5438    8.63863
10.647    8.63863
10.6883    8.63863
10.7502    8.6575
10.7914    8.67636
10.8533    8.67636
10.9359    8.67636
10.9978    8.69522
11.039    8.71408
11.1009    8.71408
11.1422    8.71408
11.2454    8.71408
11.2866    8.71408
11.3279    8.71408
11.3898    8.71408
11.4311    8.71408
11.5136    8.71408
11.5755    8.69522
11.6168    8.71408
11.6581    8.69522
11.6993    8.69522
11.8025    8.67636
11.8438    8.6575
11.9057    8.67636
11.9469    8.6575
11.9882    8.67636
12.0707    8.67636
12.112    8.69522
12.1533    8.73294
12.1945    8.73294
12.2358    8.7518
12.3183    8.7518
12.339    8.77067
