8.97567    5.39443
8.9344    5.39443
8.8725    5.39443
8.76933    5.39443
8.72807    5.37557
8.66617    5.39443
8.6249    5.37557
8.58363    5.37557
8.48046    5.35671
8.43919    5.31898
8.37729    5.30012
8.33603    5.30012
8.27412    5.28126
8.17096    5.24354
8.12969    5.24354
8.08842    5.24354
8.02652    5.22468
7.98525    5.24354
7.88208    5.22468
7.84082    5.24354
7.79955    5.24354
7.75828    5.24354
7.69638    5.24354
7.61385    5.2624
7.55194    5.28126
7.49004    5.28126
7.44878    5.28126
7.38687    5.30012
7.28371    5.31898
7.2218    5.30012
7.18054    5.31898
7.13927    5.30012
7.07737    5.31898
6.9742    5.28126
6.93293    5.28126
6.87103    5.2624
6.80913    5.2624
6.76786    5.24354
6.66469    5.20581
6.60279    5.20581
6.56153    5.20581
6.49962    5.20581
6.45836    5.20581
6.37582    5.22468
6.31392    5.24354
6.27265    5.22468
6.23139    5.24354
6.19012    5.24354
6.08695    5.24354
6.04568    5.2624
6.00441    5.28126
5.94251    5.28126
5.90125    5.30012
5.79808    5.33785
5.75681    5.33785
5.71554    5.33785
5.65364    5.33785
5.61237    5.33785
5.52984    5.33785
5.46794    5.33785
5.42667    5.31898
5.36477    5.30012
5.3235    5.30012
5.22033    5.30012
5.17907    5.30012
5.11716    5.30012
5.0759    5.30012
5.03463    5.30012
4.95209    5.31898
4.89019    5.31898
4.84893    5.31898
4.80766    5.31898
4.74576    5.33785
4.66322    5.35671
4.60132    5.35671
4.53942    5.37557
4.49815    5.39443
4.43625    5.39443
4.33308    5.41329
4.27118    5.43215
4.22991    5.41329
4.16801    5.43215
4.12675    5.43215
4.04421    5.41329
3.98231    5.43215
3.94104    5.41329
3.89977    5.41329
3.83787    5.39443
3.77597    5.35671
3.7347    5.33785
3.69344    5.33785
3.65217    5.33785
3.6109    5.31898
3.52837    5.30012
3.46647    5.31898
3.4252    5.30012
3.38393    5.31898
3.34266    5.31898
3.2395    5.30012
3.17759    5.30012
3.13633    5.30012
3.07443    5.28126
3.01252    5.2624
2.90936    5.28126
2.86809    5.28126
2.80619    5.28126
2.76492    5.30012
2.70302    5.31898
