9.22328    7.14856
9.16137    7.14856
9.09947    7.14856
8.99631    7.1297
8.9344    7.11084
8.89314    7.1297
8.85187    7.1297
8.78997    7.1297
8.66617    7.14856
8.6249    7.18629
8.563    7.18629
8.52173    7.18629
8.48046    7.20515
8.37729    7.20515
8.29476    7.22401
8.23286    7.24287
8.21222    7.24287
8.12969    7.26173
8.04715    7.29946
8.00589    7.29946
7.96462    7.29946
7.92335    7.29946
7.88208    7.29946
7.79955    7.29946
7.73765    7.29946
7.71701    7.29946
7.65511    7.29946
7.61385    7.29946
7.53131    7.29946
7.49004    7.29946
7.44878    7.29946
7.40751    7.29946
7.36624    7.29946
7.30434    7.2806
7.24244    7.26173
7.2218    7.2806
7.1599    7.26173
7.13927    7.26173
7.05673    7.24287
7.01547    7.22401
6.99483    7.22401
6.9742    7.22401
6.93293    7.20515
6.89166    7.18629
6.8504    7.18629
6.82976    7.16743
6.80913    7.14856
6.76786    7.16743
6.7266    7.16743
6.70596    7.16743
6.70596    7.18629
6.68533    7.20515
6.64406    7.18629
6.60279    7.22401
6.58216    7.24287
6.56153    7.24287
6.52026    7.2806
6.47899    7.29946
6.41709    7.31832
6.39646    7.31832
6.35519    7.31832
6.31392    7.29946
6.25202    7.35604
6.14885    7.33718
6.06632    7.35604
6.00441    7.33718
5.94251    7.35604
5.88061    7.33718
5.77744    7.35604
5.69491    7.35604
5.63301    7.35604
5.57111    7.35604
5.48857    7.35604
5.36477    7.35604
5.30287    7.35604
5.2616    7.35604
5.1997    7.35604
5.11716    7.35604
5.014    7.33718
4.97273    7.35604
4.91083    7.33718
4.84893    7.33718
4.80766    7.33718
4.70449    7.31832
4.62195    7.29946
4.56005    7.29946
4.51879    7.2806
4.45689    7.26173
4.33308    7.26173
4.27118    7.26173
4.22991    7.26173
4.18865    7.26173
4.14738    7.26173
4.04421    7.26173
3.96168    7.26173
3.92041    7.26173
3.85851    7.2806
3.81724    7.26173
3.71407    7.2806
3.63154    7.26173
3.56963    7.2806
3.52837    7.2806
3.46647    7.2806
3.3633    7.2806
3.32203    7.2806
3.26013    7.2806
3.19823    7.26173
3.17759    7.2806
3.07443    7.26173
3.03316    7.26173
2.99189    7.24287
2.92999    7.22401
2.86809    7.22401
2.76492    7.20515
2.70302    7.18629
2.66175    7.20515
