9.98672    7.99734
9.94546    7.99734
9.88356    7.99734
9.78039    7.97848
9.73912    7.97848
9.69785    7.97848
9.63595    7.97848
9.59468    7.97848
9.51215    7.99734
9.47088    7.99734
9.42961    7.99734
9.38835    7.99734
9.34708    7.99734
9.24391    8.0162
9.20264    8.0162
9.14074    8.03506
9.09947    8.03506
9.05821    8.05392
8.95504    8.07278
8.91377    8.07278
8.8725    8.07278
8.83124    8.07278
8.78997    8.07278
8.6868    8.09165
8.64553    8.09165
8.60426    8.09165
8.563    8.09165
8.52173    8.09165
8.41856    8.09165
8.37729    8.09165
8.31539    8.11051
8.27412    8.11051
8.23286    8.11051
8.12969    8.12937
8.08842    8.12937
8.04715    8.14823
8.00589    8.14823
7.96462    8.14823
7.88208    8.14823
7.82018    8.14823
7.77892    8.14823
7.73765    8.16709
7.67575    8.16709
7.57258    8.20482
7.51068    8.20482
7.46941    8.22368
7.42814    8.22368
7.36624    8.22368
7.28371    8.22368
7.2218    8.22368
7.18054    8.22368
7.11864    8.20482
7.05673    8.20482
6.95357    8.18595
6.89166    8.18595
6.82976    8.16709
6.7885    8.18595
6.7266    8.18595
6.62343    8.18595
6.58216    8.20482
6.52026    8.20482
6.47899    8.20482
6.43772    8.22368
6.33455    8.22368
6.29329    8.24254
6.25202    8.24254
6.19012    8.24254
6.14885    8.24254
6.04568    8.2614
5.98378    8.2614
5.94251    8.2614
5.88061    8.2614
5.83934    8.2614
5.75681    8.24254
5.71554    8.24254
5.67427    8.24254
5.61237    8.22368
5.57111    8.22368
5.4473    8.20482
5.3854    8.20482
5.3235    8.20482
5.2616    8.18595
5.22033    8.18595
5.11716    8.20482
5.0759    8.20482
5.03463    8.20482
4.99336    8.20482
4.95209    8.20482
4.86956    8.20482
4.80766    8.20482
4.76639    8.18595
4.72512    8.18595
4.68386    8.18595
4.58069    8.18595
4.53942    8.18595
4.49815    8.18595
4.45689    8.18595
4.41562    8.18595
4.35372    8.16709
4.31245    8.16709
4.27118    8.14823
4.22991    8.14823
4.16801    8.14823
4.08548    8.12937
4.04421    8.11051
3.98231    8.11051
3.94104    8.11051
3.89977    8.11051
3.81724    8.09165
3.75534    8.09165
3.7347    8.11051
3.69344    8.11051
3.65217    8.11051
3.56963    8.11051
3.52837    8.11051
3.4871    8.09165
3.44583    8.09165
3.40456    8.09165
3.32203    8.09165
3.28076    8.09165
3.2395    8.11051
3.19823    8.11051
3.15696    8.11051
3.07443    8.09165
3.03316    8.09165
2.99189    8.09165
2.95062    8.07278
2.90936    8.07278
2.82682    8.03506
2.76492    8.03506
2.72365    8.0162
2.68238    7.99734
2.64112    7.99734
2.55858    7.97848
