10.3994    5.60191
10.3581    5.60191
10.3169    5.60191
10.2343    5.60191
10.1931    5.60191
10.1518    5.60191
10.1105    5.60191
10.0486    5.60191
9.96609    5.58305
9.90419    5.58305
9.86292    5.58305
9.82165    5.56419
9.75975    5.56419
9.67722    5.56419
9.63595    5.56419
9.57405    5.56419
9.53278    5.56419
9.49151    5.56419
9.40898    5.54532
9.34708    5.54532
9.30581    5.54532
9.26454    5.54532
9.22328    5.54532
9.12011    5.54532
9.07884    5.54532
9.03757    5.54532
8.97567    5.54532
8.9344    5.54532
8.85187    5.54532
8.8106    5.52646
8.76933    5.52646
8.72807    5.52646
8.6868    5.5076
8.60426    5.5076
8.563    5.48874
8.52173    5.48874
8.48046    5.46988
8.43919    5.46988
8.33603    5.43215
8.29476    5.43215
8.25349    5.41329
8.21222    5.41329
8.17096    5.39443
8.08842    5.39443
8.02652    5.37557
7.98525    5.37557
7.94398    5.35671
7.90272    5.35671
7.82018    5.33785
7.75828    5.33785
7.71701    5.33785
7.67575    5.33785
7.61385    5.33785
7.53131    5.33785
7.49004    5.33785
7.42814    5.33785
7.38687    5.33785
7.34561    5.33785
7.26307    5.31898
7.2218    5.31898
7.18054    5.31898
7.13927    5.31898
7.098    5.31898
6.99483    5.30012
6.95357    5.30012
6.9123    5.28126
6.8504    5.28126
6.80913    5.28126
6.7266    5.28126
6.66469    5.28126
6.62343    5.28126
6.58216    5.28126
6.52026    5.28126
6.43772    5.28126
6.39646    5.30012
6.33455    5.30012
6.29329    5.30012
6.25202    5.30012
6.14885    5.31898
6.10758    5.31898
6.04568    5.33785
6.00441    5.33785
5.96315    5.35671
5.85998    5.35671
5.79808    5.37557
5.75681    5.37557
5.71554    5.37557
5.65364    5.37557
5.57111    5.37557
5.50921    5.37557
5.46794    5.37557
5.42667    5.37557
5.36477    5.37557
5.2616    5.37557
5.1997    5.37557
5.15843    5.37557
5.09653    5.37557
5.05526    5.37557
4.95209    5.39443
4.91083    5.39443
4.84893    5.39443
4.80766    5.41329
4.76639    5.41329
4.66322    5.41329
4.62195    5.43215
4.58069    5.43215
4.53942    5.45102
4.47752    5.45102
4.39498    5.46988
4.35372    5.48874
4.31245    5.48874
4.25055    5.5076
4.20928    5.5076
4.12675    5.5076
4.08548    5.5076
4.04421    5.5076
4.00294    5.5076
3.96168    5.5076
3.87914    5.5076
3.83787    5.5076
3.77597    5.5076
3.7347    5.5076
3.69344    5.5076
3.59027    5.5076
3.549    5.5076
3.50773    5.5076
3.46647    5.5076
3.40456    5.5076
3.32203    5.52646
3.28076    5.52646
3.2395    5.52646
3.19823    5.52646
3.15696    5.54532
3.07443    5.54532
3.03316    5.56419
2.99189    5.58305
2.92999    5.58305
2.88872    5.58305
2.80619    5.60191
2.76492    5.60191
2.72365    5.60191
2.68238    5.60191
2.64112    5.60191
2.57922    5.60191
2.53795    5.60191
2.49668    5.60191
2.45541    5.60191
2.41415    5.60191
2.35224    5.58305
