10.9771    5.16809
10.9359    5.16809
10.8946    5.18695
10.8121    5.18695
10.7708    5.20581
10.7295    5.20581
10.6883    5.20581
10.647    5.20581
10.5851    5.20581
10.5438    5.22468
10.5026    5.22468
10.4613    5.22468
10.42    5.22468
10.3375    5.22468
10.2962    5.22468
10.255    5.22468
10.2137    5.20581
10.1724    5.20581
10.0693    5.20581
10.028    5.20581
10.0074    5.20581
9.96609    5.20581
9.92482    5.20581
9.86292    5.22468
9.82165    5.22468
9.78039    5.22468
9.73912    5.22468
9.69785    5.24354
9.61532    5.24354
9.57405    5.24354
9.53278    5.2624
9.49151    5.2624
9.45025    5.2624
9.36771    5.28126
9.32644    5.28126
9.28518    5.28126
9.24391    5.28126
9.20264    5.28126
9.12011    5.28126
9.07884    5.28126
9.03757    5.2624
8.99631    5.2624
8.95504    5.2624
8.8725    5.24354
8.83124    5.22468
8.78997    5.22468
8.7487    5.22468
8.70743    5.22468
8.6249    5.22468
8.58363    5.22468
8.563    5.22468
8.52173    5.22468
8.48046    5.22468
8.41856    5.24354
8.37729    5.24354
8.33603    5.24354
8.29476    5.2624
8.25349    5.2624
8.17096    5.28126
8.12969    5.30012
8.08842    5.30012
8.06779    5.30012
8.02652    5.31898
7.94398    5.31898
7.90272    5.31898
7.86145    5.31898
7.82018    5.31898
7.77892    5.30012
7.69638    5.30012
7.63448    5.30012
7.59321    5.30012
7.55194    5.30012
7.51068    5.30012
7.44878    5.30012
7.40751    5.30012
7.36624    5.30012
7.32497    5.30012
7.28371    5.30012
7.20117    5.31898
7.1599    5.31898
7.098    5.33785
7.05673    5.33785
7.01547    5.35671
6.93293    5.37557
6.89166    5.37557
6.8504    5.39443
6.80913    5.39443
6.76786    5.39443
6.68533    5.39443
6.64406    5.39443
6.58216    5.39443
6.54089    5.39443
6.49962    5.39443
6.41709    5.39443
6.35519    5.39443
6.31392    5.39443
6.27265    5.39443
6.23139    5.39443
6.12822    5.39443
6.08695    5.41329
6.04568    5.41329
6.00441    5.41329
5.96315    5.43215
5.88061    5.43215
5.81871    5.45102
5.77744    5.45102
5.73618    5.46988
5.67427    5.48874
5.59174    5.48874
5.52984    5.5076
5.48857    5.5076
5.4473    5.52646
5.40604    5.52646
5.3235    5.52646
5.28223    5.52646
5.24097    5.52646
5.1997    5.52646
5.15843    5.52646
5.05526    5.52646
5.014    5.52646
4.97273    5.52646
4.91083    5.52646
4.86956    5.52646
4.78702    5.52646
4.74576    5.52646
4.70449    5.52646
4.66322    5.52646
4.62195    5.52646
4.53942    5.52646
4.49815    5.54532
4.45689    5.54532
4.41562    5.54532
4.35372    5.56419
4.27118    5.58305
4.22991    5.58305
4.18865    5.58305
4.14738    5.58305
4.10611    5.60191
4.02358    5.60191
3.98231    5.60191
3.94104    5.60191
3.89977    5.60191
3.85851    5.58305
3.79661    5.58305
3.75534    5.56419
3.71407    5.56419
3.6728    5.54532
3.63154    5.54532
3.549    5.52646
3.50773    5.52646
3.46647    5.52646
3.4252    5.52646
3.38393    5.5076
3.32203    5.5076
3.28076    5.5076
3.2395    5.5076
3.19823    5.5076
3.15696    5.5076
3.09506    5.5076
3.05379    5.5076
3.01252    5.5076
2.97126    5.5076
2.92999    5.52646
2.86809    5.52646
2.82682    5.52646
2.78555    5.52646
2.74429    5.52646
2.72365    5.52646
2.66175    5.5076
2.62048    5.5076
2.59985    5.48874
2.55858    5.48874
2.53795    5.46988
2.47605    5.45102
2.43478    5.43215
2.41415    5.43215
2.37288    5.41329
