4.76639    6.3941
4.80766    6.3941
4.86956    6.3941
4.95209    6.3941
5.014    6.3941
5.0759    6.3941
5.11716    6.3941
5.17907    6.3941
5.30287    6.3941
5.34414    6.3941
5.40604    6.41296
5.42667    6.3941
5.48857    6.41296
5.57111    6.41296
5.63301    6.41296
5.69491    6.41296
5.73618    6.43182
5.79808    6.45068
5.92188    6.45068
5.96315    6.45068
6.02505    6.45068
6.04568    6.45068
6.10758    6.45068
6.16948    6.45068
6.23139    6.45068
6.27265    6.45068
6.31392    6.45068
6.35519    6.45068
6.43772    6.43182
6.47899    6.45068
6.54089    6.43182
6.60279    6.43182
6.62343    6.43182
6.7266    6.43182
6.76786    6.43182
6.80913    6.43182
6.8504    6.43182
6.89166    6.43182
6.99483    6.43182
7.05673    6.43182
7.098    6.43182
7.13927    6.43182
7.18054    6.41296
7.28371    6.3941
7.34561    6.41296
7.38687    6.3941
7.42814    6.41296
7.46941    6.3941
7.55194    6.3941
7.59321    6.37524
7.63448    6.35637
7.67575    6.35637
7.71701    6.33751
7.79955    6.29979
7.86145    6.28093
7.92335    6.28093
7.94398    6.26207
8.00589    6.22434
8.08842    6.18662
8.12969    6.16776
8.17096    6.16776
8.21222    6.16776
8.25349    6.1489
8.33603    6.11117
8.39793    6.09231
8.45983    6.11117
8.48046    6.07345
8.54236    6.07345
8.6249    6.05459
8.6868    6.07345
8.7487    6.03573
8.78997    6.03573
8.83124    6.03573
8.91377    6.01687
8.95504    6.03573
8.99631    6.01687
9.03757    6.03573
9.07884    6.01687
9.16137    6.01687
9.20264    6.01687
9.24391    6.01687
9.30581    6.01687
9.36771    6.01687
9.42961    6.01687
9.49151    6.01687
9.53278    6.01687
9.57405    6.01687
9.61532    6.03573
9.69785    6.01687
9.73912    6.03573
9.78039    6.03573
9.82165    6.03573
9.86292    6.03573
9.94546    6.05459
9.98672    6.07345
10.028    6.07345
10.0693    6.09231
10.1105    6.11117
10.1931    6.11117
10.2343    6.13004
10.2756    6.1489
10.3169    6.13004
10.3375    6.1489
10.4407    6.1489
10.4613    6.1489
10.5026    6.1489
10.5438    6.1489
10.5851    6.1489
10.6676    6.1489
10.7089    6.1489
10.7502    6.1489
10.7914    6.1489
10.8327    6.16776
10.9152    6.18662
10.9565    6.18662
10.9978    6.18662
11.039    6.18662
11.0597    6.20548
11.1216    6.2432
11.1835    6.2432
11.2041    6.26207
11.2454    6.2432
11.2866    6.28093
11.3692    6.29979
11.4105    6.29979
11.4517    6.29979
11.493    6.31865
11.5136    6.33751
11.5549    6.33751
11.5962    6.33751
11.6374    6.33751
11.6581    6.33751
11.6993    6.35637
11.7819    6.37524
11.8025    6.35637
11.8231    6.37524
11.885    6.35637
11.9057    6.37524
11.9882    6.35637
12.0295    6.37524
12.0707    6.35637
12.112    6.37524
12.1533    6.35637
12.2152    6.3941
12.2358    6.3941
12.2771    6.3941
12.3183    6.3941
12.339    6.41296
12.4009    6.41296
