10.8327    7.24287
10.7914    7.24287
10.7502    7.24287
10.6676    7.24287
10.6264    7.26173
10.5851    7.24287
10.5438    7.24287
10.4819    7.26173
10.3788    7.26173
10.3375    7.2806
10.2962    7.2806
10.255    7.2806
10.1931    7.2806
10.0899    7.29946
10.0693    7.29946
10.0074    7.29946
9.98672    7.29946
9.92482    7.2806
9.84229    7.2806
9.80102    7.26173
9.75975    7.26173
9.69785    7.24287
9.63595    7.22401
9.55342    7.20515
9.51215    7.18629
9.47088    7.18629
9.42961    7.18629
9.38835    7.18629
9.30581    7.18629
9.26454    7.18629
9.22328    7.18629
9.18201    7.18629
9.14074    7.18629
9.05821    7.20515
8.99631    7.22401
8.9344    7.22401
8.91377    7.24287
8.85187    7.24287
8.76933    7.26173
8.72807    7.26173
8.6868    7.2806
8.64553    7.2806
8.60426    7.2806
8.54236    7.2806
8.48046    7.2806
8.43919    7.26173
8.39793    7.26173
8.35666    7.24287
8.27412    7.22401
8.23286    7.22401
8.19159    7.22401
8.15032    7.20515
8.10905    7.20515
8.02652    7.20515
7.98525    7.20515
7.94398    7.20515
7.92335    7.20515
7.86145    7.20515
7.79955    7.20515
7.75828    7.20515
7.71701    7.20515
7.67575    7.22401
7.63448    7.22401
7.55194    7.24287
7.51068    7.24287
7.46941    7.24287
7.42814    7.24287
7.38687    7.24287
7.32497    7.24287
7.30434    7.24287
7.24244    7.24287
7.2218    7.24287
7.18054    7.24287
7.098    7.22401
7.05673    7.20515
7.01547    7.20515
6.9742    7.18629
6.9123    7.16743
6.8504    7.16743
6.7885    7.16743
6.76786    7.16743
6.70596    7.16743
6.68533    7.16743
6.58216    7.16743
6.54089    7.16743
6.49962    7.16743
6.45836    7.16743
6.41709    7.18629
6.31392    7.18629
6.25202    7.20515
6.21075    7.20515
6.16948    7.22401
6.12822    7.22401
6.04568    7.22401
5.98378    7.22401
5.92188    7.22401
5.90125    7.22401
5.83934    7.22401
5.75681    7.20515
5.71554    7.18629
5.65364    7.18629
5.59174    7.16743
5.55047    7.16743
5.46794    7.14856
5.40604    7.14856
5.34414    7.16743
5.3235    7.16743
5.2616    7.16743
5.1997    7.16743
5.11716    7.16743
5.0759    7.18629
5.03463    7.18629
4.97273    7.18629
4.89019    7.20515
4.84893    7.22401
4.80766    7.22401
4.74576    7.22401
4.68386    7.22401
4.62195    7.22401
4.56005    7.22401
4.53942    7.22401
4.47752    7.22401
4.43625    7.22401
4.35372    7.20515
4.31245    7.18629
4.25055    7.18629
4.18865    7.16743
4.16801    7.16743
4.06484    7.14856
4.02358    7.14856
3.98231    7.14856
3.94104    7.14856
3.89977    7.16743
3.81724    7.16743
3.77597    7.16743
3.7347    7.16743
3.6728    7.18629
3.6109    7.18629
3.549    7.20515
3.4871    7.20515
3.46647    7.20515
3.40456    7.20515
3.38393    7.22401
3.28076    7.22401
3.26013    7.22401
3.19823    7.22401
3.17759    7.22401
3.11569    7.20515
3.05379    7.20515
2.99189    7.18629
2.95062    7.18629
2.90936    7.16743
2.86809    7.16743
2.78555    7.14856
2.74429    7.14856
2.70302    7.14856
2.66175    7.14856
2.62048    7.14856
2.53795    7.14856
2.49668    7.14856
2.45541    7.16743
2.41415    7.16743
2.37288    7.16743
