11.2247    6.43182
11.1835    6.43182
11.1628    6.45068
11.1009    6.45068
11.039    6.45068
11.0184    6.46954
10.9771    6.48841
10.9359    6.48841
10.874    6.48841
10.8533    6.48841
10.8121    6.48841
10.7708    6.48841
10.7295    6.48841
10.6676    6.48841
10.647    6.48841
10.5851    6.48841
10.5645    6.46954
10.5232    6.48841
10.4407    6.45068
10.3994    6.45068
10.3581    6.43182
10.3169    6.45068
10.2962    6.43182
10.2343    6.45068
10.1931    6.43182
10.1518    6.45068
10.1312    6.43182
10.1105    6.45068
10.028    6.43182
9.98672    6.45068
9.96609    6.43182
9.94546    6.46954
9.88356    6.46954
9.82165    6.48841
9.78039    6.48841
9.73912    6.48841
9.69785    6.50727
9.65658    6.52613
9.59468    6.52613
9.59468    6.52613
9.55342    6.52613
9.53278    6.52613
9.49151    6.52613
9.45025    6.52613
9.42961    6.52613
9.40898    6.52613
9.36771    6.50727
9.34708    6.52613
9.32644    6.48841
9.28518    6.48841
9.26454    6.48841
9.24391    6.46954
9.20264    6.48841
9.16137    6.46954
9.14074    6.48841
9.12011    6.46954
9.07884    6.48841
9.05821    6.46954
9.03757    6.50727
8.99631    6.50727
8.97567    6.52613
8.97567    6.50727
8.95504    6.54499
8.89314    6.56385
8.89314    6.56385
8.8725    6.58271
8.85187    6.62044
8.85187    6.6393
8.8106    6.6393
8.78997    6.65816
8.76933    6.69588
8.76933    6.71475
8.7487    6.71475
8.70743    6.73361
8.6868    6.75247
8.6868    6.75247
8.6868    6.75247
8.66617    6.77133
8.6249    6.80905
8.60426    6.80905
8.60426    6.82792
8.58363    6.80905
8.563    6.84678
8.563    6.86564
8.54236    6.86564
8.52173    6.86564
8.52173    6.86564
8.5011    6.8845
8.45983    6.90336
8.45983    6.90336
8.43919    6.90336
8.45983    6.92222
8.41856    6.94109
8.37729    6.94109
8.35666    6.94109
8.35666    6.94109
8.33603    6.94109
8.29476    6.94109
8.23286    6.94109
8.21222    6.94109
8.17096    6.92222
8.12969    6.94109
8.08842    6.92222
8.02652    6.90336
8.00589    6.8845
7.96462    6.8845
7.92335    6.8845
7.90272    6.8845
7.84082    6.86564
7.77892    6.84678
7.77892    6.86564
7.73765    6.84678
7.69638    6.86564
7.63448    6.84678
7.57258    6.86564
7.55194    6.84678
7.49004    6.86564
7.46941    6.86564
7.36624    6.86564
7.34561    6.86564
7.28371    6.86564
7.26307    6.86564
7.20117    6.86564
7.13927    6.84678
7.07737    6.86564
7.05673    6.82792
6.99483    6.80905
6.9742    6.80905
6.89166    6.79019
6.8504    6.75247
6.80913    6.73361
6.76786    6.73361
6.7266    6.73361
6.66469    6.71475
6.62343    6.69588
6.58216    6.69588
6.54089    6.69588
6.49962    6.67702
6.41709    6.65816
6.37582    6.67702
6.33455    6.65816
6.27265    6.67702
6.21075    6.65816
6.12822    6.67702
6.08695    6.65816
6.04568    6.67702
5.98378    6.65816
5.92188    6.67702
5.85998    6.65816
5.79808    6.65816
5.75681    6.65816
5.71554    6.65816
5.67427    6.6393
5.59174    6.60158
5.52984    6.58271
5.46794    6.58271
5.42667    6.56385
5.3854    6.54499
5.30287    6.54499
5.24097    6.54499
5.17907    6.54499
5.15843    6.52613
5.09653    6.50727
5.03463    6.52613
4.95209    6.50727
4.91083    6.52613
4.86956    6.50727
4.82829    6.52613
4.72512    6.52613
4.70449    6.52613
4.64259    6.52613
4.60132    6.52613
4.56005    6.52613
4.47752    6.52613
4.43625    6.50727
4.39498    6.52613
4.35372    6.50727
4.31245    6.50727
4.22991    6.48841
4.18865    6.46954
4.14738    6.46954
4.10611    6.45068
4.04421    6.43182
3.94104    6.43182
3.92041    6.43182
3.85851    6.43182
3.83787    6.43182
3.77597    6.43182
3.69344    6.43182
3.65217    6.43182
3.6109    6.43182
3.56963    6.43182
3.52837    6.43182
3.44583    6.43182
3.38393    6.45068
3.32203    6.43182
3.3014    6.46954
3.2395    6.46954
3.17759    6.46954
3.11569    6.46954
3.07443    6.46954
3.03316    6.48841
2.99189    6.46954
2.90936    6.46954
2.86809    6.46954
2.82682    6.46954
2.78555    6.45068
