11.8438    7.01653
11.8025    7.01653
11.7612    7.01653
11.6787    7.01653
11.6374    6.99767
11.5755    6.99767
11.5343    6.97881
11.493    6.97881
11.4105    6.95995
11.3692    6.95995
11.3279    6.95995
11.2866    6.95995
11.2454    6.97881
11.1835    6.97881
11.1422    6.99767
11.1009    6.99767
11.0597    7.01653
11.0184    7.03539
10.9359    7.07312
10.8946    7.09198
10.8533    7.11084
10.8121    7.1297
10.7708    7.14856
10.7089    7.16743
10.6676    7.18629
10.6264    7.18629
10.6057    7.18629
10.5645    7.20515
10.5026    7.20515
10.4613    7.18629
10.42    7.18629
10.3788    7.18629
10.3581    7.16743
10.2756    7.14856
10.2343    7.1297
10.1931    7.1297
10.1518    7.1297
10.1105    7.1297
10.0486    7.1297
10.0074    7.1297
9.98672    7.1297
9.94546    7.1297
9.92482    7.1297
9.86292    7.14856
9.82165    7.16743
9.80102    7.16743
9.75975    7.18629
9.73912    7.20515
9.65658    7.24287
9.61532    7.26173
9.59468    7.2806
9.55342    7.2806
9.51215    7.29946
9.47088    7.29946
9.45025    7.29946
9.40898    7.29946
9.38835    7.29946
9.36771    7.2806
9.32644    7.26173
9.30581    7.26173
9.28518    7.24287
9.26454    7.24287
9.24391    7.22401
9.18201    7.20515
9.16137    7.20515
9.14074    7.20515
9.12011    7.20515
9.12011    7.18629
9.07884    7.18629
9.05821    7.18629
9.03757    7.18629
9.01694    7.18629
8.99631    7.18629
8.95504    7.18629
8.9344    7.20515
8.91377    7.20515
8.8725    7.20515
8.85187    7.22401
8.8106    7.24287
8.78997    7.24287
8.76933    7.26173
8.7487    7.26173
8.72807    7.26173
8.70743    7.26173
8.6868    7.26173
8.6868    7.26173
8.66617    7.26173
8.64553    7.26173
8.64553    7.24287
8.6249    7.22401
8.6249    7.22401
8.60426    7.22401
8.60426    7.20515
8.563    7.20515
8.54236    7.22401
8.52173    7.22401
8.5011    7.22401
8.48046    7.22401
8.43919    7.24287
8.41856    7.26173
8.39793    7.2806
8.37729    7.29946
8.35666    7.31832
8.29476    7.33718
8.27412    7.35604
8.25349    7.3749
8.21222    7.3749
8.19159    7.3749
8.12969    7.39377
8.08842    7.39377
8.06779    7.39377
8.02652    7.39377
7.98525    7.39377
7.90272    7.41263
7.86145    7.41263
7.79955    7.41263
7.75828    7.43149
7.69638    7.43149
7.61385    7.45035
7.57258    7.45035
7.53131    7.46921
7.49004    7.48807
7.44878    7.48807
7.36624    7.5258
7.32497    7.54466
7.28371    7.56352
7.2218    7.58238
7.18054    7.60124
7.07737    7.65783
7.01547    7.67669
6.9742    7.69555
6.9123    7.71441
6.87103    7.73327
6.7885    7.75214
6.7266    7.75214
6.68533    7.75214
6.62343    7.75214
6.58216    7.75214
6.47899    7.75214
6.43772    7.75214
6.37582    7.75214
6.31392    7.75214
6.27265    7.75214
6.19012    7.771
6.12822    7.771
6.08695    7.78986
6.04568    7.78986
6.00441    7.80872
5.90125    7.82758
5.85998    7.84644
5.79808    7.84644
5.75681    7.86531
5.69491    7.88417
5.59174    7.90303
5.55047    7.92189
5.48857    7.92189
5.4473    7.94075
5.40604    7.94075
5.3235    7.94075
5.2616    7.92189
5.22033    7.92189
5.17907    7.92189
5.1378    7.90303
5.03463    7.88417
4.97273    7.86531
4.93146    7.86531
4.89019    7.86531
4.82829    7.86531
4.74576    7.86531
4.70449    7.86531
4.66322    7.88417
4.62195    7.88417
4.58069    7.88417
4.49815    7.90303
4.43625    7.90303
4.39498    7.92189
4.33308    7.94075
4.29182    7.95961
4.18865    7.99734
4.14738    8.0162
4.10611    8.0162
4.04421    8.03506
4.00294    8.03506
3.92041    8.03506
3.87914    8.03506
3.83787    8.03506
3.79661    8.03506
3.75534    8.0162
3.69344    7.99734
3.65217    7.99734
3.6109    7.97848
3.56963    7.97848
3.50773    7.95961
3.4252    7.95961
3.38393    7.95961
3.34266    7.95961
3.3014    7.95961
3.26013    7.95961
3.19823    7.97848
3.15696    7.97848
3.11569    7.99734
3.07443    8.0162
3.03316    8.0162
2.95062    8.05392
2.90936    8.07278
2.86809    8.09165
2.82682    8.09165
