12.1945    7.50694
12.1533    7.5258
12.112    7.5258
12.0501    7.54466
12.0088    7.56352
11.9882    7.56352
11.9469    7.56352
11.9263    7.56352
11.8644    7.56352
11.8231    7.56352
11.7819    7.54466
11.7406    7.54466
11.6993    7.54466
11.6374    7.5258
11.5962    7.5258
11.5549    7.5258
11.5136    7.50694
11.4724    7.50694
11.4105    7.48807
11.3692    7.48807
11.3279    7.48807
11.2866    7.48807
11.266    7.48807
11.1835    7.48807
11.1422    7.48807
11.1216    7.48807
11.0803    7.48807
11.039    7.48807
10.9771    7.50694
10.9359    7.50694
10.8946    7.5258
10.874    7.5258
10.8533    7.5258
10.7914    7.5258
10.7502    7.5258
10.7295    7.5258
10.6883    7.50694
10.6676    7.50694
10.6057    7.48807
10.5851    7.48807
10.5438    7.46921
10.5232    7.46921
10.5026    7.45035
10.4407    7.43149
10.42    7.43149
10.3994    7.41263
10.3788    7.41263
10.3375    7.41263
10.2962    7.39377
10.2756    7.39377
10.255    7.39377
10.2343    7.39377
10.2137    7.39377
10.1518    7.39377
10.1312    7.39377
10.1105    7.39377
10.0899    7.39377
10.0486    7.39377
10.0074    7.39377
9.98672    7.39377
9.96609    7.39377
9.94546    7.39377
9.90419    7.39377
9.86292    7.39377
9.84229    7.39377
9.82165    7.3749
9.80102    7.3749
9.78039    7.3749
9.73912    7.35604
9.71849    7.33718
9.69785    7.31832
9.67722    7.31832
9.65658    7.31832
9.61532    7.29946
9.59468    7.29946
9.57405    7.2806
9.57405    7.2806
9.55342    7.2806
9.51215    7.26173
9.49151    7.26173
9.47088    7.26173
9.47088    7.26173
9.45025    7.26173
9.40898    7.2806
9.38835    7.2806
9.38835    7.29946
9.36771    7.29946
9.34708    7.31832
9.30581    7.33718
9.28518    7.35604
9.28518    7.35604
9.26454    7.3749
9.24391    7.3749
9.20264    7.39377
9.18201    7.39377
9.16137    7.39377
9.14074    7.39377
9.14074    7.41263
9.09947    7.39377
9.07884    7.39377
9.05821    7.39377
9.03757    7.3749
9.01694    7.3749
8.97567    7.35604
8.97567    7.33718
8.95504    7.33718
8.9344    7.31832
8.91377    7.31832
8.8725    7.29946
8.85187    7.2806
8.83124    7.2806
8.8106    7.2806
8.78997    7.2806
8.72807    7.29946
8.70743    7.29946
8.6868    7.29946
8.66617    7.31832
8.6249    7.33718
8.563    7.35604
8.54236    7.3749
8.5011    7.39377
8.48046    7.41263
8.43919    7.45035
8.37729    7.50694
8.33603    7.5258
8.31539    7.54466
8.27412    7.56352
8.23286    7.58238
8.17096    7.60124
8.12969    7.60124
8.08842    7.62011
8.06779    7.62011
8.02652    7.63897
7.94398    7.63897
7.90272    7.65783
7.84082    7.65783
7.79955    7.65783
7.75828    7.65783
7.67575    7.67669
7.61385    7.69555
7.57258    7.69555
7.53131    7.71441
7.49004    7.73327
7.40751    7.75214
7.36624    7.75214
7.32497    7.771
7.26307    7.78986
7.2218    7.80872
7.13927    7.82758
7.07737    7.84644
7.0361    7.86531
6.99483    7.88417
6.95357    7.90303
6.8504    7.90303
6.80913    7.92189
6.76786    7.92189
6.7266    7.92189
6.68533    7.92189
6.58216    7.92189
6.54089    7.92189
6.47899    7.92189
6.43772    7.92189
6.37582    7.92189
6.29329    7.92189
6.23139    7.92189
6.19012    7.92189
6.12822    7.94075
6.08695    7.94075
6.00441    7.95961
5.96315    7.95961
5.90125    7.97848
5.85998    7.97848
5.81871    7.97848
5.71554    7.99734
5.67427    8.0162
5.61237    8.0162
5.57111    8.03506
5.52984    8.05392
5.42667    8.07278
5.3854    8.07278
5.34414    8.07278
5.28223    8.07278
5.24097    8.07278
5.15843    8.07278
5.09653    8.07278
5.05526    8.07278
5.014    8.07278
4.95209    8.07278
4.86956    8.07278
4.80766    8.07278
4.76639    8.09165
4.72512    8.09165
4.66322    8.09165
4.58069    8.11051
4.53942    8.12937
4.49815    8.14823
4.45689    8.14823
4.41562    8.14823
4.33308    8.16709
4.27118    8.18595
4.22991    8.20482
4.18865    8.22368
4.12675    8.22368
4.04421    8.2614
3.98231    8.2614
3.94104    8.28026
3.89977    8.28026
