11.5549    7.86531
11.5136    7.86531
11.493    7.86531
11.4105    7.84644
11.3692    7.82758
11.3279    7.84644
11.2866    7.82758
11.2454    7.84644
11.1628    7.84644
11.1216    7.84644
11.0803    7.84644
11.039    7.84644
10.9978    7.84644
10.9359    7.84644
10.8946    7.84644
10.8533    7.84644
10.8121    7.84644
10.7708    7.82758
10.7089    7.82758
10.6676    7.82758
10.6264    7.80872
10.5851    7.771
10.5438    7.771
10.4819    7.75214
10.4407    7.75214
10.3994    7.75214
10.3581    7.75214
10.3169    7.75214
10.255    7.73327
10.2137    7.71441
10.1724    7.73327
10.1518    7.71441
10.1105    7.73327
10.0486    7.71441
10.0074    7.73327
9.96609    7.73327
9.92482    7.73327
9.90419    7.73327
9.82165    7.75214
9.80102    7.771
9.75975    7.75214
9.73912    7.771
9.69785    7.75214
9.63595    7.771
9.61532    7.73327
9.57405    7.73327
9.55342    7.73327
9.51215    7.71441
9.45025    7.69555
9.40898    7.65783
9.36771    7.63897
9.34708    7.63897
9.30581    7.62011
9.24391    7.58238
9.20264    7.56352
9.16137    7.56352
9.14074    7.54466
9.09947    7.5258
9.03757    7.50694
8.99631    7.48807
8.97567    7.48807
8.9344    7.48807
8.89314    7.46921
8.83124    7.43149
8.78997    7.43149
8.7487    7.41263
8.70743    7.43149
8.66617    7.41263
8.60426    7.43149
8.563    7.41263
8.52173    7.41263
8.5011    7.41263
8.45983    7.41263
8.39793    7.39377
8.35666    7.3749
8.33603    7.3749
8.29476    7.3749
8.25349    7.35604
8.19159    7.31832
8.15032    7.29946
8.10905    7.29946
8.06779    7.2806
8.02652    7.26173
7.94398    7.26173
7.90272    7.24287
7.86145    7.22401
7.82018    7.22401
7.77892    7.22401
7.69638    7.22401
7.65511    7.20515
7.61385    7.18629
7.57258    7.20515
7.53131    7.18629
7.42814    7.20515
7.38687    7.18629
7.32497    7.20515
7.28371    7.18629
7.24244    7.20515
7.13927    7.20515
7.098    7.20515
7.05673    7.20515
7.01547    7.20515
6.9742    7.20515
6.89166    7.18629
6.8504    7.20515
6.7885    7.18629
6.74723    7.18629
6.70596    7.18629
6.60279    7.16743
6.56153    7.14856
6.52026    7.16743
6.45836    7.14856
6.41709    7.14856
6.31392    7.14856
6.27265    7.14856
6.23139    7.14856
6.19012    7.16743
6.14885    7.14856
6.06632    7.16743
6.00441    7.14856
5.96315    7.18629
5.92188    7.18629
5.88061    7.18629
5.77744    7.20515
5.73618    7.20515
5.69491    7.22401
5.63301    7.24287
5.59174    7.22401
5.50921    7.26173
5.46794    7.26173
5.42667    7.26173
5.3854    7.26173
5.34414    7.26173
5.2616    7.26173
5.1997    7.26173
5.15843    7.26173
5.11716    7.24287
5.05526    7.22401
4.97273    7.24287
4.91083    7.22401
4.86956    7.24287
4.82829    7.22401
4.78702    7.24287
4.70449    7.22401
4.66322    7.24287
4.62195    7.22401
4.58069    7.24287
4.53942    7.24287
4.45689    7.24287
4.41562    7.26173
4.37435    7.2806
4.33308    7.2806
4.29182    7.2806
4.20928    7.29946
4.16801    7.31832
4.12675    7.31832
4.08548    7.31832
4.04421    7.31832
3.96168    7.33718
3.92041    7.35604
3.87914    7.33718
3.83787    7.35604
3.79661    7.33718
3.7347    7.35604
3.69344    7.33718
3.65217    7.33718
3.6109    7.33718
3.56963    7.33718
3.4871    7.33718
3.44583    7.33718
3.40456    7.33718
3.34266    7.33718
3.3014    7.33718
3.2395    7.33718
3.19823    7.33718
3.15696    7.35604
3.11569    7.33718
3.07443    7.35604
3.01252    7.35604
2.97126    7.3749
2.92999    7.39377
2.88872    7.39377
2.84745    7.39377
2.78555    7.41263
2.74429    7.45035
2.70302    7.45035
2.66175    7.46921
