11.1216    8.63863
11.0803    8.63863
11.039    8.63863
10.9565    8.61977
10.9152    8.61977
10.874    8.61977
10.8327    8.60091
10.7914    8.58205
10.7089    8.58205
10.6676    8.56319
10.6057    8.54433
10.5645    8.54433
10.5232    8.54433
10.4407    8.54433
10.3994    8.54433
10.3581    8.54433
10.3169    8.54433
10.2756    8.54433
10.1931    8.54433
10.1518    8.54433
10.1105    8.54433
10.0693    8.56319
10.0074    8.54433
9.92482    8.58205
9.88356    8.58205
9.84229    8.60091
9.80102    8.58205
9.75975    8.60091
9.67722    8.58205
9.63595    8.60091
9.59468    8.56319
9.55342    8.56319
9.51215    8.54433
9.45025    8.54433
9.40898    8.54433
9.36771    8.52546
9.32644    8.48774
9.28518    8.48774
9.20264    8.45002
9.16137    8.45002
9.12011    8.43116
9.07884    8.45002
9.03757    8.43116
8.97567    8.43116
8.9344    8.43116
8.89314    8.41229
8.85187    8.39343
8.8106    8.41229
8.7487    8.39343
8.70743    8.39343
8.66617    8.39343
8.6249    8.39343
8.58363    8.39343
8.5011    8.39343
8.45983    8.39343
8.41856    8.39343
8.37729    8.39343
8.33603    8.39343
8.27412    8.37457
8.23286    8.35571
8.19159    8.35571
8.17096    8.35571
8.12969    8.35571
8.06779    8.31799
8.02652    8.31799
7.98525    8.29912
7.94398    8.2614
7.90272    8.2614
7.84082    8.24254
7.79955    8.24254
7.75828    8.24254
7.71701    8.24254
7.67575    8.24254
7.61385    8.22368
7.57258    8.20482
7.53131    8.22368
7.49004    8.20482
7.44878    8.22368
7.36624    8.22368
7.32497    8.22368
7.26307    8.22368
7.2218    8.24254
7.18054    8.2614
7.07737    8.2614
7.0361    8.2614
6.99483    8.2614
6.95357    8.28026
6.9123    8.29912
6.82976    8.29912
6.7885    8.29912
6.74723    8.29912
6.70596    8.31799
6.66469    8.33685
6.58216    8.33685
6.54089    8.33685
6.49962    8.33685
6.43772    8.33685
6.39646    8.33685
6.29329    8.33685
6.25202    8.33685
6.21075    8.35571
6.14885    8.37457
6.10758    8.35571
6.02505    8.39343
5.98378    8.39343
5.92188    8.39343
5.88061    8.41229
5.83934    8.39343
5.75681    8.41229
5.69491    8.41229
5.65364    8.41229
5.61237    8.43116
5.55047    8.45002
5.4473    8.45002
5.40604    8.46888
5.34414    8.48774
5.30287    8.48774
5.2616    8.48774
5.17907    8.5066
5.11716    8.52546
5.0759    8.5066
5.03463    8.5066
4.99336    8.5066
4.91083    8.5066
4.84893    8.48774
4.80766    8.46888
4.74576    8.46888
4.70449    8.46888
4.60132    8.45002
4.53942    8.43116
4.49815    8.45002
4.45689    8.43116
4.39498    8.45002
4.31245    8.43116
4.27118    8.45002
4.22991    8.45002
4.18865    8.45002
4.14738    8.45002
4.06484    8.45002
4.00294    8.45002
3.96168    8.46888
3.89977    8.48774
3.85851    8.48774
3.75534    8.48774
3.71407    8.48774
3.6728    8.5066
3.63154    8.52546
3.59027    8.5066
3.50773    8.52546
3.46647    8.5066
3.4252    8.5066
3.38393    8.5066
3.34266    8.48774
3.26013    8.45002
3.19823    8.45002
3.13633    8.43116
3.09506    8.43116
3.03316    8.43116
2.95062    8.43116
2.90936    8.43116
2.84745    8.45002
2.80619    8.43116
2.76492    8.45002
2.70302    8.45002
2.66175    8.45002
2.62048    8.45002
2.57922    8.45002
2.53795    8.45002
2.45541    8.46888
2.39351    8.48774
2.35224    8.48774
2.29034    8.5066
2.24908    8.52546
2.18718    8.5066
2.14591    8.54433
2.10464    8.54433
2.06337    8.54433
2.02211    8.56319
1.9602    8.52546
1.91894    8.52546
1.87767    8.52546
1.8364    8.52546
1.79513    8.5066
1.7126    8.5066
1.6507    8.5066
1.60943    8.5066
1.56816    8.5066
1.5269    8.5066
1.44436    8.48774
1.40309    8.46888
1.36183    8.48774
1.34119    8.48774
1.29992    8.48774
1.23802    8.48774
1.19676    8.48774
1.15549    8.48774
1.11422    8.48774
1.07295    8.5066
1.01105    8.52546
0.949151    8.52546
0.907884    8.54433
0.88725    8.56319
0.845983    8.54433
0.784082    8.56319
0.763448    8.54433
0.72218    8.56319
0.701547    8.54433
