12.2358    8.46888
12.1945    8.45002
12.1533    8.45002
12.0707    8.43116
12.0088    8.43116
11.9676    8.41229
11.9263    8.43116
11.885    8.43116
11.8025    8.43116
11.7612    8.43116
11.72    8.43116
11.6787    8.43116
11.6374    8.43116
11.5343    8.43116
11.493    8.43116
11.4517    8.45002
11.4105    8.45002
11.3485    8.46888
11.266    8.46888
11.2247    8.48774
11.1835    8.48774
11.1422    8.48774
11.1009    8.48774
11.0184    8.48774
10.9771    8.48774
10.9359    8.48774
10.8946    8.46888
10.8533    8.46888
10.7708    8.45002
10.7295    8.43116
10.6676    8.43116
10.6264    8.43116
10.5851    8.41229
10.5026    8.41229
10.4613    8.41229
10.42    8.41229
10.3788    8.41229
10.3375    8.41229
10.255    8.41229
10.2137    8.41229
10.1724    8.41229
10.1312    8.41229
10.0899    8.41229
10.0074    8.43116
9.96609    8.43116
9.90419    8.45002
9.86292    8.46888
9.82165    8.46888
9.73912    8.48774
9.69785    8.48774
9.65658    8.48774
9.61532    8.48774
9.59468    8.48774
9.51215    8.48774
9.47088    8.48774
9.42961    8.48774
9.38835    8.48774
9.34708    8.46888
9.28518    8.45002
9.24391    8.45002
9.20264    8.45002
9.18201    8.45002
9.14074    8.45002
9.05821    8.45002
9.03757    8.45002
8.99631    8.45002
8.95504    8.45002
8.91377    8.45002
8.85187    8.46888
8.8106    8.46888
8.78997    8.46888
8.7487    8.46888
8.72807    8.48774
8.64553    8.48774
8.6249    8.48774
8.58363    8.48774
8.54236    8.46888
8.5011    8.45002
8.43919    8.43116
8.39793    8.41229
8.35666    8.41229
8.31539    8.39343
8.27412    8.39343
8.21222    8.37457
8.17096    8.37457
8.12969    8.37457
8.10905    8.35571
8.06779    8.37457
8.00589    8.37457
7.96462    8.37457
7.92335    8.37457
7.88208    8.37457
7.84082    8.39343
7.75828    8.41229
7.71701    8.43116
7.67575    8.43116
7.63448    8.45002
7.59321    8.45002
7.53131    8.46888
7.49004    8.46888
7.44878    8.46888
7.40751    8.46888
7.36624    8.46888
7.28371    8.46888
7.24244    8.46888
7.20117    8.45002
7.1599    8.45002
7.11864    8.43116
7.0361    8.39343
6.9742    8.39343
6.93293    8.37457
6.87103    8.37457
6.82976    8.37457
6.74723    8.35571
6.70596    8.35571
6.64406    8.35571
6.60279    8.35571
6.56153    8.35571
6.47899    8.33685
6.43772    8.33685
6.39646    8.33685
6.33455    8.33685
6.29329    8.33685
6.19012    8.33685
6.14885    8.35571
6.08695    8.35571
6.04568    8.35571
5.98378    8.37457
5.90125    8.37457
5.83934    8.37457
5.79808    8.37457
5.73618    8.39343
5.69491    8.39343
5.59174    8.37457
5.55047    8.37457
5.48857    8.37457
5.4473    8.35571
5.3854    8.35571
5.28223    8.33685
5.24097    8.31799
5.17907    8.31799
5.1378    8.29912
5.0759    8.29912
4.99336    8.29912
4.93146    8.29912
4.89019    8.29912
4.82829    8.29912
4.78702    8.29912
4.68386    8.29912
4.64259    8.29912
4.58069    8.29912
4.53942    8.31799
4.47752    8.31799
4.37435    8.33685
4.33308    8.33685
4.27118    8.33685
4.22991    8.35571
4.16801    8.35571
4.08548    8.35571
4.02358    8.37457
3.98231    8.37457
3.94104    8.37457
3.89977    8.37457
3.81724    8.35571
3.75534    8.35571
3.71407    8.33685
3.6728    8.33685
3.6109    8.31799
3.52837    8.31799
3.46647    8.31799
3.4252    8.31799
3.38393    8.31799
3.34266    8.31799
3.2395    8.31799
3.19823    8.31799
3.15696    8.31799
3.11569    8.31799
3.07443    8.31799
2.99189    8.31799
2.92999    8.31799
2.88872    8.31799
2.84745    8.31799
2.78555    8.33685
2.70302    8.33685
2.64112    8.35571
2.59985    8.35571
2.55858    8.35571
2.49668    8.35571
2.41415    8.35571
2.37288    8.35571
2.33161    8.35571
2.29034    8.33685
2.24908    8.33685
2.16654    8.29912
2.10464    8.29912
2.06337    8.28026
2.02211    8.2614
1.98084    8.2614
1.8983    8.24254
1.8364    8.24254
1.79513    8.24254
1.75387    8.24254
1.7126    8.22368
1.63006    8.22368
1.60943    8.22368
1.56816    8.22368
1.5269    8.22368
