5.46794    6.97881
5.52984    6.95995
5.57111    6.97881
5.69491    6.94109
5.75681    6.92222
5.81871    6.94109
5.85998    6.92222
5.90125    6.94109
6.02505    6.92222
6.06632    6.94109
6.12822    6.92222
6.21075    6.94109
6.27265    6.92222
6.35519    6.95995
6.41709    6.95995
6.49962    6.97881
6.56153    6.97881
6.60279    6.97881
6.70596    6.97881
6.7885    6.99767
6.82976    6.99767
6.89166    6.99767
6.93293    6.99767
7.0361    6.97881
7.11864    6.95995
7.18054    6.95995
7.2218    6.95995
7.28371    6.94109
7.40751    6.90336
7.46941    6.8845
7.51068    6.8845
7.57258    6.8845
7.63448    6.86564
7.71701    6.84678
7.77892    6.86564
7.84082    6.84678
7.88208    6.84678
7.92335    6.84678
8.02652    6.84678
8.10905    6.84678
8.15032    6.84678
8.21222    6.86564
8.25349    6.84678
8.33603    6.8845
8.39793    6.8845
8.45983    6.8845
8.5011    6.8845
8.54236    6.8845
8.6249    6.8845
8.6868    6.8845
8.7487    6.8845
8.76933    6.8845
8.83124    6.8845
8.9344    6.8845
8.99631    6.90336
9.03757    6.8845
9.09947    6.90336
9.16137    6.90336
9.24391    6.90336
9.30581    6.90336
9.36771    6.8845
9.40898    6.90336
9.45025    6.8845
9.53278    6.8845
9.57405    6.86564
9.61532    6.84678
9.65658    6.86564
9.69785    6.84678
9.80102    6.86564
9.86292    6.86564
9.90419    6.84678
9.96609    6.86564
10.028    6.84678
10.0899    6.84678
10.1518    6.82792
10.1724    6.79019
10.2137    6.79019
10.255    6.77133
10.3169    6.79019
10.3375    6.79019
10.3994    6.79019
10.4407    6.79019
10.4819    6.79019
10.6057    6.79019
10.6676    6.79019
10.7502    6.80905
10.8121    6.84678
10.874    6.84678
11.039    6.86564
11.1009    6.86564
11.1628    6.86564
11.2247    6.8845
11.266    6.90336
11.3898    6.90336
11.4517    6.90336
11.5343    6.90336
11.5755    6.90336
11.6374    6.90336
11.6993    6.90336
11.7612    6.92222
11.7819    6.94109
11.8438    6.92222
11.8644    6.94109
11.9676    6.92222
12.0088    6.92222
12.0501    6.92222
12.0914    6.92222
12.1326    6.92222
12.2152    6.90336
12.2564    6.8845
12.2977    6.90336
12.339    6.90336
12.3802    6.90336
12.4628    6.92222
12.504    6.94109
12.5453    6.94109
12.5866    6.94109
12.6278    6.95995
12.6897    6.97881
