5.0759    7.80872
5.1378    7.80872
5.1997    7.78986
5.28223    7.78986
5.34414    7.771
5.40604    7.771
5.4473    7.771
5.48857    7.771
5.59174    7.771
5.65364    7.771
5.69491    7.771
5.73618    7.771
5.79808    7.78986
5.90125    7.78986
5.94251    7.80872
5.98378    7.80872
6.02505    7.80872
6.08695    7.80872
6.19012    7.80872
6.21075    7.80872
6.27265    7.80872
6.31392    7.80872
6.35519    7.80872
6.43772    7.78986
6.47899    7.78986
6.52026    7.78986
6.56153    7.78986
6.60279    7.78986
6.68533    7.78986
6.7266    7.78986
6.76786    7.78986
6.80913    7.78986
6.8504    7.78986
6.93293    7.78986
6.9742    7.80872
7.0361    7.80872
7.07737    7.80872
7.11864    7.80872
7.20117    7.82758
7.24244    7.82758
7.28371    7.82758
7.32497    7.82758
7.36624    7.82758
7.44878    7.82758
7.49004    7.82758
7.53131    7.82758
7.57258    7.82758
7.61385    7.80872
7.69638    7.80872
7.73765    7.80872
7.77892    7.80872
7.82018    7.80872
7.86145    7.80872
7.94398    7.80872
8.00589    7.80872
8.02652    7.80872
8.08842    7.80872
8.10905    7.82758
8.21222    7.82758
8.23286    7.84644
8.29476    7.84644
8.31539    7.86531
8.37729    7.86531
8.43919    7.88417
8.5011    7.90303
8.54236    7.90303
8.58363    7.90303
8.6249    7.92189
8.72807    7.92189
8.78997    7.92189
8.83124    7.92189
8.8725    7.92189
8.9344    7.92189
9.03757    7.92189
9.07884    7.92189
9.12011    7.94075
9.18201    7.94075
9.24391    7.94075
9.32644    7.95961
9.38835    7.95961
9.45025    7.95961
9.47088    7.97848
9.55342    7.97848
9.65658    7.99734
9.69785    7.99734
9.73912    7.99734
9.78039    7.99734
9.84229    8.0162
9.94546    8.0162
9.98672    8.0162
10.0486    8.0162
10.1105    8.0162
10.1518    7.99734
10.2343    7.99734
10.2962    7.97848
10.3581    7.97848
10.3994    7.95961
10.4407    7.95961
10.5438    7.94075
10.6057    7.94075
10.647    7.94075
10.6883    7.94075
10.7295    7.94075
10.8327    7.94075
10.8946    7.94075
10.9359    7.94075
10.9771    7.94075
11.039    7.94075
11.1422    7.94075
11.1835    7.95961
11.2454    7.95961
11.3073    7.95961
11.3279    7.95961
11.4311    7.95961
11.4724    7.95961
11.5136    7.95961
11.5549    7.95961
11.5962    7.95961
11.6993    7.94075
11.7612    7.94075
11.7819    7.94075
11.8438    7.94075
11.885    7.94075
11.9882    7.94075
12.0501    7.94075
12.0707    7.94075
12.1326    7.94075
12.1533    7.95961
12.2358    7.97848
12.2977    7.97848
12.3183    7.97848
12.3802    7.99734
12.4009    7.99734
12.4834    8.03506
