4.49815    7.2806
4.53942    7.2806
4.58069    7.2806
4.66322    7.26173
4.72512    7.24287
4.78702    7.24287
4.80766    7.22401
4.89019    7.22401
4.99336    7.20515
5.014    7.20515
5.0759    7.20515
5.09653    7.20515
5.15843    7.20515
5.22033    7.22401
5.28223    7.24287
5.3235    7.24287
5.36477    7.26173
5.40604    7.2806
5.48857    7.31832
5.52984    7.33718
5.57111    7.35604
5.61237    7.3749
5.65364    7.39377
5.73618    7.41263
5.77744    7.43149
5.81871    7.43149
5.85998    7.45035
5.90125    7.45035
5.98378    7.46921
6.02505    7.46921
6.06632    7.46921
6.12822    7.48807
6.19012    7.48807
6.23139    7.50694
6.27265    7.5258
6.31392    7.54466
6.33455    7.56352
6.39646    7.58238
6.43772    7.60124
6.47899    7.62011
6.52026    7.63897
6.54089    7.65783
6.60279    7.67669
6.64406    7.69555
6.66469    7.71441
6.7266    7.71441
6.74723    7.73327
6.7885    7.73327
6.8504    7.73327
6.87103    7.73327
6.93293    7.73327
6.95357    7.71441
6.99483    7.71441
7.07737    7.69555
7.11864    7.69555
7.1599    7.69555
7.18054    7.69555
7.20117    7.69555
7.28371    7.69555
7.32497    7.71441
7.36624    7.71441
7.40751    7.71441
7.44878    7.73327
7.51068    7.73327
7.53131    7.75214
7.57258    7.771
7.61385    7.771
7.65511    7.78986
7.71701    7.78986
7.73765    7.80872
7.77892    7.80872
7.82018    7.80872
7.84082    7.80872
7.90272    7.80872
7.96462    7.80872
7.98525    7.78986
8.04715    7.78986
8.08842    7.771
8.17096    7.771
8.23286    7.771
8.29476    7.771
8.31539    7.771
8.37729    7.771
8.43919    7.771
8.5011    7.771
8.54236    7.771
8.58363    7.771
8.6249    7.78986
8.72807    7.78986
8.78997    7.80872
8.83124    7.80872
8.8725    7.82758
8.91377    7.82758
8.99631    7.84644
9.05821    7.84644
9.12011    7.84644
9.14074    7.84644
9.20264    7.84644
9.26454    7.84644
9.32644    7.82758
9.36771    7.82758
9.40898    7.82758
9.45025    7.82758
9.55342    7.80872
9.61532    7.80872
9.63595    7.80872
9.69785    7.80872
9.71849    7.80872
9.82165    7.82758
9.84229    7.82758
9.90419    7.82758
9.94546    7.82758
9.98672    7.82758
10.0899    7.82758
10.1518    7.84644
10.1931    7.84644
10.2343    7.84644
10.2756    7.84644
10.3788    7.84644
10.4407    7.84644
10.4613    7.82758
10.5232    7.82758
10.5645    7.82758
10.647    7.80872
10.6883    7.78986
10.7502    7.771
10.8121    7.771
10.8533    7.75214
10.9359    7.73327
10.9771    7.73327
11.039    7.73327
11.1009    7.73327
11.1216    7.73327
11.2247    7.75214
11.266    7.75214
11.3073    7.75214
11.3485    7.75214
11.4105    7.75214
11.5136    7.771
11.5549    7.771
11.5962    7.771
11.6374    7.78986
11.6787    7.78986
11.7819    7.78986
11.8438    7.78986
11.8644    7.78986
11.9263    7.78986
11.9469    7.78986
12.0501    7.771
12.0914    7.771
12.1326    7.75214
12.1739    7.75214
12.2152    7.75214
12.2977    7.75214
12.339    7.75214
12.3802    7.75214
12.4215    7.75214
12.4628    7.75214
12.5247    7.771
