4.00294    5.60191
4.04421    5.60191
4.08548    5.62077
4.18865    5.60191
4.22991    5.62077
4.29182    5.60191
4.33308    5.62077
4.39498    5.60191
4.47752    5.62077
4.53942    5.62077
4.58069    5.62077
4.64259    5.62077
4.68386    5.62077
4.76639    5.62077
4.82829    5.63963
4.86956    5.65849
4.91083    5.65849
4.97273    5.65849
5.05526    5.67736
5.11716    5.71508
5.15843    5.71508
5.1997    5.73394
5.2616    5.73394
5.34414    5.7528
5.3854    5.79053
5.42667    5.79053
5.46794    5.80939
5.52984    5.80939
5.61237    5.82825
5.65364    5.84711
5.71554    5.82825
5.75681    5.84711
5.81871    5.82825
5.90125    5.84711
5.96315    5.84711
6.00441    5.84711
6.04568    5.84711
6.10758    5.84711
6.19012    5.84711
6.25202    5.84711
6.29329    5.84711
6.35519    5.84711
6.39646    5.86597
6.49962    5.88483
6.54089    5.88483
6.58216    5.88483
6.64406    5.88483
6.68533    5.9037
6.7885    5.92256
6.82976    5.92256
6.87103    5.92256
6.93293    5.92256
6.9742    5.94142
7.05673    5.96028
7.098    5.96028
7.1599    5.94142
7.20117    5.96028
7.24244    5.94142
7.32497    5.94142
7.36624    5.94142
7.40751    5.94142
7.44878    5.92256
7.49004    5.9037
7.57258    5.88483
7.61385    5.86597
7.65511    5.86597
7.69638    5.86597
7.73765    5.84711
7.82018    5.82825
7.86145    5.82825
7.90272    5.82825
7.94398    5.82825
7.98525    5.80939
8.08842    5.79053
8.12969    5.79053
8.17096    5.79053
8.23286    5.77166
8.27412    5.7528
8.35666    5.7528
8.39793    5.7528
8.43919    5.73394
8.5011    5.71508
8.54236    5.71508
8.6249    5.69622
8.6868    5.67736
8.72807    5.67736
8.76933    5.65849
8.83124    5.62077
8.91377    5.60191
8.97567    5.60191
9.01694    5.58305
9.05821    5.56419
9.12011    5.54532
9.22328    5.52646
9.26454    5.52646
9.32644    5.52646
9.36771    5.52646
9.40898    5.52646
9.51215    5.5076
9.55342    5.48874
9.59468    5.5076
9.65658    5.48874
9.69785    5.5076
9.80102    5.5076
9.84229    5.5076
9.90419    5.5076
9.94546    5.5076
10.0074    5.5076
10.0899    5.5076
10.1518    5.5076
10.1931    5.5076
10.2343    5.5076
10.2962    5.48874
10.3788    5.5076
10.4407    5.48874
10.5026    5.48874
10.5438    5.48874
10.6057    5.48874
10.7089    5.48874
10.7502    5.48874
10.8121    5.5076
10.8533    5.48874
10.8946    5.5076
10.9978    5.5076
11.039    5.5076
11.1009    5.5076
11.1422    5.5076
11.1835    5.52646
11.2866    5.54532
11.3485    5.54532
11.3898    5.54532
11.4311    5.56419
11.493    5.58305
11.5755    5.56419
11.6374    5.56419
11.6787    5.56419
11.72    5.56419
11.7819    5.56419
11.8644    5.54532
11.9057    5.52646
11.9676    5.54532
12.0088    5.52646
12.0501    5.52646
12.1533    5.52646
12.1945    5.52646
12.2358    5.52646
12.2771    5.52646
12.3183    5.52646
12.4009    5.52646
12.4421    5.52646
12.4834    5.52646
12.5247    5.52646
12.5659    5.52646
12.6278    5.54532
