3.52837    6.05459
3.56963    6.05459
3.63154    6.05459
3.7347    6.05459
3.79661    6.03573
3.83787    6.03573
3.87914    6.01687
3.94104    6.01687
4.02358    6.01687
4.08548    6.01687
4.12675    6.01687
4.16801    6.01687
4.20928    6.01687
4.29182    6.03573
4.35372    6.03573
4.39498    6.03573
4.45689    6.05459
4.49815    6.05459
4.60132    6.07345
4.64259    6.09231
4.70449    6.11117
4.74576    6.13004
4.78702    6.13004
4.86956    6.1489
4.91083    6.16776
4.95209    6.16776
4.99336    6.16776
5.03463    6.16776
5.1378    6.16776
5.17907    6.16776
5.22033    6.16776
5.28223    6.16776
5.3235    6.1489
5.40604    6.13004
5.4473    6.13004
5.48857    6.13004
5.52984    6.13004
5.57111    6.13004
5.63301    6.13004
5.67427    6.13004
5.71554    6.13004
5.75681    6.13004
5.79808    6.13004
5.88061    6.1489
5.92188    6.1489
5.96315    6.16776
6.00441    6.16776
6.04568    6.18662
6.12822    6.20548
6.14885    6.20548
6.19012    6.20548
6.23139    6.20548
6.25202    6.22434
6.31392    6.22434
6.35519    6.22434
6.39646    6.20548
6.43772    6.20548
6.47899    6.20548
6.54089    6.18662
6.58216    6.16776
6.60279    6.1489
6.64406    6.1489
6.68533    6.13004
6.74723    6.11117
6.7885    6.09231
6.80913    6.09231
6.8504    6.09231
6.89166    6.07345
6.9742    6.05459
7.01547    6.05459
7.05673    6.05459
7.098    6.03573
7.1599    6.03573
7.24244    6.03573
7.30434    6.03573
7.34561    6.03573
7.38687    6.03573
7.42814    6.03573
7.49004    6.01687
7.55194    6.01687
7.59321    5.998
7.63448    5.998
7.67575    5.97914
7.75828    5.94142
7.79955    5.92256
7.84082    5.9037
7.88208    5.88483
7.92335    5.86597
8.00589    5.82825
8.04715    5.80939
8.08842    5.80939
8.12969    5.79053
8.17096    5.79053
8.25349    5.77166
8.29476    5.77166
8.33603    5.77166
8.37729    5.77166
8.43919    5.77166
8.52173    5.77166
8.58363    5.77166
8.6249    5.79053
8.66617    5.79053
8.70743    5.79053
8.78997    5.79053
8.83124    5.79053
8.89314    5.79053
8.9344    5.79053
8.97567    5.79053
9.05821    5.77166
9.12011    5.77166
9.16137    5.77166
9.20264    5.7528
9.26454    5.7528
9.34708    5.73394
9.38835    5.73394
9.42961    5.71508
9.49151    5.71508
9.53278    5.71508
9.59468    5.73394
9.63595    5.73394
9.67722    5.73394
9.73912    5.73394
9.78039    5.73394
9.86292    5.7528
9.90419    5.7528
9.96609    5.77166
10.0074    5.77166
10.0486    5.79053
10.1518    5.80939
10.1931    5.80939
10.2343    5.82825
10.2756    5.82825
10.3169    5.82825
10.42    5.82825
10.4613    5.82825
10.5026    5.82825
10.5438    5.82825
10.5851    5.82825
10.6883    5.80939
10.7295    5.80939
10.7708    5.80939
10.8327    5.79053
10.874    5.79053
10.9771    5.79053
11.0184    5.77166
11.0597    5.77166
11.1009    5.77166
11.1422    5.77166
11.2247    5.79053
11.2866    5.79053
11.3279    5.79053
11.3692    5.79053
11.4105    5.79053
11.493    5.80939
11.5343    5.82825
11.5755    5.84711
11.6374    5.84711
11.6787    5.86597
11.7612    5.86597
11.7819    5.88483
11.8231    5.88483
11.8644    5.88483
11.9057    5.88483
11.9882    5.88483
12.0295    5.86597
12.0707    5.86597
12.112    5.86597
12.1533    5.84711
12.2152    5.82825
12.2564    5.80939
12.2977    5.80939
12.3183    5.79053
12.3596    5.79053
12.4215    5.79053
12.4628    5.79053
12.504    5.79053
12.5247    5.79053
12.5659    5.79053
