2.82682    5.39443
2.86809    5.39443
2.90936    5.41329
2.99189    5.41329
3.03316    5.41329
3.07443    5.41329
3.11569    5.43215
3.17759    5.43215
3.2395    5.43215
3.32203    5.43215
3.3633    5.43215
3.40456    5.43215
3.44583    5.43215
3.52837    5.45102
3.56963    5.45102
3.6109    5.46988
3.65217    5.46988
3.69344    5.46988
3.77597    5.48874
3.83787    5.48874
3.85851    5.5076
3.92041    5.5076
3.96168    5.52646
4.04421    5.54532
4.08548    5.54532
4.12675    5.54532
4.16801    5.56419
4.20928    5.56419
4.29182    5.58305
4.33308    5.58305
4.37435    5.60191
4.41562    5.60191
4.45689    5.62077
4.53942    5.62077
4.60132    5.63963
4.66322    5.63963
4.68386    5.65849
4.76639    5.65849
4.84893    5.67736
4.89019    5.69622
4.93146    5.69622
4.97273    5.71508
5.014    5.71508
5.0759    5.7528
5.09653    5.7528
5.15843    5.77166
5.17907    5.77166
5.24097    5.79053
5.30287    5.80939
5.34414    5.82825
5.3854    5.82825
5.42667    5.84711
5.46794    5.84711
5.52984    5.86597
5.55047    5.88483
5.61237    5.88483
5.63301    5.88483
5.67427    5.88483
5.75681    5.9037
5.79808    5.9037
5.81871    5.9037
5.83934    5.9037
5.90125    5.9037
5.94251    5.92256
5.98378    5.92256
6.02505    5.92256
6.04568    5.92256
6.10758    5.94142
6.14885    5.94142
6.16948    5.94142
6.23139    5.96028
6.25202    5.96028
6.29329    5.96028
6.37582    5.97914
6.41709    5.97914
6.43772    5.998
6.45836    5.998
6.52026    5.998
6.56153    5.998
6.60279    5.998
6.64406    5.998
6.66469    5.998
6.7266    5.998
6.7885    5.97914
6.82976    5.96028
6.87103    5.94142
6.9123    5.92256
6.95357    5.92256
7.01547    5.88483
7.0361    5.86597
7.07737    5.86597
7.11864    5.84711
7.13927    5.82825
7.20117    5.82825
7.24244    5.80939
7.28371    5.80939
7.32497    5.79053
7.36624    5.79053
7.44878    5.77166
7.49004    5.77166
7.53131    5.77166
7.57258    5.77166
7.59321    5.7528
7.65511    5.7528
7.71701    5.7528
7.73765    5.7528
7.79955    5.73394
7.82018    5.73394
7.92335    5.71508
7.94398    5.71508
8.00589    5.71508
8.04715    5.69622
8.08842    5.69622
8.19159    5.67736
8.25349    5.65849
8.29476    5.65849
8.33603    5.65849
8.37729    5.65849
8.45983    5.63963
8.5011    5.63963
8.54236    5.63963
8.58363    5.63963
8.6249    5.62077
8.72807    5.62077
8.78997    5.62077
8.83124    5.62077
8.8725    5.62077
8.91377    5.62077
9.01694    5.62077
9.07884    5.62077
9.09947    5.62077
9.16137    5.62077
9.18201    5.62077
9.30581    5.62077
9.34708    5.62077
9.38835    5.62077
9.42961    5.60191
9.49151    5.60191
9.57405    5.60191
9.61532    5.58305
9.65658    5.58305
9.69785    5.58305
9.73912    5.58305
9.84229    5.58305
9.90419    5.58305
9.92482    5.58305
9.98672    5.58305
10.0074    5.58305
10.1105    5.58305
10.1518    5.58305
10.1931    5.58305
10.2343    5.58305
10.2756    5.58305
10.3788    5.58305
10.4407    5.58305
10.4613    5.58305
10.5232    5.58305
10.5645    5.58305
10.647    5.58305
10.6883    5.58305
10.7295    5.58305
10.7708    5.58305
10.8121    5.58305
10.9152    5.58305
10.9771    5.56419
10.9978    5.56419
11.0597    5.56419
11.0803    5.54532
11.1835    5.54532
11.2041    5.54532
11.266    5.54532
11.2866    5.52646
11.3485    5.52646
11.4105    5.5076
11.4724    5.5076
11.493    5.48874
11.5549    5.48874
11.5755    5.48874
11.6787    5.46988
11.72    5.46988
11.7612    5.45102
11.8025    5.45102
11.8438    5.43215
11.9057    5.41329
11.9676    5.39443
11.9882    5.39443
12.0501    5.37557
12.0707    5.35671
12.1533    5.31898
12.1945    5.30012
12.2358    5.28126
12.2771    5.2624
12.3183    5.24354
12.4009    5.18695
12.4421    5.16809
12.4834    5.14923
12.5247    5.13037
12.5453    5.11151
12.6072    5.07378
12.6691    5.05492
12.6897    5.03606
12.731    5.0172
