3.79661    6.62044
3.83787    6.62044
3.87914    6.62044
3.98231    6.60158
4.04421    6.56385
4.08548    6.56385
4.12675    6.54499
4.16801    6.56385
4.27118    6.52613
4.33308    6.52613
4.35372    6.52613
4.41562    6.52613
4.43625    6.52613
4.53942    6.52613
4.56005    6.52613
4.64259    6.52613
4.68386    6.52613
4.72512    6.52613
4.82829    6.52613
4.84893    6.52613
4.91083    6.52613
4.93146    6.52613
4.99336    6.52613
5.0759    6.52613
5.11716    6.52613
5.15843    6.52613
5.1997    6.52613
5.24097    6.52613
5.34414    6.50727
5.40604    6.52613
5.4473    6.50727
5.48857    6.52613
5.52984    6.50727
5.63301    6.52613
5.69491    6.50727
5.71554    6.52613
5.77744    6.52613
5.79808    6.52613
5.90125    6.52613
5.94251    6.52613
5.98378    6.54499
6.04568    6.56385
6.10758    6.54499
6.16948    6.58271
6.23139    6.58271
6.25202    6.58271
6.31392    6.58271
6.33455    6.58271
6.43772    6.56385
6.45836    6.54499
6.52026    6.54499
6.56153    6.54499
6.60279    6.54499
6.68533    6.54499
6.7266    6.54499
6.76786    6.52613
6.80913    6.50727
6.8504    6.52613
6.93293    6.50727
6.9742    6.52613
7.01547    6.50727
7.07737    6.52613
7.13927    6.50727
7.20117    6.52613
7.26307    6.50727
7.28371    6.52613
7.34561    6.50727
7.36624    6.50727
7.46941    6.48841
7.49004    6.45068
7.55194    6.43182
7.59321    6.43182
7.63448    6.41296
7.71701    6.35637
7.77892    6.35637
7.84082    6.35637
7.88208    6.33751
7.92335    6.31865
8.02652    6.31865
8.08842    6.29979
8.12969    6.28093
8.17096    6.28093
8.23286    6.28093
8.35666    6.26207
8.41856    6.2432
8.45983    6.2432
8.52173    6.2432
8.58363    6.2432
8.66617    6.2432
8.72807    6.22434
8.78997    6.20548
8.83124    6.22434
8.89314    6.18662
9.03757    6.16776
9.07884    6.18662
9.12011    6.16776
9.18201    6.18662
9.24391    6.16776
9.32644    6.20548
9.36771    6.20548
9.40898    6.20548
9.45025    6.22434
9.49151    6.20548
9.57405    6.22434
9.61532    6.22434
9.65658    6.22434
9.69785    6.22434
9.73912    6.2432
9.84229    6.26207
9.88356    6.2432
9.92482    6.26207
9.96609    6.2432
10.0074    6.26207
10.0899    6.2432
10.1312    6.26207
10.1724    6.2432
10.2343    6.26207
10.255    6.26207
10.3581    6.26207
10.3994    6.28093
10.4407    6.29979
10.4819    6.29979
10.5232    6.29979
10.6057    6.31865
10.647    6.33751
10.6883    6.33751
10.7295    6.33751
10.7708    6.35637
10.8533    6.3941
10.8946    6.41296
10.9359    6.3941
10.9771    6.43182
11.0184    6.43182
11.1009    6.45068
11.1422    6.45068
11.1628    6.45068
11.2247    6.45068
11.2454    6.45068
11.3279    6.46954
11.3692    6.48841
11.3898    6.48841
11.4105    6.48841
11.4724    6.48841
11.5136    6.52613
11.5549    6.52613
11.5962    6.52613
11.6168    6.54499
11.6581    6.56385
11.72    6.56385
11.7406    6.56385
11.7819    6.56385
11.8231    6.56385
11.8438    6.56385
11.885    6.56385
11.9263    6.56385
11.9469    6.56385
11.9882    6.56385
12.0088    6.56385
12.0501    6.56385
12.0707    6.54499
12.112    6.56385
12.1326    6.52613
12.1533    6.50727
12.2152    6.52613
12.2152    6.50727
12.2358    6.52613
