5.8602	6.7034
5.8856	6.7149
5.8906	6.719
5.9002	6.7198
5.9156	6.7245
5.9193	6.7292
5.9284	6.7333
5.9403	6.7347
5.9364	6.7458
5.9327	6.7516
5.9522	6.7639
5.9526	6.7659
5.965	6.7662
5.9677	6.7784
5.9801	6.7847
5.9901	6.7863
6.0029	6.7923
6.0159	6.7979
6.0424	6.8067
6.0583	6.8046
6.0813	6.8119
6.0952	6.8089
6.1326	6.8155
6.1676	6.8038
6.1913	6.8064
6.2232	6.7983
6.247	6.7874
6.2835	6.773
6.3405	6.756
6.3764	6.7466
6.4012	6.7243
6.4395	6.7213
6.464	6.7013
6.5216	6.6713
6.5583	6.6572
6.5776	6.6467
6.6122	6.6458
6.6378	6.631
6.6949	6.6126
6.7079	6.6002
6.7365	6.5957
6.7607	6.5859
6.7891	6.5826
6.8349	6.5772
6.8671	6.5748
6.8961	6.5672
6.9251	6.5664
6.9525	6.5644
6.9997	6.5562
7.0284	6.5527
7.0605	6.5513
7.0827	6.5467
7.1194	6.5525
7.1779	6.5397
7.2187	6.525
7.2486	6.5175
7.2922	6.5054
7.3141	6.5059
7.3861	6.4751
7.4247	6.4643
7.4613	6.4571
7.4951	6.4454
7.5258	6.4346
7.5967	6.4146
7.6279	6.407
7.6659	6.404
7.7015	6.3997
7.7294	6.3963
7.7969	6.3889
7.8285	6.3869
7.8566	6.3791
7.8979	6.3824
7.9208	6.3739
7.9914	6.3741
8.0379	6.371
8.0759	6.3766
8.1113	6.3771
8.1428	6.3781
8.2159	6.3825
8.2545	6.3774
8.2848	6.3762
8.3203	6.3704
8.3589	6.3733
8.4253	6.3698
8.4678	6.3675
8.5075	6.368
8.5293	6.3639
8.5716	6.3607
8.6424	6.3521
8.6685	6.3485
8.705	6.3483
8.7384	6.3472
8.7594	6.3451
8.8273	6.3555
8.8609	6.3518
8.8874	6.357
8.9132	6.3602
8.9408	6.3641
9.0071	6.383
9.0469	6.3937
9.0747	6.4024
9.1006	6.4083
9.1227	6.4158
9.1862	6.4339
9.2066	6.4552
9.2236	6.4652
9.2451	6.4733
9.2708	6.4823
9.3198	6.4963
9.3469	6.4973
9.3715	6.5012
9.4015	6.508
9.4295	6.5113
9.4824	6.511
9.507	6.5117
9.5386	6.5058
9.5647	6.5075
9.5924	6.4973
9.6518	6.4982
9.6742	6.4945
9.7001	6.4948
9.728	6.4998
9.7534	6.5066
9.8057	6.5028
9.8226	6.5043
9.8506	6.5057
9.875	6.5056
9.8927	6.5071
9.9357	6.517
9.942	6.5096
9.9683	6.5174
9.9784	6.5211
9.9936	6.522
10.0263	6.5242
10.0485	6.5367
10.0699	6.5382
10.0789	6.5419
10.0927	6.5379
10.1319	6.5566
10.1439	6.571
10.1565	6.5764
10.176	6.5816
10.1841	6.5821
10.2113	6.5955
10.228	6.6014
10.2429	6.6098
10.2527	6.6186
10.2566	6.6212
10.282	6.6345
10.2914	6.639
10.31	6.6479
10.3101	6.6503
10.3224	6.6565
10.3364	6.6553
10.3474	6.6668
10.361	6.6684
10.3643	6.6713
10.3712	6.6721
10.3896	6.676
10.3937	6.6771
10.4059	6.6768
10.4109	6.6882
10.4264	6.6725
10.4479	6.6719
10.4589	6.6584
10.4654	6.6576
10.4855	6.6483
10.4979	6.6417
10.52	6.6249
10.5329	6.6232
10.5479	6.6165
10.5584	6.6059
10.5609	6.6035
10.583	6.5902
10.5954	6.5911
10.6108	6.5897
10.6016	6.5821
10.6224	6.5845
10.6423	6.5833
10.6451	6.5784
10.6523	6.5795
10.6572	6.5842
10.6685	6.5855
10.672	6.5753
10.6838	6.5812
10.6878	6.5785
10.6898	6.5751
10.7065	6.5807
10.705	6.5843
10.7219	6.5799
10.7261	6.5853
10.7279	6.5843
10.7221	6.5906
10.7371	6.5915
10.745	6.6007
10.7414	6.5956
10.7503	6.6039
10.7578	6.6059
10.7739	6.6098
10.7704	6.6259
10.7779	6.6251
10.7857	6.6296
10.7818	6.6334
10.7977	6.6495
10.7914	6.6523
10.8056	6.6571
10.8147	6.6606
10.8264	6.6678
10.8438	6.6617
10.8536	6.6605
10.8673	6.6621
10.869	6.6573
10.8732	6.6493
10.8962	6.6402
10.9073	6.6225
10.9221	6.6183
10.9271	6.6114
10.9302	6.6024
10.9396	6.5774
10.9442	6.5815
10.9402	6.5702
10.947	6.5587
10.9468	6.5667
10.9497	6.56
10.9614	6.5603
10.9551	6.5535
10.9466	6.5546
10.9595	6.5449
10.9647	6.5451
10.9684	6.5449
10.9722	6.5441
10.9814	6.5466
10.984	6.5452
10.9888	6.5476
10.9862	6.5415
10.987	6.5424
10.9933	6.5398
10.9943	6.5446
11.0031	6.5474
11.002	6.5468
11.0089	6.5432
11.0161	6.5472
11.0128	6.544
11.0235	6.5481
11.0404	6.5583
11.0341	6.5672
11.0358	6.5699
11.0388	6.5719
11.0519	6.5827
11.0537	6.588
11.0635	6.5926
11.0712	6.5953
11.0698	6.6081
11.0727	6.6237
11.0741	6.6331
11.0767	6.6363
11.0749	6.6411
11.0704	6.6476
11.0603	6.6538
11.0579	6.653
11.0728	6.6586
11.0729	6.6668
11.0679	6.6665
11.084	6.6736
11.0802	6.6751
11.0915	6.6731
11.1055	6.6768
11.1059	6.6789
11.1256	6.6876
11.1296	6.6879
11.1306	6.6834
11.1447	6.6856
11.1547	6.6791
11.1656	6.6802
11.1672	6.6725
11.166	6.6669
11.1805	6.6616
11.1842	6.6549
11.1982	6.6645
11.1956	6.653
11.2102	6.6502
11.2222	6.6528
11.2296	6.6481
11.2419	6.648
11.2436	6.6416
11.2646	6.6451
11.2673	6.6434
11.2786	6.6451
11.2965	6.637
11.31	6.6394
11.3049	6.6345
11.3245	6.6323
11.3237	6.64
11.345	6.6436
11.3577	6.6433
11.3734	6.6431
11.3731	6.6563
11.39	6.6569
11.4044	6.6584
11.4217	6.6782
11.4344	6.6769
11.4345	6.6839
11.4358	6.6898
11.4502	6.7077
11.4684	6.7182
11.4738	6.7297
11.4864	6.7343
11.4912	6.7455
11.5008	6.7518
11.5116	6.7607
11.5174	6.7578
11.535	6.7665
11.5452	6.7726
11.5538	6.7722
11.565	6.7642
11.5715	6.7575
11.5684	6.7674
11.5769	6.7716
11.5872	6.7721
11.5823	6.7974
11.5964	6.7826
11.5983	6.7875
11.6048	6.7754
11.6322	6.7776
11.6285	6.7784
11.6366	6.7826
11.6445	6.7806
11.65	6.78
11.6465	6.7842
11.6647	6.7827
11.66	6.7876
11.6692	6.7776
11.6846	6.7947
11.6879	6.7871
11.6942	6.8011
11.7015	6.7996
11.7115	6.8072
11.7132	6.8136
11.7172	6.8254
11.7302	6.8391
11.7377	6.8432
11.7353	6.85
11.7456	6.8497
11.7469	6.8813
11.7565	6.8817
11.7634	6.8931
11.7707	6.8948
11.7933	6.9156
11.8083	6.9227
11.8378	6.9402
11.8476	6.9383
11.8557	6.9409
11.8802	6.9471
11.9181	6.9517
11.9406	6.9473
11.961	6.9532
11.9842	6.9388
12.0213	6.9407
12.0538	6.9267
12.0784	6.9253
12.092	6.916
12.1136	6.9134
12.1334	6.9026
12.1859	6.8993
12.1964	6.8909
12.2266	6.8899
12.2396	6.8907
12.2634	6.8854
12.305	6.8926
12.3352	6.8872
12.3547	6.8954
12.3817	6.8961
12.4038	6.9
12.4425	6.9054
12.4636	6.9125
12.4999	6.9151
12.5232	6.9248
12.5484	6.9244
12.587	6.934
12.6205	6.9401
12.6389	6.9456
12.6627	6.9502
12.6934	6.9447
12.7354	6.9462
12.7503	6.9468
12.7799	6.9447
12.8033	6.9428
12.8268	6.9397
12.875	6.9143
12.9031	6.9184
12.9248	6.9083
12.957	6.9089
12.9969	6.8948
13.0407	6.8777
13.0646	6.8756
13.0891	6.8722
13.1146	6.8731
