6.4644	10.2291
6.4729	10.238
6.4717	10.2333
6.4781	10.2148
6.4845	10.2112
6.4805	10.1962
6.4889	10.1946
6.4779	10.1802
6.4768	10.1509
6.4769	10.128
6.4814	10.1336
6.4908	10.1154
6.4855	10.1171
6.4957	10.0855
6.5039	10.0804
6.5189	10.061
6.5311	10.0595
6.5418	10.0469
6.5555	10.0387
6.5589	10.0258
6.5726	10.0232
6.5901	10.0314
6.6041	10.0325
6.6313	10.0315
6.6543	10.0446
6.6717	10.0401
6.6918	10.0468
6.7055	10.039
6.7463	10.0605
6.7763	10.06
6.801	10.0669
6.8073	10.0685
6.8376	10.0658
6.8881	10.0687
6.8987	10.0707
6.9197	10.061
6.9489	10.0626
6.9513	10.0555
7.0104	10.0457
7.0361	10.0395
7.061	10.0332
7.0884	10.0208
7.1094	10.0117
7.1613	9.9932
7.1808	9.9805
7.2062	9.9709
7.2337	9.9704
7.2472	9.9657
7.305	9.9599
7.3263	9.962
7.3495	9.9655
7.3726	9.963
7.4023	9.9733
7.4617	9.9723
7.4917	9.9768
7.5225	9.9808
7.5604	9.9889
7.5948	9.9926
7.6698	10.0155
7.701	10.0179
7.736	10.018
7.7721	10.0253
7.801	10.0203
7.8604	10.0127
7.8796	10.0128
7.9165	10.0
7.9378	9.987
7.9685	9.9828
8.0184	9.9557
8.0605	9.9447
8.0832	9.9303
8.1145	9.9182
8.1522	9.9017
8.2229	9.8713
8.2566	9.8588
8.2854	9.851
8.3287	9.8436
8.3592	9.8388
8.4198	9.8325
8.4622	9.834
8.499	9.8372
8.5315	9.8296
8.57	9.8292
8.6457	9.8263
8.6769	9.8265
8.7193	9.8255
8.7612	9.8325
8.8056	9.8437
8.87	9.8516
8.9025	9.844
8.9446	9.8441
8.9758	9.847
9.0094	9.8342
9.0663	9.8187
9.0909	9.8081
9.1147	9.7998
9.1401	9.7873
9.1661	9.7756
9.2195	9.7477
9.2467	9.7283
9.2747	9.7125
9.2999	9.6948
9.3355	9.6771
9.3891	9.6414
9.4177	9.6245
9.4438	9.6108
9.4716	9.6056
9.4995	9.5949
9.5546	9.5782
9.5767	9.5733
9.6066	9.5629
9.6367	9.5598
9.674	9.5517
9.7327	9.5375
9.7725	9.5346
9.8	9.5317
9.837	9.529
9.8642	9.5188
9.9447	9.5167
9.9785	9.5173
10.0042	9.5021
10.0309	9.4929
10.0655	9.4771
10.1119	9.4537
10.1278	9.4402
10.1551	9.4284
10.1795	9.4104
10.1946	9.4017
10.2176	9.3599
10.2451	9.3411
10.262	9.3228
10.2763	9.3086
10.2992	9.2868
10.3332	9.2564
10.3544	9.2268
10.3713	9.2127
10.3871	9.1994
10.3966	9.1833
10.4444	9.1553
10.4714	9.1441
10.49	9.1353
10.5078	9.126
10.5365	9.1126
10.5812	9.0974
10.6066	9.0919
10.6224	9.0856
10.6514	9.078
10.6767	9.0698
10.735	9.0601
10.7638	9.0577
10.7925	9.0548
10.8185	9.0561
10.852	9.0483
10.8953	9.0333
10.9237	9.0231
10.9429	9.009
10.9585	9.0102
10.9734	9.0039
11.0032	8.9779
11.0194	8.9656
11.0327	8.9506
11.0464	8.9413
11.0583	8.9174
11.0772	8.8933
11.0901	8.8713
11.095	8.8634
11.1105	8.8431
11.1226	8.8308
11.1427	8.8065
11.1578	8.7951
11.1651	8.7837
11.185	8.7728
11.196	8.7668
11.2299	8.751
11.2334	8.748
11.2558	8.7369
11.2727	8.7295
11.2865	8.7261
11.3189	8.7119
11.3344	8.7119
11.3555	8.7076
11.3687	8.7058
11.3979	8.6988
11.4303	8.6953
11.4557	8.6947
11.4692	8.6921
11.4842	8.685
11.5041	8.6764
11.5209	8.6642
11.5347	8.6623
11.5366	8.6602
11.5473	8.6514
11.5589	8.647
11.5634	8.631
11.5635	8.6284
11.5632	8.6189
11.567	8.6141
11.5558	8.6121
11.5574	8.5881
11.5566	8.5796
11.5468	8.5706
11.5475	8.5709
11.5417	8.5591
11.5287	8.5557
11.5286	8.5393
11.5223	8.5311
11.5138	8.5227
11.5125	8.5184
11.5101	8.505
11.5065	8.4924
11.5015	8.4897
11.5031	8.4842
11.5036	8.4765
11.4946	8.4704
11.4931	8.4614
11.492	8.4627
11.4904	8.4548
11.4887	8.4526
11.4878	8.4488
11.4905	8.4428
11.4983	8.4422
11.4919	8.4267
11.4965	8.4386
11.5107	8.4284
11.524	8.4241
11.5267	8.42
11.5373	8.4134
11.5421	8.4085
11.5574	8.4063
11.5723	8.4032
11.5786	8.4009
11.5909	8.3978
11.5982	8.3937
11.6215	8.3839
11.6277	8.3877
11.6447	8.3745
11.6521	8.3732
11.6676	8.3761
11.6904	8.3665
11.7038	8.3621
11.7114	8.3571
11.7234	8.3579
11.7338	8.3466
11.757	8.3432
11.7652	8.3416
11.7686	8.3393
11.7798	8.3331
11.7823	8.3371
11.7939	8.3262
11.7966	8.3239
11.8043	8.3071
11.8045	8.3183
11.8062	8.3063
11.8085	8.3085
11.8053	8.3039
11.8038	8.2971
11.8018	8.2935
11.7975	8.2897
11.7863	8.2754
11.7816	8.267
11.7767	8.2665
11.7709	8.2541
11.7621	8.2415
11.7485	8.2224
11.7376	8.2119
11.7299	8.199
11.7139	8.1918
11.7057	8.1742
11.6816	8.1527
11.6708	8.1475
11.6745	8.1305
11.6568	8.1172
11.6544	8.1079
11.6384	8.0871
11.6239	8.0812
11.6196	8.0699
11.6164	8.0598
11.6051	8.0569
11.6061	8.0402
11.6059	8.0366
11.6036	8.0255
11.6124	8.0209
11.6087	8.0218
11.6201	8.0135
11.6273	8.013
11.6361	8.0053
11.6408	8.0136
11.6519	8.0128
11.6654	8.0107
11.6872	8.0078
11.7007	8.0119
11.7068	8.0152
11.7115	8.0174
11.7407	8.0224
11.7513	8.0188
11.7642	8.0181
11.7712	8.016
11.7798	8.0175
11.8032	8.0052
11.8187	8.0085
11.8319	8.0165
11.8456	8.0187
11.8566	8.0216
11.8709	8.0147
11.8794	8.0173
11.8855	8.0094
11.884	8.0068
11.8887	8.0154
11.8945	8.0105
11.8893	8.0045
11.8996	8.0168
11.896	8.0115
11.8861	8.0013
11.8856	8.0012
11.8864	7.9982
11.8767	7.9857
11.8784	7.9812
11.8675	7.9767
11.8594	7.9649
11.8497	7.9554
11.8427	7.9457
11.8237	7.9331
11.8287	7.9231
11.8073	7.9036
11.8072	7.8933
11.7948	7.8864
11.7926	7.8727
11.7806	7.8597
11.7614	7.8274
11.7509	7.8261
11.758	7.8123
11.7514	7.8104
11.7515	7.7883
11.752	7.7767
11.7543	7.7671
11.7639	7.7563
11.772	7.7424
11.7787	7.7289
11.8025	7.7265
11.8096	7.7153
11.824	7.7083
11.8277	7.7017
11.8446	7.6981
11.8594	7.6921
11.8791	7.6861
11.8968	7.6794
11.8949	7.6781
11.9163	7.6737
11.931	7.6607
11.9442	7.6536
11.9508	7.6455
11.9557	7.6438
11.9538	7.6371
11.9713	7.6281
11.9813	7.6156
11.9768	7.6114
11.9878	7.6005
11.9922	7.5936
11.9966	7.5595
11.997	7.5527
12.0042	7.5421
12.0109	7.518
12.011	7.5099
12.0092	7.4701
12.0156	7.4568
12.0169	7.4327
12.0163	7.424
12.0215	7.408
12.0311	7.3871
12.0362	7.3715
12.0474	7.3626
12.0577	7.3558
12.0607	7.3488
12.0755	7.3389
12.082	7.333
12.0897	7.3335
12.0992	7.3329
12.1105	7.3324
12.1356	7.3325
12.1502	7.3329
12.1628	7.3353
12.1782	7.3444
12.1938	7.3502
12.2378	7.3635
12.2587	7.3759
12.2813	7.389
12.3055	7.3951
12.3249	7.4085
12.3733	7.4193
12.3922	7.4228
12.4128	7.4243
12.4381	7.4335
12.4655	7.4414
12.5064	7.4363
12.5307	7.4433
12.5559	7.4439
12.582	7.4399
12.5982	7.4379
12.6467	7.4297
12.6771	7.4189
12.6984	7.4086
12.721	7.3882
12.7566	7.393
12.8096	7.3899
12.8367	7.3865
12.8602	7.3833
12.8822	7.3733
12.9108	7.3703
12.9648	7.3845
12.974	7.3868
12.9981	7.3851
13.0193	7.3983
13.0373	7.4052
13.0624	7.4243
13.0933	7.4381
13.1061	7.463
13.1186	7.4773
