7.3489	5.3963
7.351	5.4098
7.3579	5.4155
7.3503	5.4192
7.3607	5.4265
7.3643	5.4205
7.3771	5.4175
7.3836	5.4122
7.3963	5.3767
7.3987	5.3725
7.4176	5.3669
7.4254	5.3483
7.4547	5.3436
7.4757	5.3073
7.4807	5.2988
7.4984	5.2887
7.5194	5.2599
7.5417	5.258
7.5778	5.245
7.607	5.2361
7.6166	5.2216
7.6498	5.2204
7.6635	5.2285
7.6986	5.2295
7.7322	5.2445
7.7413	5.2462
7.7619	5.2552
7.7843	5.2768
7.8104	5.2794
7.846	5.2913
7.8548	5.2977
7.8865	5.3156
7.9026	5.2988
7.9425	5.3099
7.969	5.3134
7.9827	5.3026
7.9923	5.3104
8.0141	5.3186
8.0418	5.3104
8.0751	5.3008
8.0844	5.3052
8.1304	5.3069
8.1345	5.3097
8.1707	5.3046
8.1947	5.3088
8.2142	5.3065
8.2447	5.3136
8.2674	5.3164
8.2945	5.33
8.3194	5.3331
8.3423	5.3317
8.3732	5.3442
8.3852	5.3614
8.4303	5.3699
8.4492	5.3759
8.4796	5.3982
8.5003	5.4116
8.5164	5.4211
8.573	5.4271
8.6002	5.4285
8.628	5.4437
8.648	5.4438
8.6782	5.4395
8.7407	5.4395
8.7644	5.4374
8.7932	5.42
8.8338	5.4223
8.87	5.4297
8.9401	5.4148
8.9738	5.428
9.0152	5.4232
9.0446	5.4216
9.0773	5.4293
9.1454	5.4367
9.1768	5.443
9.2093	5.4517
9.2433	5.4556
9.279	5.4674
9.3412	5.4629
9.3729	5.4789
9.4061	5.4813
9.4332	5.4913
9.4735	5.5006
9.5314	5.5378
9.5623	5.5588
9.5929	5.5725
9.6244	5.5886
9.6579	5.59
9.728	5.6164
9.7531	5.6208
9.7784	5.6114
9.8123	5.6274
9.8455	5.6405
9.9148	5.6456
9.9478	5.6625
9.9733	5.653
10.0057	5.642
10.0339	5.6549
10.1033	5.6493
10.1356	5.6611
10.1659	5.6551
10.2011	5.656
10.2327	5.6688
10.2895	5.6742
10.316	5.6808
10.3459	5.6868
10.3689	5.6904
10.4018	5.7007
10.4506	5.7247
10.4723	5.7373
10.4857	5.7457
10.5099	5.7636
10.5289	5.7606
10.5581	5.794
10.5817	5.8062
10.597	5.8169
10.6102	5.8402
10.6218	5.8468
10.653	5.8731
10.6653	5.8646
10.6887	5.8879
10.6979	5.8896
10.7144	5.903
10.7595	5.9128
10.7732	5.9256
10.7909	5.9195
10.8054	5.932
10.8212	5.9299
10.8691	5.9392
10.8759	5.9419
10.9147	5.941
10.9381	5.9353
10.9512	5.9419
10.9991	5.9397
11.029	5.9442
11.0532	5.9419
11.0795	5.94
11.0911	5.933
11.1314	5.9629
11.1464	5.9606
11.1668	5.9607
11.1849	5.9681
11.1902	5.9828
11.2245	5.9842
11.2481	5.9863
11.2615	6.0012
11.2839	5.9924
11.3006	5.9848
11.3299	6.0026
11.3485	6.0099
11.3528	6.0142
11.3577	6.0132
11.3694	6.0189
11.3746	6.0371
11.384	6.0469
11.4028	6.0491
11.4081	6.0627
11.3979	6.0774
11.4124	6.084
11.4237	6.1073
11.4157	6.1278
11.4262	6.1381
11.4301	6.154
11.4372	6.1755
11.4361	6.1822
11.4555	6.1874
11.4555	6.1911
11.4684	6.2043
11.4916	6.2181
11.5021	6.2209
11.5109	6.2331
11.5187	6.2277
11.5261	6.2395
11.559	6.2349
11.5538	6.239
11.5616	6.2448
11.5743	6.2424
11.5885	6.2413
11.6169	6.2392
11.6216	6.2409
11.6478	6.2267
11.645	6.2429
11.6561	6.2432
11.6758	6.254
11.6871	6.262
11.6953	6.2561
11.7039	6.2564
11.7065	6.276
11.7214	6.2791
11.7218	6.2842
11.7434	6.3
11.7519	6.301
11.743	6.3097
11.7428	6.3302
11.7441	6.3358
11.7396	6.3368
11.7406	6.357
11.7487	6.3587
11.7351	6.3857
11.7339	6.4015
11.7334	6.4027
11.7283	6.414
11.7296	6.4235
11.734	6.4476
11.7274	6.4572
11.7265	6.4686
11.7285	6.4953
11.7237	6.4852
11.7153	6.5114
11.728	6.5087
11.7231	6.5305
11.7255	6.5239
11.7225	6.5254
11.729	6.5489
11.7323	6.5538
11.7352	6.5548
11.7526	6.5511
11.7447	6.5688
11.7622	6.5633
11.7652	6.5619
11.7688	6.57
11.7737	6.5628
11.7753	6.5703
11.7994	6.5633
11.8174	6.5657
11.8144	6.5665
11.8393	6.5525
11.8435	6.5436
11.8604	6.5504
11.869	6.5621
11.8711	6.5501
11.8829	6.5553
11.8916	6.5532
11.8982	6.5565
11.9008	6.5535
11.9099	6.5605
11.9095	6.5569
11.9079	6.5583
11.9174	6.568
11.913	6.561
11.9187	6.5606
11.9235	6.5562
11.9207	6.5574
11.9166	6.5542
11.9225	6.5708
11.9155	6.5666
11.9212	6.5654
11.9259	6.5715
11.9264	6.5833
11.9227	6.5907
11.9279	6.5924
11.9216	6.5966
11.9244	6.612
11.925	6.6249
11.9206	6.6374
11.9123	6.6483
11.9242	6.6657
11.9145	6.6806
11.9198	6.6987
11.9113	6.7022
11.8965	6.7229
11.9022	6.7396
11.8968	6.7453
11.9115	6.7672
11.9071	6.7923
11.9204	6.7875
11.907	6.7948
11.9076	6.7976
11.9305	6.8277
11.9357	6.8281
11.9448	6.8388
11.9571	6.8476
11.9646	6.8492
11.984	6.8764
12.0003	6.8828
12.0158	6.8982
12.0247	6.8974
12.0432	6.9077
12.0755	6.9209
12.0781	6.9134
12.0949	6.9206
12.1178	6.9261
12.1288	6.9252
12.157	6.9472
12.1728	6.9568
12.1966	6.955
12.2123	6.9713
12.2317	6.9665
12.2655	6.9947
12.2916	7.0007
12.3088	6.9975
12.3416	7.0194
12.3397	7.0347
12.3973	7.0528
12.4171	7.0571
12.4427	7.0629
12.4768	7.0678
12.4867	7.0865
12.553	7.1002
12.5743	7.1047
12.6024	7.0974
12.6365	7.099
12.6604	7.0897
12.7238	7.0821
12.7428	7.0774
12.7648	7.0654
12.7996	7.0529
12.8261	7.038
12.8806	7.0063
12.9258	7.002
12.9527	6.9759
12.9812	6.947
13.0107	6.9519
13.0717	6.9225
13.0921	6.9142
13.1241	6.9044
13.1538	6.8873
13.1857	6.8761
13.2394	6.8598
