5.8783	4.9788
5.8786	4.9826
5.8833	5.0154
5.8629	5.0041
5.8597	5.0064
5.8672	5.0125
5.8639	5.006
5.8593	5.0201
5.8603	5.0275
5.8595	5.0104
5.8577	5.0192
5.8564	5.0241
5.8661	5.0282
5.886	5.0324
5.8949	5.0283
5.8982	5.03
5.9162	5.0329
5.9208	5.0228
5.949	5.0195
5.959	5.0126
5.9723	4.9996
5.984	5.0033
5.9958	5.006
6.0202	4.9847
6.0415	4.9804
6.0528	4.9774
6.0683	4.9837
6.0823	4.9813
6.1147	4.9861
6.1329	4.9901
6.1562	5.0025
6.1786	5.0171
6.2045	5.0228
6.2452	5.0355
6.2685	5.0418
6.2915	5.0598
6.3133	5.069
6.328	5.079
6.3861	5.119
6.4034	5.1395
6.4243	5.1642
6.452	5.1816
6.4752	5.2007
6.5258	5.2315
6.5414	5.2455
6.5623	5.2552
6.5841	5.2629
6.6109	5.2731
6.6627	5.2974
6.6922	5.3014
6.6991	5.3076
6.7304	5.3124
6.7521	5.3126
6.8005	5.3148
6.8294	5.3159
6.8558	5.3
6.8805	5.2917
6.9062	5.2919
6.9535	5.2699
6.9855	5.264
7.0058	5.2624
7.0327	5.2468
7.0474	5.2484
7.1009	5.2549
7.1288	5.2474
7.1457	5.243
7.1741	5.2478
7.201	5.2437
7.2496	5.2564
7.2832	5.2509
7.3098	5.2653
7.3322	5.2752
7.3646	5.2857
7.4071	5.2981
7.4327	5.316
7.4695	5.3129
7.5091	5.3348
7.5235	5.346
7.5731	5.3489
7.5972	5.3561
7.615	5.3692
7.6495	5.3711
7.6711	5.3826
7.7347	5.3839
7.749	5.3876
7.7823	5.391
7.8025	5.3775
7.8147	5.3735
7.8741	5.3556
7.8923	5.3415
7.9123	5.3312
7.9475	5.3159
7.9727	5.3029
8.0257	5.2956
8.0519	5.2877
8.0679	5.2751
8.0919	5.276
8.1207	5.2643
8.1682	5.2838
8.2045	5.288
8.2311	5.2955
8.2527	5.2992
8.29	5.3189
8.3476	5.3445
8.3825	5.3631
8.4127	5.3656
8.438	5.379
8.4767	5.3911
8.531	5.3925
8.5574	5.3934
8.6036	5.3976
8.6286	5.3987
8.6638	5.4047
8.7322	5.3942
8.7594	5.3907
8.791	5.3889
8.8274	5.38
8.859	5.3699
8.9206	5.353
8.9464	5.3431
8.9774	5.3339
9.0012	5.3321
9.0341	5.3305
9.1003	5.3276
9.1291	5.3321
9.1572	5.3346
9.1916	5.3334
9.2196	5.3306
9.2837	5.354
9.3103	5.3511
9.3403	5.3651
9.3609	5.3638
9.4021	5.386
9.4602	5.4103
9.4836	5.4177
9.5147	5.4242
9.5465	5.4304
9.5749	5.4389
9.6278	5.4477
9.6582	5.4458
9.6874	5.4386
9.716	5.4389
9.7473	5.4402
9.8023	5.4308
9.825	5.4245
9.8534	5.4193
9.8777	5.4124
9.8977	5.407
9.9384	5.3995
9.9592	5.3998
9.9818	5.401
10.0031	5.4079
10.0177	5.4031
10.0627	5.4126
10.0811	5.4214
10.0998	5.4253
10.1139	5.4359
10.138	5.447
10.1634	5.4676
10.178	5.4665
10.1964	5.4862
10.2099	5.4975
10.2253	5.5048
10.2505	5.5178
10.2656	5.5352
10.2807	5.5341
10.2975	5.5502
10.3067	5.5467
10.3457	5.5558
10.3521	5.5602
10.3522	5.555
10.3805	5.5587
10.3809	5.5523
10.3998	5.5471
10.4177	5.541
10.4211	5.5338
10.4311	5.5256
10.4463	5.5253
10.4687	5.5087
10.4912	5.4871
10.5032	5.4821
10.5157	5.4658
10.5313	5.4744
10.5593	5.4476
10.5753	5.4586
10.5827	5.4471
10.5908	5.429
10.608	5.4267
10.6236	5.4132
10.6467	5.4076
10.6508	5.3982
10.6595	5.3995
10.6706	5.3929
10.6854	5.3856
10.6925	5.3903
10.7099	5.3821
10.7252	5.3905
10.7294	5.3821
10.7569	5.3942
10.7529	5.3939
10.7642	5.3939
10.7771	5.396
10.7815	5.4097
10.8011	5.4263
10.8067	5.4337
10.8183	5.4364
10.8079	5.4573
10.8324	5.4621
10.8277	5.4797
10.828	5.4987
10.8356	5.5252
10.8401	5.5248
10.8503	5.5414
10.859	5.565
10.8672	5.5715
10.8664	5.5834
10.8706	5.5924
10.8789	5.5992
10.8992	5.6023
10.9095	5.6127
10.9168	5.6112
10.9316	5.6027
10.9314	5.6096
10.9461	5.6083
10.9531	5.6098
10.9701	5.5998
10.9841	5.6036
10.9927	5.5927
11.0151	5.5898
11.0301	5.581
11.048	5.5866
11.0658	5.576
11.0797	5.5677
11.1039	5.5594
11.1168	5.5625
11.1299	5.5422
11.145	5.5471
11.1494	5.5465
11.1729	5.5474
11.1688	5.546
11.176	5.5504
11.1851	5.5525
11.1828	5.5429
11.1953	5.5633
11.1944	5.5573
11.21	5.5556
11.2064	5.5539
11.2173	5.5601
11.226	5.5649
11.2342	5.5745
11.25	5.592
11.2487	5.5929
11.2569	5.5967
11.2712	5.616
11.2613	5.6217
11.2584	5.6295
11.2532	5.6334
11.2481	5.6387
11.2516	5.663
11.24	5.6718
11.2364	5.6745
11.2426	5.6835
11.2316	5.688
11.2353	5.702
11.2442	5.7084
11.2313	5.7248
11.2424	5.7276
11.2413	5.733
11.252	5.7403
11.2679	5.742
11.2678	5.7462
11.2828	5.741
11.2893	5.7461
11.3066	5.7459
11.3136	5.7393
11.3247	5.7462
11.3392	5.7347
11.3498	5.7254
11.3667	5.7263
11.363	5.717
11.3824	5.7235
11.3956	5.7202
11.4021	5.7121
11.411	5.7135
11.419	5.7208
11.4319	5.716
11.4368	5.7186
11.4457	5.7238
11.4568	5.7129
11.46	5.7114
11.4669	5.7107
11.4674	5.7023
11.4765	5.7072
11.4918	5.7209
11.5031	5.714
11.5094	5.7186
11.5038	5.7215
11.5135	5.72
11.5179	5.716
11.5351	5.7192
11.537	5.7223
11.5449	5.7359
11.5548	5.7396
11.5678	5.7423
11.5685	5.7456
11.563	5.768
11.5531	5.77
11.5557	5.7741
11.5528	5.7946
11.544	5.7992
11.5448	5.8163
11.5453	5.8214
11.5404	5.8333
11.5222	5.8564
11.523	5.857
11.5152	5.8689
11.5024	5.8774
11.498	5.8858
11.498	5.902
11.4855	5.9082
11.4812	5.9139
11.4829	5.9201
11.4855	5.9228
11.4841	5.9387
11.4785	5.9359
11.4855	5.9414
11.5002	5.9496
11.4968	5.9496
11.5136	5.9524
11.5301	5.9582
11.5318	5.9669
11.5386	5.9642
11.5582	5.9735
11.5741	5.9761
11.5806	5.9724
11.5961	5.9803
11.6084	5.9875
11.6095	5.9956
11.6216	6.0041
11.6248	6.0096
11.6176	6.007
11.6216	6.0154
11.6207	6.0279
11.6363	6.0389
11.6189	6.045
11.6166	6.055
11.6098	6.0707
11.6135	6.0706
11.5929	6.0744
11.5902	6.0807
11.5929	6.0897
11.5775	6.0867
11.5718	6.0983
11.5747	6.1178
11.5596	6.1273
11.5641	6.1315
11.5532	6.1493
11.5614	6.1547
11.5594	6.1718
11.5806	6.1802
11.5808	6.1749
11.5722	6.1813
11.5976	6.1862
11.6182	6.1872
11.6283	6.1915
11.6261	6.1865
11.6377	6.1914
11.6577	6.188
11.6704	6.1895
11.6881	6.1974
11.6901	6.1932
11.6986	6.1955
11.7041	6.1983
11.7199	6.2109
11.7249	6.2191
11.721	6.2206
11.7281	6.2308
11.735	6.2255
11.731	6.221
11.7202	6.2242
11.7276	6.2213
11.7357	6.224
11.723	6.2174
11.7251	6.2249
11.7153	6.2243
11.7055	6.2336
11.704	6.2257
11.6909	6.2263
11.6929	6.2409
11.6775	6.2312
11.6762	6.2569
11.6691	6.2471
11.6617	6.2579
11.6592	6.2689
11.6556	6.281
11.6511	6.2763
11.645	6.2864
11.6341	6.2916
11.6419	6.3039
11.6346	6.3182
11.6323	6.3348
11.6371	6.3477
11.6399	6.3444
11.6486	6.3626
11.647	6.3547
11.6468	6.3546
11.6576	6.3685
11.659	6.3694
11.684	6.3732
11.6744	6.3634
11.6797	6.37
11.6857	6.3639
11.6935	6.3651
11.7023	6.3837
11.7069	6.3768
11.7084	6.3785
11.7251	6.3765
11.7252	6.3761
11.7412	6.3775
11.746	6.3857
11.7585	6.3871
11.7639	6.3909
11.7694	6.3945
11.7767	6.3934
11.7739	6.3948
11.7837	6.4067
11.786	6.4199
11.7927	6.4283
11.8018	6.4468
11.7937	6.4471
11.7983	6.4623
11.7931	6.4689
11.8032	6.481
11.7949	6.4855
11.8008	6.5022
11.8033	6.5033
11.8028	6.5078
11.7964	6.5176
11.7906	6.5206
11.7949	6.5269
11.7854	6.5491
11.783	6.5568
11.796	6.5603
11.7885	6.5796
11.7943	6.6007
11.7942	6.6019
11.7925	6.6103
11.7997	6.622
11.8108	6.6505
11.8221	6.6699
11.8353	6.6807
11.8542	6.6901
11.8663	6.7073
11.8824	6.711
11.8979	6.7205
11.9265	6.7343
11.9292	6.7391
11.947	6.7415
11.9765	6.7583
11.9826	6.7572
11.9954	6.7687
12.0084	6.7769
12.0002	6.7871
12.0233	6.8165
12.0323	6.8353
12.033	6.8428
12.0403	6.8665
12.0403	6.8707
12.0484	6.9035
12.0463	6.9084
12.0519	6.924
12.0425	6.9471
12.0443	6.9706
12.0614	7.0035
12.054	7.021
12.0476	7.0357
12.0594	7.0415
12.0695	7.058
12.0915	7.0712
12.1002	7.0772
12.124	7.0916
12.1352	7.0857
12.1546	7.0887
12.1943	7.0941
12.2031	7.0751
12.2276	7.0807
12.2482	7.0847
12.2729	7.087
12.3235	7.0761
12.3433	7.0738
12.3623	7.0666
12.3859	7.0686
12.4147	7.0602
12.4587	7.059
12.4881	7.0577
12.511	7.0485
12.5448	7.048
12.5683	7.0513
12.6293	7.0653
12.6532	7.0646
12.674	7.076
12.7131	7.0801
12.7561	7.0937
12.8088	7.1022
12.847	7.1025
12.8712	7.1048
12.9107	7.1104
12.9254	7.1017
12.9886	7.0928
13.0089	7.075
13.0379	7.0744
13.0586	7.0619
13.082	7.0516
13.1143	7.0188
13.1474	7.0036
13.1551	6.9707
