9.24391    5.86597
9.20264    5.86597
9.16137    5.86597
9.07884    5.86597
9.01694    5.86597
8.99631    5.86597
8.9344    5.86597
8.89314    5.86597
8.8106    5.86597
8.7487    5.86597
8.6868    5.88483
8.66617    5.88483
8.60426    5.88483
8.52173    5.9037
8.48046    5.92256
8.43919    5.92256
8.37729    5.94142
8.31539    5.94142
8.25349    5.97914
8.17096    5.97914
8.12969    5.998
8.08842    5.998
8.04715    6.01687
7.96462    6.01687
7.92335    6.01687
7.86145    6.03573
7.84082    6.03573
7.77892    6.01687
7.71701    6.01687
7.65511    6.01687
7.61385    5.998
7.57258    5.998
7.53131    5.97914
7.42814    5.97914
7.36624    5.97914
7.34561    5.96028
7.28371    5.96028
7.24244    5.96028
7.1599    5.96028
7.098    5.96028
7.0361    5.96028
7.01547    5.96028
6.95357    5.96028
6.87103    5.96028
6.82976    5.96028
6.76786    5.97914
6.70596    5.97914
6.68533    5.97914
6.56153    5.97914
6.52026    5.97914
6.45836    5.97914
6.43772    5.97914
6.37582    5.96028
6.31392    5.94142
6.23139    5.92256
6.19012    5.9037
6.12822    5.9037
6.10758    5.88483
5.98378    5.86597
5.92188    5.86597
5.88061    5.86597
5.83934    5.86597
5.79808    5.86597
5.69491    5.86597
5.63301    5.86597
5.59174    5.86597
5.55047    5.84711
5.50921    5.84711
5.42667    5.84711
5.36477    5.84711
5.30287    5.84711
5.28223    5.84711
5.22033    5.84711
5.1378    5.84711
5.0759    5.84711
5.014    5.84711
4.99336    5.82825
4.93146    5.82825
4.84893    5.82825
4.80766    5.82825
4.76639    5.80939
4.70449    5.80939
4.64259    5.80939
4.56005    5.79053
4.51879    5.79053
4.45689    5.79053
4.39498    5.79053
4.35372    5.79053
4.27118    5.79053
4.20928    5.79053
4.14738    5.79053
4.12675    5.79053
4.06484    5.79053
4.00294    5.80939
3.94104    5.80939
3.92041    5.80939
3.85851    5.82825
3.83787    5.84711
3.7347    5.86597
3.71407    5.88483
3.65217    5.88483
3.6109    5.9037
3.56963    5.9037
3.4871    5.92256
3.44583    5.92256
3.40456    5.92256
3.3633    5.92256
3.32203    5.92256
3.2395    5.92256
3.17759    5.92256
3.11569    5.92256
3.09506    5.9037
3.03316    5.9037
2.95062    5.9037
2.90936    5.9037
2.86809    5.9037
2.82682    5.9037
2.78555    5.9037
2.70302    5.92256
2.66175    5.92256
2.62048    5.92256
2.57922    5.92256
2.53795    5.92256
2.47605    5.94142
2.41415    5.96028
2.39351    5.96028
2.35224    5.97914
2.31098    5.97914
