11.266    8.39343
11.2247    8.39343
11.1628    8.41229
11.0803    8.43116
11.039    8.45002
10.9978    8.45002
10.9565    8.45002
10.9152    8.45002
10.8327    8.46888
10.7914    8.46888
10.7502    8.46888
10.7089    8.46888
10.6676    8.45002
10.5851    8.43116
10.5232    8.43116
10.4613    8.41229
10.4407    8.41229
10.3788    8.39343
10.3169    8.39343
10.255    8.39343
10.2137    8.39343
10.1724    8.39343
10.1518    8.39343
10.0486    8.39343
10.0074    8.39343
9.96609    8.39343
9.92482    8.39343
9.88356    8.41229
9.80102    8.43116
9.75975    8.43116
9.69785    8.43116
9.65658    8.45002
9.61532    8.45002
9.53278    8.45002
9.49151    8.46888
9.45025    8.46888
9.40898    8.46888
9.36771    8.46888
9.30581    8.46888
9.28518    8.45002
9.24391    8.45002
9.20264    8.45002
9.16137    8.45002
9.09947    8.43116
9.07884    8.43116
9.01694    8.43116
8.99631    8.41229
8.95504    8.41229
8.89314    8.39343
8.85187    8.39343
8.8106    8.37457
8.78997    8.37457
8.72807    8.37457
8.6868    8.35571
8.64553    8.33685
8.6249    8.33685
8.58363    8.31799
8.563    8.31799
8.54236    8.28026
8.5011    8.2614
8.48046    8.24254
8.48046    8.24254
8.45983    8.22368
8.39793    8.20482
8.39793    8.18595
8.37729    8.16709
8.35666    8.16709
8.35666    8.16709
8.31539    8.16709
8.29476    8.16709
8.27412    8.16709
8.27412    8.18595
8.25349    8.18595
8.21222    8.22368
8.21222    8.24254
8.19159    8.2614
8.19159    8.28026
8.19159    8.29912
8.15032    8.33685
8.12969    8.35571
8.08842    8.39343
8.06779    8.41229
8.04715    8.43116
7.98525    8.46888
7.96462    8.46888
7.92335    8.48774
7.90272    8.5066
7.88208    8.5066
7.82018    8.5066
7.79955    8.5066
7.73765    8.5066
7.71701    8.5066
7.65511    8.48774
7.59321    8.46888
7.55194    8.46888
7.51068    8.45002
7.46941    8.45002
7.42814    8.45002
7.34561    8.45002
7.28371    8.43116
7.26307    8.43116
7.20117    8.43116
7.18054    8.41229
7.07737    8.41229
7.0361    8.39343
6.9742    8.41229
6.9123    8.41229
6.87103    8.41229
6.76786    8.41229
6.70596    8.41229
6.66469    8.41229
6.62343    8.41229
6.58216    8.41229
6.47899    8.39343
6.41709    8.39343
6.37582    8.37457
6.33455    8.35571
6.29329    8.33685
6.19012    8.31799
6.12822    8.29912
6.08695    8.29912
6.02505    8.28026
5.96315    8.28026
5.88061    8.28026
5.81871    8.2614
5.75681    8.2614
5.71554    8.24254
5.65364    8.24254
5.55047    8.24254
5.50921    8.24254
5.4473    8.24254
5.36477    8.2614
5.30287    8.2614
5.22033    8.2614
5.15843    8.28026
5.09653    8.28026
5.05526    8.28026
5.014    8.28026
4.91083    8.28026
4.84893    8.28026
4.80766    8.2614
4.74576    8.2614
4.68386    8.24254
4.60132    8.24254
4.53942    8.24254
4.47752    8.2614
4.43625    8.2614
4.39498    8.28026
4.31245    8.28026
4.25055    8.28026
4.18865    8.29912
4.16801    8.29912
4.10611    8.29912
4.02358    8.31799
3.96168    8.31799
3.89977    8.33685
3.85851    8.35571
3.81724    8.35571
3.7347    8.37457
3.6728    8.37457
3.6109    8.37457
3.59027    8.37457
3.52837    8.37457
3.44583    8.37457
3.40456    8.37457
3.3633    8.37457
3.32203    8.35571
3.26013    8.35571
3.15696    8.37457
3.11569    8.37457
3.07443    8.37457
3.03316    8.37457
2.99189    8.39343
2.90936    8.39343
2.86809    8.39343
2.82682    8.39343
2.78555    8.41229
2.74429    8.41229
2.66175    8.43116
2.62048    8.45002
2.55858    8.46888
