11.9469    8.71408
11.9057    8.71408
11.8644    8.73294
11.8025    8.7518
11.7612    8.7518
11.7406    8.7518
11.6993    8.77067
11.6787    8.77067
11.6168    8.77067
11.5755    8.77067
11.5549    8.7518
11.5136    8.7518
11.493    8.7518
11.4311    8.73294
11.3898    8.71408
11.3485    8.71408
11.3279    8.69522
11.2866    8.69522
11.2247    8.67636
11.1835    8.6575
11.1422    8.6575
11.1009    8.6575
11.0803    8.6575
11.0184    8.6575
10.9771    8.6575
10.9359    8.6575
10.9152    8.6575
10.874    8.6575
10.8121    8.6575
10.7708    8.6575
10.7295    8.6575
10.6883    8.6575
10.647    8.67636
10.5851    8.67636
10.5438    8.67636
10.5026    8.6575
10.4819    8.6575
10.4407    8.63863
10.3788    8.61977
10.3375    8.60091
10.3169    8.58205
10.2756    8.56319
10.255    8.54433
10.1931    8.5066
10.1518    8.48774
10.1312    8.46888
10.0899    8.45002
10.0693    8.43116
10.0074    8.41229
9.96609    8.41229
9.92482    8.39343
9.90419    8.39343
9.88356    8.39343
9.82165    8.39343
9.78039    8.39343
9.75975    8.39343
9.71849    8.39343
9.67722    8.39343
9.61532    8.39343
9.57405    8.41229
9.55342    8.39343
9.51215    8.41229
9.49151    8.41229
9.42961    8.39343
9.40898    8.37457
9.38835    8.35571
9.34708    8.35571
9.32644    8.33685
9.28518    8.29912
9.26454    8.28026
9.24391    8.2614
9.22328    8.24254
9.20264    8.22368
9.16137    8.18595
9.14074    8.16709
9.12011    8.14823
9.09947    8.14823
9.07884    8.14823
9.05821    8.14823
9.03757    8.14823
9.01694    8.12937
8.99631    8.12937
8.97567    8.14823
8.95504    8.14823
8.9344    8.16709
8.91377    8.16709
8.89314    8.18595
8.8725    8.20482
8.83124    8.22368
8.78997    8.24254
8.76933    8.28026
8.72807    8.29912
8.70743    8.31799
8.64553    8.37457
8.60426    8.41229
8.563    8.43116
8.52173    8.46888
8.5011    8.46888
8.43919    8.5066
8.39793    8.5066
8.37729    8.52546
8.33603    8.52546
8.31539    8.52546
8.25349    8.52546
8.21222    8.5066
8.17096    8.5066
8.12969    8.48774
8.08842    8.46888
8.00589    8.45002
7.94398    8.45002
7.90272    8.43116
7.86145    8.43116
7.82018    8.43116
7.73765    8.43116
7.69638    8.43116
7.65511    8.45002
7.61385    8.45002
7.57258    8.45002
7.49004    8.45002
7.44878    8.45002
7.38687    8.45002
7.34561    8.45002
7.30434    8.45002
7.20117    8.45002
7.1599    8.45002
7.11864    8.45002
7.07737    8.45002
7.0361    8.45002
6.95357    8.43116
6.9123    8.41229
6.87103    8.39343
6.82976    8.39343
6.7885    8.37457
6.68533    8.35571
6.64406    8.33685
6.58216    8.31799
6.54089    8.31799
6.47899    8.29912
6.39646    8.29912
6.35519    8.31799
6.29329    8.31799
6.25202    8.31799
6.21075    8.33685
6.12822    8.35571
6.08695    8.35571
6.02505    8.35571
5.98378    8.35571
5.94251    8.37457
5.83934    8.39343
5.79808    8.41229
5.73618    8.41229
5.69491    8.43116
5.65364    8.43116
5.57111    8.45002
5.50921    8.45002
5.46794    8.45002
5.42667    8.45002
5.3854    8.45002
5.28223    8.43116
5.24097    8.43116
5.1997    8.43116
5.1378    8.41229
5.09653    8.41229
4.99336    8.41229
4.95209    8.41229
4.89019    8.41229
4.84893    8.43116
4.80766    8.43116
4.72512    8.45002
4.66322    8.46888
4.62195    8.46888
4.58069    8.46888
4.53942    8.48774
4.45689    8.5066
4.39498    8.5066
4.35372    8.52546
4.31245    8.54433
4.25055    8.54433
4.16801    8.56319
4.12675    8.56319
4.08548    8.56319
4.04421    8.58205
3.98231    8.58205
3.89977    8.58205
3.85851    8.56319
3.81724    8.56319
3.77597    8.56319
3.7347    8.56319
3.65217    8.56319
3.59027    8.54433
3.549    8.54433
3.50773    8.54433
3.46647    8.56319
