12.7929    8.35571
12.7516    8.35571
12.731    8.33685
12.6691    8.33685
12.6278    8.31799
12.5866    8.31799
12.5453    8.31799
12.5247    8.29912
12.4628    8.29912
12.4215    8.29912
12.3802    8.28026
12.339    8.29912
12.3183    8.28026
12.2564    8.28026
12.2152    8.28026
12.1739    8.28026
12.1326    8.28026
12.0914    8.28026
12.0295    8.28026
12.0088    8.28026
11.9469    8.28026
11.9263    8.2614
11.885    8.2614
11.8231    8.2614
11.8025    8.24254
11.7406    8.24254
11.72    8.24254
11.6787    8.22368
11.5962    8.22368
11.5549    8.20482
11.5136    8.20482
11.4724    8.18595
11.4517    8.18595
11.3898    8.16709
11.3279    8.16709
11.3073    8.16709
11.266    8.16709
11.2247    8.16709
11.1628    8.16709
11.1422    8.16709
11.0803    8.16709
11.0597    8.16709
11.0184    8.16709
10.9359    8.16709
10.8946    8.16709
10.874    8.18595
10.8533    8.18595
10.8121    8.18595
10.7502    8.18595
10.7295    8.18595
10.6676    8.16709
10.6676    8.16709
10.647    8.16709
10.5645    8.16709
10.5438    8.16709
10.5232    8.16709
10.4819    8.16709
10.4613    8.16709
10.42    8.14823
10.3788    8.14823
10.3581    8.14823
10.2962    8.14823
10.2962    8.14823
10.2343    8.14823
10.1931    8.14823
10.1724    8.14823
10.1518    8.14823
10.1105    8.14823
10.0693    8.14823
10.0486    8.14823
10.0486    8.14823
10.028    8.14823
9.98672    8.16709
9.92482    8.16709
9.92482    8.16709
9.90419    8.16709
9.86292    8.16709
9.84229    8.16709
9.82165    8.16709
9.80102    8.16709
9.80102    8.16709
9.78039    8.16709
9.73912    8.16709
9.71849    8.14823
9.71849    8.14823
9.69785    8.14823
9.65658    8.14823
9.63595    8.12937
9.61532    8.11051
9.59468    8.11051
9.59468    8.09165
9.57405    8.07278
9.53278    8.07278
9.49151    8.03506
9.47088    8.0162
9.47088    8.0162
9.45025    7.99734
9.42961    7.97848
9.40898    7.95961
9.36771    7.94075
9.34708    7.94075
9.34708    7.92189
9.32644    7.92189
9.28518    7.90303
9.26454    7.88417
9.26454    7.86531
9.24391    7.86531
9.22328    7.84644
9.20264    7.80872
9.16137    7.78986
9.14074    7.771
9.14074    7.75214
9.12011    7.75214
9.05821    7.71441
9.03757    7.69555
8.99631    7.69555
8.97567    7.67669
8.97567    7.65783
8.91377    7.63897
8.8725    7.62011
8.85187    7.62011
8.83124    7.60124
8.78997    7.58238
8.72807    7.56352
8.70743    7.56352
8.66617    7.56352
8.6249    7.54466
8.60426    7.54466
8.54236    7.5258
8.5011    7.5258
8.45983    7.5258
8.41856    7.5258
8.37729    7.50694
8.31539    7.50694
8.29476    7.50694
8.23286    7.50694
8.21222    7.5258
8.17096    7.5258
8.08842    7.54466
8.02652    7.54466
8.00589    7.54466
7.94398    7.54466
7.92335    7.54466
7.84082    7.56352
7.79955    7.56352
7.75828    7.54466
7.71701    7.54466
7.67575    7.54466
7.59321    7.54466
7.55194    7.5258
7.49004    7.5258
7.46941    7.50694
7.40751    7.50694
7.34561    7.50694
7.28371    7.48807
7.26307    7.48807
7.20117    7.48807
7.18054    7.48807
7.07737    7.48807
7.05673    7.48807
6.99483    7.48807
6.9742    7.48807
6.9123    7.48807
6.8504    7.50694
6.7885    7.50694
6.76786    7.50694
6.70596    7.5258
6.68533    7.5258
6.60279    7.5258
6.54089    7.5258
6.52026    7.5258
6.45836    7.5258
6.43772    7.5258
6.35519    7.5258
6.31392    7.5258
6.25202    7.5258
6.23139    7.5258
6.16948    7.5258
6.10758    7.5258
6.04568    7.5258
6.00441    7.5258
5.96315    7.5258
5.92188    7.5258
5.83934    7.54466
5.79808    7.54466
5.75681    7.54466
5.71554    7.56352
5.65364    7.56352
5.55047    7.58238
5.50921    7.60124
5.46794    7.62011
5.42667    7.63897
5.3854    7.63897
