12.6897    7.771
12.6485    7.771
12.6072    7.75214
12.5453    7.75214
12.504    7.75214
12.4628    7.75214
12.4215    7.75214
12.4009    7.75214
12.3183    7.75214
12.2771    7.771
12.2358    7.75214
12.1945    7.771
12.1739    7.75214
12.0914    7.78986
12.0501    7.78986
12.0088    7.80872
11.9676    7.78986
11.9263    7.80872
11.8644    7.78986
11.8231    7.80872
11.7819    7.80872
11.7406    7.80872
11.6993    7.80872
11.6374    7.78986
11.5962    7.80872
11.5549    7.78986
11.5136    7.78986
11.4724    7.78986
11.3898    7.771
11.3485    7.75214
11.3073    7.771
11.266    7.75214
11.2454    7.771
11.1628    7.75214
11.1216    7.771
11.0803    7.771
11.039    7.771
11.0184    7.771
10.9359    7.771
10.8946    7.771
10.8533    7.78986
10.8121    7.80872
10.7708    7.78986
10.7089    7.80872
10.6676    7.78986
10.647    7.80872
10.6057    7.78986
10.5851    7.80872
10.5026    7.78986
10.4613    7.80872
10.42    7.78986
10.3994    7.78986
10.3581    7.78986
10.2756    7.78986
10.255    7.78986
10.2137    7.78986
10.1724    7.78986
10.1518    7.78986
10.0899    7.80872
10.0486    7.78986
10.028    7.80872
9.98672    7.80872
9.96609    7.80872
9.90419    7.82758
9.86292    7.84644
9.82165    7.82758
9.80102    7.86531
9.75975    7.86531
9.71849    7.88417
9.67722    7.86531
9.65658    7.88417
9.63595    7.86531
9.59468    7.86531
9.55342    7.86531
9.51215    7.86531
9.49151    7.84644
9.45025    7.82758
9.42961    7.82758
9.36771    7.80872
9.32644    7.771
9.30581    7.75214
9.26454    7.771
9.24391    7.75214
9.20264    7.75214
9.16137    7.75214
9.14074    7.75214
9.12011    7.73327
9.09947    7.71441
9.03757    7.73327
9.01694    7.71441
8.99631    7.73327
8.97567    7.71441
8.95504    7.73327
8.91377    7.71441
8.89314    7.73327
8.8725    7.71441
8.85187    7.71441
8.83124    7.71441
8.78997    7.69555
8.7487    7.67669
8.72807    7.67669
8.70743    7.65783
8.6868    7.63897
8.6249    7.62011
8.60426    7.58238
8.58363    7.58238
8.54236    7.58238
8.52173    7.58238
8.48046    7.56352
8.43919    7.58238
8.41856    7.58238
8.37729    7.58238
8.35666    7.58238
8.29476    7.60124
8.27412    7.62011
8.23286    7.62011
8.21222    7.63897
8.17096    7.65783
8.10905    7.67669
8.06779    7.69555
8.04715    7.69555
8.00589    7.69555
7.96462    7.69555
7.90272    7.71441
7.86145    7.71441
7.82018    7.71441
7.77892    7.71441
7.73765    7.71441
7.65511    7.69555
7.61385    7.67669
7.57258    7.67669
7.53131    7.67669
7.49004    7.67669
7.40751    7.67669
7.36624    7.67669
7.32497    7.65783
7.28371    7.63897
7.24244    7.65783
7.18054    7.63897
7.13927    7.65783
7.098    7.65783
7.05673    7.65783
7.01547    7.65783
6.93293    7.65783
6.89166    7.67669
6.8504    7.69555
6.80913    7.67669
6.76786    7.69555
6.68533    7.67669
6.64406    7.69555
6.60279    7.67669
6.56153    7.67669
6.52026    7.67669
6.43772    7.65783
6.37582    7.62011
6.33455    7.60124
6.27265    7.60124
6.23139    7.60124
6.14885    7.58238
6.08695    7.56352
6.04568    7.56352
6.00441    7.56352
5.96315    7.56352
5.85998    7.54466
5.81871    7.5258
5.77744    7.54466
5.71554    7.5258
5.67427    7.54466
5.57111    7.5258
5.52984    7.54466
5.48857    7.5258
5.42667    7.5258
5.3854    7.5258
5.30287    7.5258
5.2616    7.50694
5.1997    7.48807
5.15843    7.48807
5.11716    7.48807
5.014    7.46921
4.97273    7.43149
4.91083    7.43149
4.86956    7.41263
4.82829    7.43149
4.72512    7.41263
4.66322    7.43149
4.62195    7.41263
4.58069    7.43149
4.51879    7.41263
4.43625    7.43149
4.39498    7.43149
4.35372    7.43149
4.31245    7.43149
4.25055    7.45035
