13.4326    5.96028
13.3913    5.92256
13.3707    5.9037
13.3088    5.84711
13.2675    5.80939
13.2469    5.79053
13.2056    5.7528
13.1643    5.73394
13.0818    5.67736
13.0405    5.65849
12.9786    5.63963
12.9373    5.62077
12.8961    5.60191
12.7929    5.58305
12.7516    5.58305
12.7104    5.56419
12.6485    5.56419
12.6072    5.56419
12.5247    5.54532
12.4628    5.54532
12.4215    5.52646
12.3802    5.52646
12.339    5.5076
12.2358    5.48874
12.1945    5.46988
12.1533    5.46988
12.112    5.45102
12.0501    5.43215
11.9676    5.41329
11.9263    5.41329
11.885    5.41329
11.8438    5.39443
11.8025    5.39443
11.72    5.41329
11.6787    5.41329
11.6374    5.41329
11.6168    5.41329
11.5755    5.41329
11.5136    5.43215
11.4724    5.43215
11.4517    5.45102
11.4105    5.45102
11.3692    5.46988
11.3073    5.48874
11.2866    5.5076
11.2454    5.5076
11.2041    5.52646
11.1835    5.52646
11.1009    5.54532
11.0597    5.54532
11.0184    5.54532
10.9978    5.54532
10.9565    5.54532
10.874    5.54532
10.8327    5.54532
10.7914    5.52646
10.7502    5.52646
10.7089    5.52646
10.6264    5.52646
10.5851    5.52646
10.5438    5.52646
10.5232    5.52646
10.4819    5.54532
10.3994    5.56419
10.3581    5.56419
10.3169    5.56419
10.2962    5.58305
10.255    5.58305
10.1931    5.60191
10.1518    5.62077
10.1105    5.63963
10.0899    5.63963
10.0486    5.65849
9.98672    5.67736
9.96609    5.69622
9.92482    5.71508
9.90419    5.71508
9.86292    5.73394
9.80102    5.73394
9.78039    5.7528
9.73912    5.7528
9.71849    5.7528
9.67722    5.7528
9.61532    5.7528
9.57405    5.7528
9.53278    5.73394
9.51215    5.73394
9.47088    5.73394
9.38835    5.71508
9.34708    5.71508
9.30581    5.71508
9.26454    5.71508
9.22328    5.71508
9.14074    5.71508
9.09947    5.71508
9.05821    5.71508
8.99631    5.71508
8.95504    5.71508
8.8725    5.71508
8.8106    5.71508
8.76933    5.71508
8.72807    5.71508
8.6868    5.69622
8.60426    5.71508
8.54236    5.71508
8.5011    5.71508
8.45983    5.71508
8.41856    5.71508
8.33603    5.71508
8.27412    5.71508
8.23286    5.71508
8.19159    5.69622
8.15032    5.69622
8.06779    5.67736
8.00589    5.65849
7.96462    5.63963
7.92335    5.62077
7.86145    5.60191
7.75828    5.58305
7.71701    5.58305
7.65511    5.56419
7.61385    5.56419
7.57258    5.56419
7.46941    5.54532
7.42814    5.54532
7.38687    5.54532
7.32497    5.52646
7.28371    5.52646
7.18054    5.52646
7.13927    5.52646
7.07737    5.52646
7.0361    5.52646
6.99483    5.52646
6.89166    5.52646
6.82976    5.52646
6.7885    5.52646
6.7266    5.5076
6.68533    5.5076
6.60279    5.48874
6.54089    5.48874
6.49962    5.48874
6.45836    5.46988
6.41709    5.46988
6.31392    5.45102
6.27265    5.45102
6.23139    5.43215
6.16948    5.43215
6.12822    5.41329
6.02505    5.41329
5.96315    5.41329
5.92188    5.41329
5.85998    5.39443
5.81871    5.39443
5.71554    5.39443
5.65364    5.39443
5.61237    5.39443
5.55047    5.39443
5.50921    5.39443
5.40604    5.39443
5.34414    5.39443
5.28223    5.39443
5.24097    5.39443
5.17907    5.39443
5.0759    5.39443
5.03463    5.37557
4.97273    5.37557
4.93146    5.37557
4.89019    5.35671
4.78702    5.35671
4.72512    5.33785
4.68386    5.33785
4.62195    5.33785
4.58069    5.33785
4.47752    5.31898
4.41562    5.31898
4.37435    5.31898
4.33308    5.31898
4.27118    5.31898
4.18865    5.31898
4.12675    5.31898
4.08548    5.31898
4.04421    5.31898
4.00294    5.31898
3.89977    5.33785
3.85851    5.33785
3.79661    5.33785
3.75534    5.35671
3.69344    5.35671
3.6109    5.35671
3.549    5.35671
3.50773    5.35671
3.46647    5.35671
3.4252    5.33785
