4.86956    5.54532
4.91083    5.52646
4.97273    5.54532
5.0759    5.5076
5.11716    5.48874
5.15843    5.5076
5.1997    5.46988
5.24097    5.46988
5.3235    5.46988
5.3854    5.46988
5.42667    5.45102
5.46794    5.46988
5.52984    5.45102
5.61237    5.45102
5.65364    5.45102
5.69491    5.45102
5.75681    5.45102
5.81871    5.45102
5.90125    5.45102
5.94251    5.45102
5.98378    5.45102
6.02505    5.45102
6.06632    5.45102
6.14885    5.45102
6.19012    5.45102
6.25202    5.43215
6.31392    5.41329
6.33455    5.41329
6.45836    5.41329
6.49962    5.39443
6.54089    5.37557
6.60279    5.39443
6.62343    5.35671
6.7266    5.35671
6.74723    5.35671
6.80913    5.35671
6.82976    5.35671
6.89166    5.35671
6.95357    5.35671
7.01547    5.35671
7.05673    5.35671
7.098    5.35671
7.13927    5.35671
7.2218    5.35671
7.28371    5.35671
7.34561    5.37557
7.36624    5.39443
7.42814    5.37557
7.49004    5.39443
7.55194    5.37557
7.57258    5.39443
7.63448    5.37557
7.67575    5.39443
7.75828    5.37557
7.79955    5.37557
7.84082    5.37557
7.88208    5.37557
7.94398    5.37557
8.02652    5.37557
8.08842    5.37557
8.10905    5.37557
8.17096    5.37557
8.19159    5.37557
8.27412    5.39443
8.33603    5.37557
8.35666    5.39443
8.41856    5.37557
8.43919    5.39443
8.54236    5.37557
8.58363    5.39443
8.6249    5.37557
8.66617    5.39443
8.70743    5.37557
8.78997    5.39443
8.83124    5.39443
8.8725    5.39443
8.91377    5.39443
8.95504    5.39443
9.03757    5.39443
9.07884    5.37557
9.12011    5.39443
9.16137    5.37557
9.20264    5.37557
9.28518    5.35671
9.32644    5.33785
9.36771    5.33785
9.40898    5.33785
9.45025    5.33785
9.53278    5.31898
9.57405    5.30012
9.63595    5.31898
9.67722    5.30012
9.71849    5.31898
9.80102    5.30012
9.84229    5.31898
9.88356    5.30012
9.92482    5.31898
9.98672    5.31898
10.0486    5.33785
10.1105    5.35671
10.1312    5.35671
10.1931    5.37557
10.2137    5.39443
10.3169    5.39443
10.3581    5.39443
10.3994    5.39443
10.4407    5.39443
10.4819    5.39443
10.5645    5.39443
10.6057    5.39443
10.6676    5.41329
10.7295    5.43215
10.7502    5.41329
10.8533    5.43215
10.8946    5.41329
10.9359    5.43215
10.9771    5.43215
11.0184    5.43215
11.1009    5.45102
11.1422    5.46988
11.1835    5.46988
11.2247    5.46988
11.266    5.46988
11.3485    5.48874
11.3898    5.5076
11.4311    5.5076
11.4724    5.5076
11.5136    5.52646
11.5962    5.56419
11.6374    5.56419
11.6787    5.56419
11.72    5.58305
11.7612    5.56419
11.8438    5.58305
11.885    5.56419
11.9263    5.56419
11.9676    5.56419
12.0088    5.56419
12.0707    5.54532
12.1326    5.52646
12.1533    5.52646
12.2152    5.52646
12.2358    5.5076
12.3183    5.48874
12.3596    5.5076
12.4009    5.48874
12.4421    5.5076
12.4628    5.5076
12.504    5.5076
12.5453    5.5076
12.5659    5.5076
12.6072    5.5076
12.6278    5.5076
12.6691    5.52646
12.6897    5.54532
12.731    5.54532
12.7516    5.54532
12.7723    5.54532
12.8342    5.54532
12.8342    5.54532
12.8548    5.54532
12.8961    5.56419
12.9373    5.58305
12.9786    5.58305
12.9992    5.58305
12.9992    5.60191
