3.96168    5.35671
4.00294    5.35671
4.04421    5.35671
4.12675    5.35671
4.16801    5.35671
4.20928    5.35671
4.22991    5.35671
4.27118    5.37557
4.35372    5.37557
4.39498    5.39443
4.43625    5.39443
4.47752    5.41329
4.51879    5.41329
4.60132    5.45102
4.64259    5.46988
4.68386    5.46988
4.72512    5.48874
4.76639    5.48874
4.84893    5.48874
4.89019    5.48874
4.93146    5.48874
4.97273    5.46988
5.03463    5.46988
5.11716    5.45102
5.15843    5.43215
5.1997    5.43215
5.24097    5.41329
5.30287    5.39443
5.3854    5.35671
5.42667    5.35671
5.46794    5.33785
5.50921    5.33785
5.55047    5.33785
5.61237    5.33785
5.65364    5.33785
5.69491    5.33785
5.73618    5.33785
5.77744    5.33785
5.85998    5.35671
5.90125    5.35671
5.94251    5.37557
5.98378    5.37557
6.00441    5.37557
6.08695    5.39443
6.12822    5.39443
6.16948    5.39443
6.21075    5.39443
6.25202    5.39443
6.31392    5.37557
6.35519    5.35671
6.39646    5.35671
6.43772    5.33785
6.47899    5.33785
6.56153    5.31898
6.60279    5.30012
6.64406    5.28126
6.68533    5.28126
6.7266    5.28126
6.80913    5.2624
6.8504    5.2624
6.89166    5.2624
6.93293    5.2624
6.9742    5.2624
7.0361    5.2624
7.07737    5.2624
7.11864    5.28126
7.1599    5.28126
7.20117    5.28126
7.28371    5.30012
7.32497    5.31898
7.36624    5.31898
7.40751    5.33785
7.44878    5.33785
7.53131    5.33785
7.57258    5.33785
7.61385    5.33785
7.67575    5.33785
7.71701    5.33785
7.79955    5.31898
7.84082    5.31898
7.90272    5.30012
7.94398    5.30012
8.00589    5.30012
8.08842    5.28126
8.15032    5.28126
8.19159    5.28126
8.23286    5.28126
8.27412    5.30012
8.35666    5.30012
8.39793    5.30012
8.43919    5.31898
8.48046    5.31898
8.52173    5.33785
8.60426    5.35671
8.64553    5.37557
8.6868    5.37557
8.72807    5.39443
8.76933    5.41329
8.85187    5.43215
8.89314    5.43215
8.9344    5.45102
8.97567    5.45102
9.01694    5.43215
9.09947    5.43215
9.14074    5.41329
9.18201    5.41329
9.22328    5.41329
9.26454    5.39443
9.36771    5.37557
9.40898    5.35671
9.45025    5.35671
9.51215    5.33785
9.55342    5.33785
9.63595    5.33785
9.69785    5.33785
9.73912    5.33785
9.78039    5.35671
9.82165    5.35671
9.90419    5.35671
9.94546    5.37557
9.98672    5.37557
10.0486    5.39443
10.0899    5.41329
10.1931    5.43215
10.2343    5.45102
10.2962    5.45102
10.3375    5.45102
10.3994    5.45102
10.4819    5.45102
10.5438    5.45102
10.5851    5.45102
10.6264    5.45102
10.6883    5.43215
10.7708    5.41329
10.8327    5.41329
10.8946    5.41329
10.9359    5.39443
10.9771    5.39443
11.0597    5.39443
11.1216    5.39443
11.1628    5.41329
11.2041    5.41329
11.2454    5.41329
11.3279    5.41329
11.3692    5.43215
11.4105    5.43215
11.4517    5.43215
11.493    5.43215
11.5962    5.45102
11.6374    5.46988
11.6787    5.46988
11.72    5.46988
11.7612    5.46988
11.8438    5.46988
11.8644    5.45102
11.9057    5.45102
11.9469    5.45102
11.9882    5.43215
12.0501    5.41329
12.0914    5.39443
12.1326    5.39443
12.1533    5.37557
12.1945    5.35671
12.2771    5.33785
12.3183    5.33785
12.339    5.31898
12.3802    5.31898
12.4009    5.31898
12.4628    5.31898
12.504    5.31898
12.5247    5.31898
12.5453    5.31898
12.5659    5.31898
12.6072    5.31898
12.6278    5.33785
12.6485    5.33785
12.6691    5.33785
12.6897    5.33785
12.731    5.35671
12.7516    5.35671
12.7723    5.35671
12.7929    5.35671
12.8135    5.35671
12.8548    5.33785
12.8754    5.33785
12.8961    5.33785
12.9167    5.31898
12.9373    5.30012
12.9786    5.30012
12.9992    5.28126
13.0199    5.28126
13.0199    5.2624
13.0405    5.2624
