5.3235    6.69588
5.36477    6.69588
5.42667    6.69588
5.52984    6.69588
5.57111    6.69588
5.61237    6.69588
5.65364    6.69588
5.71554    6.71475
5.81871    6.71475
5.85998    6.71475
5.90125    6.73361
5.96315    6.75247
6.02505    6.73361
6.10758    6.77133
6.14885    6.77133
6.19012    6.77133
6.23139    6.77133
6.29329    6.75247
6.39646    6.73361
6.43772    6.73361
6.49962    6.71475
6.56153    6.69588
6.60279    6.69588
6.68533    6.67702
6.74723    6.65816
6.80913    6.67702
6.82976    6.67702
6.89166    6.67702
6.95357    6.67702
7.01547    6.69588
7.0361    6.71475
7.098    6.69588
7.11864    6.71475
7.20117    6.73361
7.24244    6.75247
7.28371    6.75247
7.32497    6.77133
7.36624    6.79019
7.44878    6.79019
7.49004    6.79019
7.51068    6.79019
7.53131    6.79019
7.59321    6.79019
7.63448    6.77133
7.67575    6.77133
7.71701    6.77133
7.75828    6.77133
7.79955    6.75247
7.86145    6.73361
7.92335    6.75247
7.94398    6.73361
7.98525    6.75247
8.02652    6.73361
8.08842    6.75247
8.10905    6.73361
8.15032    6.75247
8.19159    6.73361
8.23286    6.75247
8.31539    6.75247
8.35666    6.75247
8.39793    6.75247
8.43919    6.77133
8.45983    6.79019
8.5011    6.77133
8.54236    6.77133
8.563    6.77133
8.60426    6.77133
8.6249    6.75247
8.6249    6.73361
8.64553    6.73361
8.66617    6.73361
8.6868    6.73361
8.72807    6.73361
8.76933    6.73361
8.8106    6.73361
8.83124    6.71475
8.85187    6.69588
8.89314    6.71475
8.95504    6.67702
8.95504    6.67702
8.97567    6.65816
9.01694    6.67702
9.05821    6.65816
9.12011    6.65816
9.14074    6.65816
9.18201    6.6393
9.22328    6.62044
9.28518    6.6393
9.34708    6.62044
9.42961    6.6393
9.49151    6.6393
9.51215    6.6393
9.57405    6.6393
9.63595    6.6393
9.69785    6.6393
9.71849    6.62044
9.78039    6.6393
9.80102    6.62044
9.90419    6.60158
9.94546    6.58271
9.98672    6.58271
10.028    6.56385
10.0899    6.52613
10.1931    6.48841
10.2343    6.46954
10.2962    6.46954
10.3581    6.46954
10.3994    6.46954
10.4819    6.46954
10.5438    6.46954
10.6057    6.48841
10.6264    6.46954
10.6883    6.48841
10.7708    6.48841
10.8121    6.50727
10.8533    6.52613
10.9152    6.52613
10.9771    6.54499
11.039    6.56385
11.1009    6.56385
11.1422    6.54499
11.1835    6.56385
11.2247    6.54499
11.3073    6.54499
11.3485    6.54499
11.3898    6.54499
11.4517    6.52613
11.5136    6.50727
11.5962    6.48841
11.6581    6.46954
11.72    6.48841
11.7612    6.46954
11.8025    6.48841
11.885    6.48841
11.9263    6.50727
11.9676    6.52613
12.0088    6.52613
12.0295    6.54499
12.112    6.58271
12.1533    6.60158
12.1739    6.62044
12.1945    6.65816
12.2358    6.67702
12.2977    6.69588
12.3183    6.73361
12.3596    6.75247
12.4009    6.75247
12.4215    6.77133
12.4628    6.80905
12.504    6.80905
12.5247    6.82792
12.5866    6.82792
12.6072    6.82792
12.7104    6.84678
12.7516    6.8845
12.7929    6.90336
12.8135    6.90336
12.8548    6.92222
12.9167    6.95995
12.9373    6.95995
12.9786    6.95995
12.9992    6.97881
13.0199    6.95995
13.0818    6.95995
13.1024    6.95995
13.1437    6.95995
13.1643    6.94109
13.1643    6.92222
