5.36477    7.31832
5.40604    7.31832
5.46794    7.29946
5.57111    7.29946
5.63301    7.2806
5.67427    7.26173
5.71554    7.2806
5.77744    7.26173
5.85998    7.2806
5.92188    7.26173
5.96315    7.2806
6.00441    7.26173
6.06632    7.2806
6.16948    7.26173
6.21075    7.2806
6.27265    7.26173
6.31392    7.2806
6.37582    7.26173
6.47899    7.2806
6.52026    7.2806
6.56153    7.2806
6.60279    7.2806
6.64406    7.2806
6.7266    7.2806
6.76786    7.2806
6.80913    7.26173
6.8504    7.2806
6.89166    7.26173
6.9742    7.26173
7.01547    7.26173
7.05673    7.24287
7.098    7.22401
7.13927    7.22401
7.2218    7.22401
7.26307    7.22401
7.30434    7.20515
7.34561    7.18629
7.36624    7.20515
7.44878    7.16743
7.49004    7.16743
7.51068    7.16743
7.55194    7.16743
7.59321    7.16743
7.65511    7.16743
7.69638    7.16743
7.73765    7.16743
7.75828    7.16743
7.79955    7.16743
7.86145    7.14856
7.90272    7.16743
7.94398    7.14856
7.98525    7.14856
8.00589    7.1297
8.06779    7.09198
8.10905    7.09198
8.15032    7.07312
8.17096    7.09198
8.21222    7.07312
8.25349    7.09198
8.27412    7.07312
8.29476    7.07312
8.31539    7.09198
8.33603    7.07312
8.37729    7.09198
8.39793    7.09198
8.41856    7.09198
8.43919    7.09198
8.45983    7.09198
8.48046    7.09198
8.5011    7.09198
8.52173    7.09198
8.54236    7.09198
8.563    7.09198
8.6249    7.11084
8.64553    7.11084
8.66617    7.11084
8.70743    7.11084
8.7487    7.11084
8.8106    7.1297
8.85187    7.1297
8.89314    7.1297
8.9344    7.14856
8.97567    7.16743
9.03757    7.18629
9.07884    7.22401
9.12011    7.24287
9.16137    7.24287
9.20264    7.26173
9.26454    7.29946
9.30581    7.31832
9.34708    7.31832
9.38835    7.31832
9.40898    7.33718
9.49151    7.3749
9.53278    7.3749
9.57405    7.3749
9.61532    7.39377
9.65658    7.3749
9.75975    7.41263
9.80102    7.41263
9.84229    7.43149
9.88356    7.41263
9.92482    7.45035
10.0074    7.46921
10.0486    7.46921
10.0899    7.48807
10.1312    7.50694
10.1724    7.50694
10.255    7.5258
10.2962    7.54466
10.3375    7.54466
10.3788    7.56352
10.42    7.60124
10.5026    7.62011
10.5438    7.62011
10.5851    7.63897
10.6264    7.65783
10.6676    7.65783
10.7502    7.65783
10.7914    7.67669
10.8121    7.69555
10.8533    7.67669
10.8946    7.69555
10.9771    7.67669
11.0184    7.67669
11.0597    7.67669
11.1009    7.67669
11.1422    7.67669
11.2247    7.67669
11.266    7.67669
11.3073    7.67669
11.3485    7.67669
11.3898    7.67669
11.4517    7.69555
11.493    7.67669
11.5343    7.69555
11.5755    7.67669
11.5962    7.71441
11.6581    7.71441
11.6993    7.73327
11.7406    7.71441
11.7612    7.75214
11.8025    7.75214
11.8644    7.771
11.9057    7.75214
11.9469    7.771
11.9676    7.771
12.0088    7.771
12.0707    7.771
12.0914    7.771
12.1326    7.771
12.1533    7.771
12.1945    7.771
12.2564    7.771
12.2771    7.75214
12.3183    7.771
12.3596    7.75214
12.3802    7.771
12.4628    7.75214
12.4834    7.75214
12.5247    7.75214
12.5453    7.75214
12.5866    7.75214
12.6278    7.771
12.6691    7.75214
12.6897    7.771
12.731    7.771
12.7516    7.771
12.8135    7.78986
12.8342    7.80872
12.8754    7.80872
12.8961    7.82758
