5.55047    7.88417
5.59174    7.88417
5.63301    7.86531
5.73618    7.84644
5.77744    7.84644
5.83934    7.82758
5.90125    7.82758
5.94251    7.80872
6.02505    7.78986
6.08695    7.78986
6.14885    7.78986
6.16948    7.78986
6.25202    7.78986
6.35519    7.771
6.37582    7.771
6.45836    7.771
6.49962    7.75214
6.56153    7.75214
6.64406    7.75214
6.68533    7.73327
6.74723    7.73327
6.7885    7.73327
6.8504    7.71441
6.9123    7.69555
6.9742    7.67669
7.01547    7.67669
7.05673    7.65783
7.098    7.63897
7.18054    7.60124
7.2218    7.56352
7.26307    7.54466
7.30434    7.5258
7.34561    7.50694
7.42814    7.46921
7.46941    7.46921
7.51068    7.45035
7.55194    7.43149
7.59321    7.43149
7.67575    7.41263
7.71701    7.39377
7.75828    7.39377
7.77892    7.39377
7.84082    7.3749
7.90272    7.3749
7.96462    7.3749
7.98525    7.3749
8.02652    7.35604
8.06779    7.35604
8.15032    7.33718
8.19159    7.31832
8.23286    7.29946
8.27412    7.2806
8.31539    7.26173
8.37729    7.26173
8.39793    7.24287
8.45983    7.24287
8.48046    7.24287
8.52173    7.24287
8.58363    7.24287
8.60426    7.24287
8.64553    7.24287
8.66617    7.24287
8.6868    7.24287
8.7487    7.22401
8.76933    7.20515
8.8106    7.18629
8.85187    7.16743
8.8725    7.14856
8.91377    7.1297
8.95504    7.11084
8.99631    7.11084
9.01694    7.09198
9.07884    7.09198
9.12011    7.07312
9.16137    7.05426
9.20264    7.05426
9.24391    7.05426
9.28518    7.05426
9.34708    7.05426
9.40898    7.05426
9.42961    7.03539
9.49151    7.03539
9.51215    7.03539
9.61532    7.07312
9.63595    7.09198
9.69785    7.11084
9.73912    7.1297
9.78039    7.1297
9.86292    7.14856
9.90419    7.16743
9.96609    7.18629
10.028    7.18629
10.0486    7.20515
10.1518    7.22401
10.1931    7.24287
10.2343    7.26173
10.2756    7.26173
10.3169    7.26173
10.3994    7.2806
10.4407    7.26173
10.4819    7.26173
10.5232    7.26173
10.5645    7.26173
10.647    7.24287
10.6883    7.24287
10.7295    7.24287
10.7708    7.24287
10.8121    7.24287
10.874    7.2806
10.9359    7.29946
10.9771    7.29946
11.0184    7.29946
11.0597    7.31832
11.1422    7.31832
11.2041    7.31832
11.266    7.31832
11.2866    7.31832
11.3485    7.31832
11.4311    7.33718
11.4724    7.35604
11.5136    7.3749
11.5549    7.39377
11.5755    7.41263
11.6787    7.43149
11.6993    7.45035
11.7612    7.46921
11.7819    7.48807
11.8438    7.50694
11.9057    7.54466
11.9469    7.56352
11.9882    7.58238
12.0295    7.60124
12.0707    7.62011
12.1739    7.62011
12.1945    7.63897
12.2564    7.63897
12.2771    7.63897
12.339    7.63897
12.3802    7.63897
12.4215    7.63897
12.4628    7.63897
12.4834    7.63897
12.5453    7.62011
12.5866    7.60124
12.6278    7.60124
12.6485    7.60124
12.7104    7.60124
12.731    7.60124
12.8135    7.62011
12.8548    7.62011
12.8961    7.63897
