10.5438    6.82792
10.4819    6.82792
10.4407    6.82792
10.3169    6.82792
10.255    6.82792
10.1931    6.82792
10.1312    6.84678
10.0899    6.84678
9.98672    6.82792
9.92482    6.82792
9.88356    6.82792
9.82165    6.80905
9.78039    6.80905
9.67722    6.79019
9.61532    6.77133
9.55342    6.77133
9.51215    6.75247
9.45025    6.75247
9.34708    6.73361
9.30581    6.73361
9.26454    6.73361
9.20264    6.73361
9.16137    6.73361
9.07884    6.71475
9.01694    6.71475
8.97567    6.71475
8.91377    6.69588
8.8725    6.69588
8.76933    6.69588
8.70743    6.69588
8.66617    6.67702
8.6249    6.67702
8.58363    6.65816
8.5011    6.6393
8.43919    6.62044
8.39793    6.60158
8.35666    6.60158
8.31539    6.58271
8.23286    6.54499
8.19159    6.52613
8.15032    6.50727
8.10905    6.46954
8.06779    6.45068
7.98525    6.41296
7.94398    6.41296
7.90272    6.3941
7.86145    6.37524
7.82018    6.35637
7.75828    6.31865
7.71701    6.29979
7.67575    6.28093
7.63448    6.26207
7.61385    6.22434
7.51068    6.20548
7.46941    6.18662
7.42814    6.16776
7.38687    6.1489
7.34561    6.13004
7.26307    6.09231
7.2218    6.07345
7.1599    6.05459
7.11864    6.03573
7.07737    6.03573
6.9742    6.01687
6.93293    5.998
6.87103    5.97914
6.82976    5.97914
6.76786    5.96028
6.68533    5.96028
6.62343    5.96028
6.58216    5.96028
6.52026    5.96028
6.47899    5.96028
6.39646    5.97914
6.33455    5.97914
6.29329    5.998
6.25202    5.998
6.21075    6.01687
6.10758    6.03573
6.06632    6.05459
6.00441    6.07345
5.96315    6.07345
5.90125    6.09231
5.81871    6.11117
5.75681    6.13004
5.71554    6.1489
5.67427    6.1489
5.63301    6.16776
5.50921    6.18662
5.4473    6.20548
5.3854    6.22434
5.3235    6.22434
5.28223    6.2432
5.17907    6.26207
5.11716    6.28093
5.0759    6.29979
5.014    6.29979
4.97273    6.31865
4.86956    6.33751
4.80766    6.35637
4.76639    6.37524
4.70449    6.3941
4.64259    6.41296
4.53942    6.45068
4.47752    6.46954
4.43625    6.46954
4.37435    6.48841
4.33308    6.48841
4.22991    6.50727
4.16801    6.50727
4.10611    6.52613
4.04421    6.52613
3.98231    6.52613
3.85851    6.54499
3.77597    6.54499
3.71407    6.54499
3.65217    6.56385
3.6109    6.56385
3.50773    6.56385
3.44583    6.56385
3.38393    6.56385
3.34266    6.56385
3.28076    6.54499
3.19823    6.52613
3.13633    6.52613
3.07443    6.52613
3.03316    6.50727
2.99189    6.48841
2.90936    6.46954
2.86809    6.45068
2.84745    6.45068
2.80619    6.43182
2.76492    6.41296
2.70302    6.3941
2.66175    6.3941
2.64112    6.37524
2.59985    6.35637
2.57922    6.35637
2.51731    6.35637
2.49668    6.35637
2.47605    6.37524
