5.0759    8.54433
5.11716    8.54433
5.15843    8.54433
5.24097    8.52546
5.30287    8.52546
5.36477    8.5066
5.3854    8.5066
5.46794    8.48774
5.55047    8.46888
5.61237    8.45002
5.65364    8.45002
5.69491    8.45002
5.73618    8.43116
5.81871    8.43116
5.88061    8.43116
5.94251    8.43116
5.96315    8.45002
6.02505    8.45002
6.10758    8.45002
6.14885    8.45002
6.19012    8.46888
6.25202    8.46888
6.31392    8.48774
6.37582    8.5066
6.43772    8.52546
6.45836    8.52546
6.52026    8.54433
6.54089    8.54433
6.62343    8.54433
6.68533    8.54433
6.70596    8.54433
6.76786    8.54433
6.7885    8.54433
6.89166    8.52546
6.9123    8.52546
6.9742    8.52546
7.01547    8.5066
7.05673    8.5066
7.13927    8.48774
7.18054    8.48774
7.2218    8.48774
7.26307    8.48774
7.30434    8.48774
7.36624    8.48774
7.40751    8.5066
7.44878    8.5066
7.49004    8.5066
7.53131    8.5066
7.59321    8.52546
7.61385    8.54433
7.65511    8.56319
7.69638    8.56319
7.71701    8.58205
7.77892    8.60091
7.82018    8.61977
7.86145    8.61977
7.88208    8.63863
7.90272    8.63863
7.98525    8.63863
8.02652    8.63863
8.04715    8.63863
8.06779    8.63863
8.12969    8.63863
8.17096    8.63863
8.21222    8.63863
8.25349    8.63863
8.27412    8.63863
8.33603    8.63863
8.39793    8.63863
8.45983    8.63863
8.48046    8.63863
8.54236    8.63863
8.563    8.63863
8.64553    8.63863
8.6868    8.63863
8.72807    8.63863
8.76933    8.63863
8.78997    8.63863
8.85187    8.63863
8.91377    8.63863
8.9344    8.63863
8.97567    8.61977
9.01694    8.61977
9.09947    8.61977
9.14074    8.61977
9.18201    8.61977
9.22328    8.61977
9.26454    8.61977
9.34708    8.61977
9.38835    8.61977
9.42961    8.61977
9.47088    8.61977
9.51215    8.61977
9.57405    8.60091
9.59468    8.60091
9.65658    8.58205
9.67722    8.58205
9.73912    8.56319
9.80102    8.54433
9.86292    8.52546
9.88356    8.52546
9.94546    8.5066
9.96609    8.5066
10.0693    8.48774
10.1105    8.48774
10.1518    8.48774
10.1931    8.48774
10.2343    8.48774
10.2962    8.48774
10.3581    8.48774
10.3788    8.48774
10.42    8.48774
10.4613    8.48774
10.5438    8.48774
10.5851    8.48774
10.6264    8.48774
10.6883    8.5066
10.7089    8.5066
10.8121    8.5066
10.8327    8.52546
10.8946    8.52546
10.9152    8.52546
10.9771    8.52546
11.039    8.5066
11.0803    8.5066
11.1216    8.5066
11.1628    8.5066
11.2041    8.48774
11.2866    8.46888
11.3279    8.46888
11.3692    8.45002
11.4105    8.45002
11.4517    8.43116
11.5343    8.43116
11.5755    8.43116
11.6168    8.43116
11.6581    8.43116
11.6787    8.45002
11.7406    8.45002
11.8025    8.46888
11.8231    8.46888
11.885    8.48774
11.9057    8.48774
11.9882    8.5066
12.0501    8.52546
12.0707    8.54433
12.1326    8.54433
12.1533    8.56319
12.2358    8.58205
12.2771    8.58205
12.3183    8.60091
12.3596    8.60091
12.3802    8.60091
12.4421    8.61977
12.504    8.61977
12.5247    8.61977
12.5659    8.61977
12.6072    8.61977
12.6897    8.61977
12.731    8.61977
12.7723    8.61977
