4.27118    7.94075
4.31245    7.94075
4.35372    7.94075
4.43625    7.94075
4.49815    7.94075
4.53942    7.94075
4.58069    7.94075
4.62195    7.94075
4.72512    7.94075
4.78702    7.95961
4.84893    7.95961
4.89019    7.95961
4.95209    7.95961
5.03463    7.97848
5.09653    7.97848
5.1378    7.99734
5.17907    7.99734
5.22033    7.99734
5.3235    7.99734
5.36477    7.99734
5.40604    7.99734
5.4473    7.99734
5.50921    7.99734
5.59174    7.97848
5.65364    7.95961
5.69491    7.95961
5.73618    7.94075
5.79808    7.94075
5.88061    7.92189
5.92188    7.92189
5.96315    7.92189
6.00441    7.92189
6.04568    7.92189
6.12822    7.94075
6.19012    7.94075
6.23139    7.94075
6.27265    7.95961
6.33455    7.95961
6.41709    7.97848
6.47899    7.99734
6.52026    8.0162
6.56153    8.03506
6.60279    8.03506
6.70596    8.07278
6.74723    8.09165
6.7885    8.09165
6.82976    8.11051
6.87103    8.11051
6.95357    8.12937
6.99483    8.12937
7.0361    8.14823
7.07737    8.14823
7.11864    8.14823
7.20117    8.14823
7.24244    8.14823
7.26307    8.14823
7.30434    8.16709
7.34561    8.16709
7.40751    8.18595
7.42814    8.20482
7.44878    8.20482
7.49004    8.22368
7.51068    8.22368
7.57258    8.24254
7.59321    8.24254
7.61385    8.24254
7.63448    8.24254
7.65511    8.2614
7.71701    8.2614
7.73765    8.2614
7.75828    8.24254
7.77892    8.24254
7.79955    8.22368
7.84082    8.20482
7.86145    8.20482
7.88208    8.18595
7.90272    8.18595
7.92335    8.16709
7.94398    8.16709
7.96462    8.14823
7.96462    8.14823
7.98525    8.14823
8.00589    8.14823
8.02652    8.16709
8.04715    8.16709
8.06779    8.18595
8.08842    8.18595
8.10905    8.20482
8.12969    8.20482
8.15032    8.20482
8.17096    8.20482
8.19159    8.20482
8.21222    8.20482
8.25349    8.20482
8.27412    8.20482
8.29476    8.20482
8.31539    8.20482
8.33603    8.18595
8.39793    8.18595
8.41856    8.16709
8.43919    8.16709
8.45983    8.16709
8.48046    8.16709
8.54236    8.16709
8.563    8.16709
8.60426    8.16709
8.64553    8.16709
8.66617    8.16709
8.7487    8.18595
8.78997    8.20482
8.83124    8.22368
8.8725    8.24254
8.91377    8.2614
8.99631    8.29912
9.03757    8.29912
9.07884    8.31799
9.12011    8.33685
9.16137    8.35571
9.24391    8.37457
9.30581    8.37457
9.34708    8.37457
9.38835    8.37457
9.42961    8.37457
9.53278    8.37457
9.59468    8.37457
9.63595    8.35571
9.69785    8.35571
9.73912    8.35571
9.84229    8.33685
9.90419    8.33685
9.94546    8.33685
9.98672    8.33685
10.0486    8.33685
10.1312    8.33685
10.1724    8.33685
10.2343    8.33685
10.2756    8.33685
10.3169    8.33685
10.42    8.33685
10.4819    8.35571
10.5232    8.35571
10.5851    8.37457
10.6264    8.37457
10.7089    8.37457
10.7708    8.39343
10.8121    8.39343
10.8533    8.39343
10.8946    8.39343
10.9771    8.39343
11.0184    8.37457
11.0597    8.37457
11.1216    8.35571
11.1628    8.35571
11.266    8.33685
11.3073    8.31799
11.3485    8.29912
11.4105    8.29912
11.4517    8.29912
11.5343    8.28026
11.5962    8.28026
11.6374    8.28026
11.6787    8.28026
11.72    8.28026
11.8025    8.28026
11.8438    8.28026
11.885    8.28026
11.9263    8.28026
11.9882    8.28026
12.0707    8.29912
12.112    8.31799
12.1533    8.31799
12.1945    8.33685
12.2358    8.33685
12.3183    8.35571
12.3596    8.35571
12.4009    8.35571
12.4421    8.37457
12.4834    8.37457
12.5659    8.37457
12.6072    8.37457
12.6485    8.35571
12.6897    8.35571
12.731    8.35571
12.8342    8.33685
12.8754    8.33685
12.9167    8.33685
12.958    8.33685
12.9992    8.33685
13.0611    8.33685
13.1024    8.33685
13.1437    8.33685
13.185    8.33685
13.2262    8.33685
