4.41562    7.16743
4.45689    7.16743
4.49815    7.18629
4.58069    7.20515
4.62195    7.20515
4.66322    7.20515
4.70449    7.20515
4.74576    7.18629
4.82829    7.20515
4.89019    7.16743
4.93146    7.16743
4.97273    7.14856
5.03463    7.14856
5.1378    7.1297
5.17907    7.11084
5.22033    7.1297
5.2616    7.11084
5.30287    7.1297
5.40604    7.11084
5.4473    7.11084
5.48857    7.11084
5.52984    7.11084
5.59174    7.1297
5.67427    7.11084
5.71554    7.1297
5.77744    7.1297
5.81871    7.1297
5.85998    7.1297
5.94251    7.14856
5.98378    7.16743
6.02505    7.14856
6.06632    7.14856
6.10758    7.14856
6.19012    7.14856
6.23139    7.14856
6.27265    7.14856
6.31392    7.14856
6.37582    7.1297
6.45836    7.11084
6.49962    7.11084
6.54089    7.11084
6.58216    7.11084
6.62343    7.11084
6.70596    7.11084
6.74723    7.11084
6.80913    7.1297
6.8504    7.11084
6.89166    7.1297
6.9742    7.1297
7.01547    7.14856
7.05673    7.16743
7.098    7.16743
7.13927    7.16743
7.20117    7.18629
7.24244    7.18629
7.26307    7.18629
7.30434    7.18629
7.34561    7.18629
7.42814    7.18629
7.46941    7.16743
7.51068    7.14856
7.55194    7.14856
7.59321    7.1297
7.67575    7.09198
7.71701    7.07312
7.75828    7.09198
7.77892    7.07312
7.82018    7.07312
7.88208    7.07312
7.92335    7.07312
7.96462    7.07312
8.00589    7.07312
8.02652    7.07312
8.08842    7.09198
8.12969    7.07312
8.17096    7.09198
8.21222    7.09198
8.23286    7.09198
8.29476    7.09198
8.33603    7.09198
8.35666    7.09198
8.37729    7.07312
8.41856    7.09198
8.48046    7.05426
8.52173    7.03539
8.563    7.03539
8.58363    7.03539
8.6249    7.03539
8.6868    7.03539
8.72807    7.03539
8.76933    7.03539
8.8106    7.03539
8.85187    7.03539
8.91377    7.05426
8.95504    7.05426
8.97567    7.05426
9.01694    7.05426
9.05821    7.05426
9.12011    7.05426
9.16137    7.03539
9.20264    7.05426
9.26454    7.03539
9.30581    7.03539
9.38835    7.01653
9.42961    6.97881
9.47088    6.97881
9.51215    6.97881
9.55342    6.97881
9.63595    6.95995
9.67722    6.97881
9.71849    6.97881
9.75975    6.97881
9.80102    6.97881
9.88356    6.97881
9.94546    6.99767
9.98672    7.01653
10.028    7.01653
10.0899    7.01653
10.1724    7.03539
10.2137    7.05426
10.255    7.05426
10.2962    7.05426
10.3375    7.05426
10.3994    7.03539
10.4407    7.03539
10.4819    7.03539
10.5232    7.01653
10.5645    6.99767
10.6676    6.99767
10.7089    6.99767
10.7502    6.97881
10.7914    6.95995
10.8327    6.97881
10.9152    6.95995
10.9565    6.97881
10.9978    6.95995
11.039    6.97881
11.0803    6.97881
11.1628    6.97881
11.2041    6.99767
11.2454    7.01653
11.2866    7.01653
11.3073    7.03539
11.3692    7.07312
11.4105    7.07312
11.4517    7.07312
11.4724    7.09198
11.5136    7.07312
11.5755    7.09198
11.6168    7.07312
11.6374    7.09198
11.6787    7.07312
11.72    7.07312
11.7819    7.07312
11.8231    7.07312
11.8644    7.07312
11.9057    7.07312
11.9469    7.07312
12.0088    7.07312
12.0501    7.07312
12.0914    7.07312
12.112    7.07312
12.1533    7.07312
12.2152    7.09198
12.2358    7.07312
12.2771    7.09198
12.2977    7.07312
12.339    7.09198
12.3802    7.09198
12.4215    7.11084
12.4421    7.1297
12.4628    7.1297
12.4834    7.1297
12.5453    7.14856
12.5659    7.14856
12.5866    7.16743
