4.04421    6.79019
4.08548    6.79019
4.14738    6.77133
4.27118    6.75247
4.33308    6.73361
4.37435    6.73361
4.43625    6.71475
4.49815    6.71475
4.58069    6.71475
4.64259    6.71475
4.68386    6.71475
4.72512    6.73361
4.78702    6.73361
4.86956    6.73361
4.93146    6.73361
4.97273    6.75247
5.03463    6.75247
5.09653    6.75247
5.1997    6.77133
5.24097    6.79019
5.28223    6.79019
5.3235    6.79019
5.3854    6.79019
5.46794    6.79019
5.50921    6.80905
5.55047    6.80905
5.61237    6.80905
5.65364    6.80905
5.75681    6.80905
5.81871    6.80905
5.85998    6.80905
5.92188    6.80905
5.96315    6.80905
6.04568    6.80905
6.08695    6.80905
6.12822    6.82792
6.16948    6.82792
6.21075    6.82792
6.29329    6.84678
6.33455    6.84678
6.37582    6.84678
6.41709    6.84678
6.45836    6.84678
6.54089    6.84678
6.58216    6.86564
6.62343    6.86564
6.66469    6.86564
6.70596    6.86564
6.7885    6.86564
6.80913    6.86564
6.8504    6.86564
6.89166    6.86564
6.93293    6.84678
6.99483    6.82792
7.0361    6.82792
7.07737    6.80905
7.098    6.80905
7.13927    6.79019
7.20117    6.75247
7.24244    6.75247
7.28371    6.73361
7.32497    6.73361
7.36624    6.73361
7.42814    6.71475
7.46941    6.71475
7.51068    6.71475
7.55194    6.71475
7.59321    6.71475
7.65511    6.71475
7.69638    6.73361
7.71701    6.73361
7.75828    6.75247
7.79955    6.75247
7.86145    6.77133
7.88208    6.77133
7.92335    6.77133
7.94398    6.77133
7.98525    6.79019
8.04715    6.79019
8.08842    6.79019
8.10905    6.77133
8.15032    6.77133
8.19159    6.77133
8.25349    6.75247
8.29476    6.75247
8.33603    6.75247
8.35666    6.75247
8.39793    6.75247
8.43919    6.73361
8.48046    6.73361
8.5011    6.73361
8.54236    6.71475
8.563    6.71475
8.6249    6.71475
8.6868    6.69588
8.72807    6.69588
8.76933    6.69588
8.8106    6.69588
8.89314    6.69588
8.9344    6.69588
8.97567    6.67702
9.01694    6.67702
9.05821    6.67702
9.14074    6.67702
9.18201    6.65816
9.22328    6.65816
9.26454    6.65816
9.30581    6.65816
9.36771    6.6393
9.40898    6.62044
9.45025    6.62044
9.49151    6.60158
9.53278    6.58271
9.61532    6.56385
9.65658    6.54499
9.69785    6.52613
9.73912    6.52613
9.78039    6.50727
9.86292    6.50727
9.90419    6.50727
9.96609    6.50727
10.0074    6.50727
10.0486    6.48841
10.1312    6.48841
10.1931    6.50727
10.2343    6.50727
10.2756    6.50727
10.3375    6.52613
10.42    6.52613
10.4819    6.54499
10.5232    6.54499
10.5645    6.56385
10.6057    6.56385
10.6883    6.56385
10.7295    6.58271
10.7708    6.58271
10.8121    6.58271
10.8533    6.58271
10.9359    6.56385
10.9771    6.56385
11.039    6.56385
11.0803    6.56385
11.1216    6.54499
11.2041    6.54499
11.2454    6.54499
11.2866    6.54499
11.3279    6.54499
11.3692    6.56385
11.4517    6.56385
11.493    6.58271
11.5343    6.58271
11.5755    6.58271
11.6168    6.58271
11.6993    6.60158
11.7406    6.62044
11.7819    6.6393
11.8231    6.6393
11.8644    6.65816
11.9469    6.67702
11.9882    6.69588
12.0295    6.69588
12.0501    6.69588
12.0914    6.71475
12.1533    6.71475
12.1945    6.71475
12.2358    6.71475
12.2564    6.71475
12.2977    6.71475
12.3596    6.73361
12.4009    6.71475
12.4421    6.71475
