4.18865    6.20548
4.22991    6.20548
4.29182    6.20548
4.37435    6.20548
4.41562    6.20548
4.47752    6.20548
4.53942    6.20548
4.56005    6.22434
4.66322    6.22434
4.70449    6.22434
4.74576    6.2432
4.78702    6.26207
4.84893    6.26207
4.95209    6.28093
4.99336    6.29979
5.03463    6.29979
5.0759    6.31865
5.1378    6.33751
5.22033    6.35637
5.2616    6.37524
5.3235    6.37524
5.36477    6.37524
5.40604    6.37524
5.48857    6.37524
5.55047    6.35637
5.61237    6.37524
5.63301    6.35637
5.69491    6.35637
5.77744    6.33751
5.81871    6.31865
5.85998    6.31865
5.90125    6.31865
5.94251    6.31865
6.00441    6.31865
6.04568    6.31865
6.06632    6.31865
6.08695    6.31865
6.12822    6.31865
6.16948    6.31865
6.19012    6.31865
6.21075    6.31865
6.25202    6.31865
6.27265    6.33751
6.29329    6.33751
6.33455    6.35637
6.35519    6.37524
6.35519    6.37524
6.37582    6.3941
6.43772    6.43182
6.45836    6.45068
6.49962    6.45068
6.52026    6.45068
6.52026    6.45068
6.58216    6.46954
6.62343    6.48841
6.64406    6.48841
6.66469    6.48841
6.70596    6.48841
6.76786    6.48841
6.7885    6.48841
6.82976    6.48841
6.87103    6.48841
6.89166    6.48841
6.93293    6.48841
6.95357    6.48841
6.99483    6.50727
7.01547    6.52613
7.01547    6.50727
7.05673    6.54499
7.07737    6.54499
7.11864    6.56385
7.13927    6.54499
7.1599    6.58271
7.2218    6.60158
7.2218    6.58271
7.24244    6.62044
7.28371    6.62044
7.30434    6.6393
7.32497    6.65816
7.36624    6.67702
7.38687    6.67702
7.38687    6.67702
7.40751    6.69588
7.46941    6.71475
7.49004    6.71475
7.53131    6.71475
7.55194    6.71475
7.57258    6.71475
7.63448    6.71475
7.63448    6.71475
7.67575    6.71475
7.69638    6.71475
7.73765    6.71475
7.77892    6.71475
7.82018    6.73361
7.84082    6.75247
7.86145    6.73361
7.90272    6.75247
7.94398    6.75247
7.98525    6.75247
8.00589    6.77133
8.02652    6.79019
8.06779    6.79019
8.10905    6.79019
8.12969    6.79019
8.15032    6.79019
8.19159    6.79019
8.21222    6.79019
8.25349    6.79019
8.27412    6.79019
8.31539    6.79019
8.33603    6.77133
8.35666    6.77133
8.45983    6.73361
8.48046    6.71475
8.52173    6.69588
8.563    6.69588
8.60426    6.67702
8.66617    6.6393
8.6868    6.62044
8.72807    6.6393
8.76933    6.60158
8.78997    6.60158
8.83124    6.58271
8.8725    6.60158
8.91377    6.58271
8.95504    6.58271
8.99631    6.58271
9.05821    6.58271
9.12011    6.58271
9.16137    6.58271
9.20264    6.60158
9.24391    6.58271
9.30581    6.58271
9.36771    6.58271
9.38835    6.58271
9.42961    6.56385
9.47088    6.54499
9.53278    6.54499
9.57405    6.54499
9.61532    6.52613
9.63595    6.50727
9.69785    6.50727
9.75975    6.46954
9.84229    6.45068
9.88356    6.43182
9.92482    6.43182
9.96609    6.41296
10.0486    6.3941
10.0899    6.3941
10.1312    6.3941
10.1724    6.3941
10.1931    6.3941
10.255    6.37524
10.3169    6.35637
10.3375    6.37524
10.3994    6.35637
10.4407    6.37524
10.5232    6.35637
10.5645    6.37524
10.6057    6.35637
10.647    6.35637
10.6883    6.35637
10.7708    6.33751
10.8121    6.31865
10.8327    6.31865
10.8946    6.31865
10.9152    6.29979
10.9978    6.26207
11.039    6.2432
11.0803    6.2432
11.1009    6.2432
11.1422    6.22434
11.2041    6.16776
11.266    6.16776
11.2866    6.1489
11.3279    6.13004
11.3692    6.13004
11.4311    6.13004
11.4517    6.13004
11.493    6.11117
11.5136    6.09231
11.5343    6.11117
11.6168    6.09231
11.6374    6.11117
11.6581    6.09231
11.72    6.11117
11.7406    6.11117
11.8231    6.11117
11.8644    6.13004
11.9057    6.1489
11.9263    6.13004
11.9469    6.1489
