3.09506    6.6393
3.13633    6.65816
3.17759    6.67702
3.26013    6.71475
3.3014    6.73361
3.34266    6.73361
3.38393    6.75247
3.4252    6.75247
3.50773    6.77133
3.56963    6.79019
3.6109    6.79019
3.65217    6.80905
3.71407    6.80905
3.79661    6.82792
3.83787    6.82792
3.87914    6.84678
3.92041    6.84678
3.98231    6.84678
4.06484    6.86564
4.10611    6.8845
4.14738    6.8845
4.18865    6.90336
4.22991    6.90336
4.33308    6.92222
4.37435    6.92222
4.43625    6.94109
4.47752    6.94109
4.51879    6.95995
4.60132    6.97881
4.64259    6.99767
4.68386    6.99767
4.72512    6.99767
4.76639    7.01653
4.82829    7.01653
4.86956    7.01653
4.91083    7.01653
4.95209    7.01653
4.99336    7.01653
5.09653    7.01653
5.1378    7.01653
5.17907    7.01653
5.22033    7.01653
5.2616    7.01653
5.34414    7.01653
5.3854    7.03539
5.42667    7.03539
5.4473    7.03539
5.48857    7.03539
5.57111    7.03539
5.61237    7.03539
5.65364    7.03539
5.69491    7.03539
5.73618    7.03539
5.81871    7.05426
5.85998    7.05426
5.88061    7.05426
5.92188    7.05426
5.96315    7.05426
6.02505    7.05426
6.06632    7.05426
6.08695    7.03539
6.12822    7.03539
6.14885    7.03539
6.21075    7.03539
6.25202    7.01653
6.27265    6.99767
6.31392    6.99767
6.35519    6.97881
6.41709    6.97881
6.45836    6.97881
6.49962    6.95995
6.52026    6.95995
6.56153    6.95995
6.60279    6.95995
6.64406    6.94109
6.68533    6.94109
6.70596    6.94109
6.74723    6.94109
6.80913    6.92222
6.8504    6.92222
6.89166    6.92222
6.9123    6.92222
6.95357    6.92222
7.0361    6.90336
7.07737    6.90336
7.098    6.90336
7.11864    6.90336
7.1599    6.90336
7.20117    6.90336
7.2218    6.90336
7.24244    6.90336
7.26307    6.90336
7.30434    6.90336
7.36624    6.8845
7.38687    6.8845
7.42814    6.86564
7.44878    6.86564
7.49004    6.86564
7.55194    6.86564
7.57258    6.86564
7.61385    6.86564
7.63448    6.8845
7.65511    6.8845
7.71701    6.90336
7.73765    6.90336
7.77892    6.92222
7.79955    6.92222
7.84082    6.94109
7.90272    6.95995
7.94398    6.95995
7.98525    6.97881
8.00589    6.99767
8.04715    6.99767
8.10905    7.01653
8.12969    7.01653
8.17096    7.01653
8.21222    7.03539
8.23286    7.03539
8.31539    7.01653
8.35666    7.01653
8.37729    7.01653
8.41856    7.01653
8.45983    7.01653
8.54236    6.99767
8.58363    6.99767
8.6249    6.99767
8.66617    6.99767
8.70743    6.99767
8.76933    6.99767
8.8106    6.99767
8.83124    6.99767
8.8725    7.01653
8.91377    7.01653
8.97567    7.01653
9.01694    7.01653
9.05821    7.01653
9.09947    7.01653
9.14074    7.03539
9.22328    7.05426
9.26454    7.07312
9.30581    7.07312
9.34708    7.09198
9.38835    7.09198
9.47088    7.09198
9.51215    7.11084
9.55342    7.11084
9.59468    7.11084
9.63595    7.11084
9.71849    7.11084
9.75975    7.11084
9.82165    7.11084
9.86292    7.11084
9.90419    7.11084
9.98672    7.11084
10.028    7.1297
10.0693    7.1297
10.1105    7.1297
10.1518    7.14856
10.2137    7.14856
10.255    7.16743
10.3169    7.16743
10.3581    7.16743
10.3994    7.16743
10.4819    7.18629
10.5232    7.18629
10.5645    7.18629
10.6264    7.18629
10.6676    7.18629
10.7502    7.20515
10.7914    7.18629
10.8327    7.18629
10.874    7.18629
10.9152    7.18629
10.9771    7.16743
11.0184    7.14856
11.0597    7.14856
11.1009    7.14856
11.1422    7.1297
11.2247    7.11084
11.266    7.11084
11.3073    7.09198
11.3485    7.09198
11.3898    7.09198
11.4517    7.09198
11.493    7.07312
11.5343    7.07312
11.5755    7.05426
11.5962    7.05426
11.6787    7.03539
11.72    7.03539
11.7406    7.01653
11.7819    7.01653
11.8231    7.01653
