2.18718    6.11117
2.22844    6.11117
2.26971    6.11117
2.33161    6.11117
2.39351    6.11117
2.41415    6.11117
2.45541    6.11117
2.49668    6.13004
2.55858    6.13004
2.59985    6.1489
2.64112    6.1489
2.68238    6.1489
2.72365    6.1489
2.82682    6.16776
2.88872    6.18662
2.92999    6.20548
2.95062    6.20548
3.01252    6.22434
3.05379    6.26207
3.09506    6.28093
3.13633    6.29979
3.15696    6.29979
3.21886    6.31865
3.28076    6.33751
3.32203    6.35637
3.3633    6.37524
3.40456    6.3941
3.44583    6.3941
3.549    6.43182
3.56963    6.45068
3.63154    6.45068
3.6728    6.46954
3.71407    6.48841
3.79661    6.50727
3.83787    6.52613
3.87914    6.54499
3.92041    6.56385
3.94104    6.58271
4.04421    6.62044
4.06484    6.62044
4.12675    6.6393
4.14738    6.65816
4.20928    6.67702
4.27118    6.71475
4.31245    6.73361
4.35372    6.75247
4.37435    6.77133
4.39498    6.77133
4.45689    6.80905
4.47752    6.80905
4.51879    6.82792
4.56005    6.82792
4.60132    6.82792
4.68386    6.84678
4.72512    6.82792
4.76639    6.82792
4.80766    6.82792
4.84893    6.82792
4.93146    6.82792
4.99336    6.82792
5.014    6.82792
5.0759    6.84678
5.09653    6.84678
5.1997    6.84678
5.22033    6.84678
5.28223    6.84678
5.30287    6.84678
5.36477    6.86564
5.42667    6.8845
5.48857    6.8845
5.50921    6.90336
5.55047    6.90336
5.59174    6.92222
5.65364    6.92222
5.67427    6.92222
5.73618    6.92222
5.75681    6.92222
5.79808    6.92222
5.85998    6.90336
5.88061    6.90336
5.92188    6.90336
5.96315    6.8845
6.00441    6.8845
6.06632    6.84678
6.08695    6.84678
6.14885    6.82792
6.16948    6.82792
6.21075    6.80905
6.27265    6.79019
6.29329    6.79019
6.33455    6.79019
6.35519    6.79019
6.37582    6.79019
6.43772    6.77133
6.43772    6.77133
6.47899    6.77133
6.49962    6.77133
6.56153    6.77133
6.60279    6.77133
6.64406    6.77133
6.68533    6.79019
6.7266    6.79019
6.74723    6.79019
6.82976    6.80905
6.87103    6.80905
6.9123    6.80905
6.93293    6.80905
6.95357    6.79019
7.0361    6.79019
7.07737    6.77133
7.098    6.77133
7.11864    6.77133
7.18054    6.77133
7.24244    6.75247
7.28371    6.73361
7.32497    6.73361
7.36624    6.71475
7.42814    6.71475
7.49004    6.71475
7.55194    6.69588
7.57258    6.69588
7.61385    6.69588
7.65511    6.69588
7.71701    6.69588
7.73765    6.69588
7.79955    6.69588
7.82018    6.69588
7.88208    6.69588
7.94398    6.69588
8.00589    6.69588
8.02652    6.71475
8.06779    6.71475
8.10905    6.71475
8.19159    6.71475
8.23286    6.71475
8.27412    6.71475
8.29476    6.71475
8.31539    6.69588
8.41856    6.69588
8.43919    6.67702
8.5011    6.67702
8.52173    6.65816
8.58363    6.65816
8.66617    6.6393
8.70743    6.6393
8.7487    6.62044
8.78997    6.62044
8.83124    6.62044
8.91377    6.62044
8.95504    6.62044
8.99631    6.62044
9.03757    6.62044
9.07884    6.62044
9.16137    6.62044
9.20264    6.62044
9.24391    6.62044
9.28518    6.6393
9.34708    6.6393
9.45025    6.65816
9.47088    6.65816
9.53278    6.67702
9.55342    6.67702
9.61532    6.67702
9.67722    6.67702
9.73912    6.67702
9.75975    6.67702
9.80102    6.65816
9.84229    6.65816
9.92482    6.65816
9.98672    6.6393
10.0074    6.6393
10.0693    6.6393
10.0899    6.62044
10.1724    6.62044
10.2137    6.62044
10.255    6.62044
10.2962    6.62044
10.3169    6.62044
10.3788    6.62044
10.42    6.62044
10.4613    6.62044
10.5026    6.62044
10.5438    6.62044
10.6057    6.62044
10.6264    6.62044
10.6883    6.6393
10.7089    6.6393
10.7708    6.6393
10.8121    6.6393
10.8533    6.6393
10.8946    6.62044
10.9359    6.62044
10.9565    6.62044
