10.0899    8.52546
10.0486    8.5066
9.98672    8.5066
9.88356    8.46888
9.84229    8.45002
9.78039    8.43116
9.71849    8.43116
9.65658    8.41229
9.55342    8.39343
9.49151    8.37457
9.45025    8.35571
9.38835    8.33685
9.34708    8.29912
9.24391    8.24254
9.20264    8.20482
9.14074    8.16709
9.07884    8.12937
9.03757    8.07278
8.9344    7.97848
8.8725    7.94075
8.83124    7.90303
8.78997    7.88417
8.7487    7.86531
8.6868    7.82758
8.64553    7.80872
8.60426    7.78986
8.563    7.771
8.52173    7.75214
8.45983    7.71441
8.41856    7.69555
8.37729    7.67669
8.35666    7.63897
8.33603    7.62011
8.29476    7.58238
8.27412    7.56352
8.25349    7.54466
8.25349    7.54466
8.23286    7.54466
8.19159    7.54466
8.17096    7.56352
8.15032    7.58238
8.10905    7.60124
8.08842    7.60124
8.02652    7.63897
7.98525    7.65783
7.96462    7.67669
7.92335    7.69555
7.90272    7.69555
7.88208    7.71441
7.86145    7.71441
7.86145    7.71441
7.84082    7.71441
7.84082    7.71441
7.82018    7.73327
7.82018    7.73327
7.79955    7.73327
7.79955    7.73327
7.77892    7.73327
7.75828    7.73327
7.73765    7.73327
7.71701    7.71441
7.71701    7.69555
7.69638    7.69555
7.67575    7.65783
7.65511    7.63897
7.63448    7.62011
7.61385    7.62011
7.59321    7.60124
7.53131    7.58238
7.49004    7.58238
7.46941    7.56352
7.42814    7.56352
7.38687    7.56352
7.28371    7.54466
7.2218    7.54466
7.18054    7.54466
7.11864    7.54466
7.05673    7.54466
6.93293    7.56352
6.87103    7.56352
6.82976    7.56352
6.76786    7.56352
6.7266    7.58238
6.64406    7.60124
6.58216    7.60124
6.54089    7.60124
6.49962    7.60124
6.43772    7.60124
6.33455    7.58238
6.27265    7.58238
6.21075    7.56352
6.16948    7.56352
6.10758    7.56352
6.00441    7.56352
5.94251    7.56352
5.90125    7.56352
5.83934    7.54466
5.77744    7.54466
5.65364    7.5258
5.59174    7.5258
5.52984    7.5258
5.46794    7.5258
5.3854    7.5258
5.2616    7.50694
5.1997    7.50694
5.1378    7.50694
5.09653    7.50694
5.03463    7.50694
4.93146    7.48807
4.86956    7.46921
4.80766    7.45035
4.74576    7.43149
4.68386    7.41263
4.56005    7.39377
4.49815    7.39377
4.43625    7.39377
4.37435    7.39377
4.31245    7.41263
4.20928    7.41263
4.14738    7.41263
4.08548    7.41263
4.04421    7.41263
3.98231    7.41263
3.87914    7.41263
3.81724    7.41263
3.75534    7.43149
3.69344    7.43149
3.65217    7.43149
3.549    7.43149
3.4871    7.43149
3.44583    7.43149
3.38393    7.43149
3.34266    7.41263
3.2395    7.39377
3.19823    7.39377
3.13633    7.39377
3.07443    7.3749
3.03316    7.3749
2.92999    7.39377
2.86809    7.39377
2.82682    7.39377
2.76492    7.39377
2.72365    7.41263
2.62048    7.41263
2.57922    7.41263
2.53795    7.41263
2.47605    7.41263
