11.266    6.13004
11.2247    6.13004
11.1835    6.13004
11.0803    6.11117
11.0597    6.09231
10.9978    6.09231
10.9565    6.09231
10.9152    6.09231
10.8327    6.07345
10.8121    6.09231
10.7502    6.09231
10.7295    6.09231
10.6676    6.09231
10.6057    6.09231
10.5438    6.09231
10.5232    6.09231
10.4613    6.09231
10.4407    6.11117
10.3375    6.11117
10.3169    6.13004
10.255    6.13004
10.2343    6.13004
10.1724    6.13004
10.1105    6.13004
10.0486    6.13004
10.028    6.13004
9.96609    6.13004
9.94546    6.13004
9.84229    6.13004
9.80102    6.13004
9.75975    6.13004
9.71849    6.13004
9.67722    6.13004
9.59468    6.13004
9.55342    6.13004
9.51215    6.13004
9.47088    6.13004
9.42961    6.1489
9.36771    6.1489
9.30581    6.1489
9.28518    6.16776
9.22328    6.16776
9.20264    6.16776
9.12011    6.18662
9.07884    6.18662
9.03757    6.20548
8.99631    6.20548
8.95504    6.20548
8.89314    6.20548
8.8725    6.20548
8.8106    6.20548
8.78997    6.20548
8.7487    6.20548
8.66617    6.20548
8.6249    6.18662
8.58363    6.18662
8.54236    6.18662
8.52173    6.16776
8.45983    6.1489
8.39793    6.1489
8.37729    6.13004
8.31539    6.13004
8.29476    6.13004
8.21222    6.13004
8.17096    6.11117
8.12969    6.11117
8.08842    6.11117
8.04715    6.11117
7.98525    6.11117
7.96462    6.11117
7.90272    6.11117
7.88208    6.11117
7.82018    6.11117
7.75828    6.13004
7.69638    6.13004
7.67575    6.13004
7.61385    6.13004
7.59321    6.13004
7.51068    6.13004
7.46941    6.13004
7.42814    6.13004
7.38687    6.13004
7.34561    6.11117
7.26307    6.11117
7.20117    6.11117
7.18054    6.09231
7.11864    6.09231
7.098    6.09231
6.99483    6.09231
6.95357    6.09231
6.93293    6.09231
6.87103    6.09231
6.8504    6.09231
6.76786    6.09231
6.7266    6.09231
6.68533    6.09231
6.64406    6.11117
6.62343    6.11117
6.56153    6.13004
6.52026    6.13004
6.47899    6.1489
6.43772    6.1489
6.39646    6.1489
6.33455    6.16776
6.31392    6.16776
6.25202    6.18662
6.23139    6.18662
6.16948    6.18662
6.10758    6.20548
6.04568    6.20548
6.00441    6.20548
5.96315    6.22434
5.92188    6.22434
5.83934    6.2432
5.79808    6.2432
5.75681    6.2432
5.71554    6.26207
5.67427    6.26207
5.61237    6.26207
5.55047    6.28093
5.52984    6.28093
5.48857    6.29979
5.4473    6.29979
5.36477    6.31865
5.3235    6.33751
5.28223    6.35637
5.24097    6.35637
5.1997    6.37524
5.11716    6.3941
5.0759    6.3941
5.03463    6.3941
4.99336    6.41296
4.95209    6.41296
4.86956    6.43182
4.82829    6.43182
4.78702    6.43182
4.74576    6.43182
4.68386    6.45068
4.62195    6.45068
4.56005    6.45068
4.53942    6.45068
4.47752    6.46954
4.45689    6.46954
4.37435    6.48841
4.33308    6.48841
4.29182    6.48841
4.25055    6.50727
4.20928    6.50727
4.12675    6.52613
4.08548    6.52613
4.04421    6.54499
4.00294    6.54499
3.96168    6.56385
3.87914    6.56385
3.83787    6.56385
3.79661    6.56385
3.75534    6.56385
3.71407    6.56385
3.65217    6.56385
3.63154    6.56385
3.56963    6.56385
3.549    6.56385
3.50773    6.54499
3.4252    6.54499
3.38393    6.52613
3.34266    6.52613
3.3014    6.52613
3.26013    6.50727
3.19823    6.50727
3.17759    6.50727
3.11569    6.50727
3.09506    6.50727
3.05379    6.50727
2.99189    6.50727
2.97126    6.50727
2.92999    6.50727
2.90936    6.50727
2.88872    6.50727
2.80619    6.50727
