11.4724    5.5076
11.4311    5.52646
11.3898    5.52646
11.3073    5.54532
11.266    5.56419
11.2247    5.56419
11.1835    5.58305
11.1422    5.58305
11.0597    5.58305
11.0184    5.60191
10.9565    5.60191
10.9359    5.60191
10.874    5.60191
10.8121    5.60191
10.7502    5.60191
10.7089    5.60191
10.6676    5.60191
10.647    5.62077
10.5438    5.62077
10.5232    5.63963
10.4819    5.63963
10.4407    5.65849
10.3994    5.65849
10.3169    5.67736
10.2756    5.67736
10.2343    5.69622
10.1931    5.69622
10.1518    5.71508
10.0899    5.7528
10.0693    5.7528
10.0074    5.77166
9.98672    5.77166
9.94546    5.79053
9.86292    5.79053
9.82165    5.80939
9.78039    5.80939
9.75975    5.80939
9.71849    5.80939
9.65658    5.80939
9.59468    5.79053
9.57405    5.79053
9.51215    5.79053
9.49151    5.77166
9.38835    5.77166
9.36771    5.77166
9.32644    5.77166
9.28518    5.77166
9.24391    5.77166
9.18201    5.77166
9.16137    5.77166
9.12011    5.79053
9.07884    5.79053
9.03757    5.79053
8.97567    5.80939
8.95504    5.80939
8.89314    5.82825
8.8725    5.82825
8.8106    5.84711
8.7487    5.86597
8.6868    5.88483
8.66617    5.88483
8.6249    5.9037
8.58363    5.9037
8.52173    5.9037
8.5011    5.9037
8.43919    5.9037
8.41856    5.9037
8.37729    5.88483
8.29476    5.88483
8.25349    5.86597
8.21222    5.86597
8.17096    5.84711
8.12969    5.82825
8.04715    5.80939
8.00589    5.80939
7.96462    5.79053
7.92335    5.79053
7.88208    5.79053
7.79955    5.77166
7.75828    5.77166
7.71701    5.77166
7.67575    5.7528
7.63448    5.7528
7.53131    5.73394
7.51068    5.73394
7.42814    5.73394
7.38687    5.73394
7.32497    5.7528
7.26307    5.73394
7.20117    5.73394
7.1599    5.73394
7.11864    5.73394
7.07737    5.73394
6.99483    5.71508
6.93293    5.71508
6.87103    5.69622
6.82976    5.69622
6.7885    5.67736
6.68533    5.65849
6.60279    5.63963
6.56153    5.63963
6.49962    5.62077
6.45836    5.62077
6.37582    5.62077
6.33455    5.62077
6.27265    5.62077
6.21075    5.62077
6.19012    5.62077
6.06632    5.62077
6.02505    5.62077
5.96315    5.62077
5.94251    5.62077
5.85998    5.62077
5.75681    5.63963
5.71554    5.65849
5.67427    5.65849
5.63301    5.67736
5.57111    5.67736
5.46794    5.67736
5.42667    5.67736
5.36477    5.67736
5.30287    5.67736
5.2616    5.67736
5.15843    5.67736
5.09653    5.67736
5.05526    5.67736
5.014    5.65849
4.95209    5.65849
4.82829    5.65849
4.76639    5.65849
4.74576    5.65849
4.68386    5.67736
4.64259    5.67736
4.56005    5.67736
4.51879    5.67736
4.45689    5.67736
4.39498    5.67736
4.37435    5.69622
4.25055    5.69622
4.18865    5.71508
4.16801    5.73394
4.10611    5.73394
4.06484    5.7528
3.98231    5.7528
3.92041    5.7528
3.85851    5.7528
3.83787    5.7528
3.77597    5.7528
3.69344    5.7528
3.65217    5.7528
3.6109    5.7528
3.56963    5.7528
3.50773    5.73394
3.40456    5.73394
3.38393    5.71508
3.32203    5.71508
3.3014    5.71508
3.2395    5.71508
3.17759    5.71508
3.11569    5.71508
3.09506    5.71508
3.05379    5.71508
3.01252    5.71508
2.95062    5.71508
2.92999    5.71508
2.86809    5.71508
2.84745    5.71508
2.78555    5.71508
2.72365    5.73394
2.66175    5.73394
2.64112    5.7528
2.57922    5.7528
2.55858    5.7528
2.45541    5.7528
