12.3596    5.84711
12.3183    5.84711
12.2771    5.84711
12.1945    5.86597
12.1533    5.88483
12.112    5.86597
12.0501    5.88483
12.0088    5.88483
11.9263    5.88483
11.885    5.88483
11.8438    5.88483
11.8025    5.88483
11.7612    5.88483
11.6787    5.88483
11.6374    5.86597
11.5962    5.88483
11.5549    5.86597
11.5136    5.88483
11.4311    5.86597
11.3898    5.86597
11.3485    5.86597
11.3073    5.86597
11.266    5.86597
11.2041    5.86597
11.1835    5.86597
11.1216    5.86597
11.1009    5.86597
11.0597    5.86597
10.9771    5.88483
10.9565    5.86597
10.9359    5.88483
10.874    5.88483
10.8533    5.88483
10.7708    5.9037
10.7295    5.92256
10.6883    5.9037
10.6676    5.92256
10.647    5.9037
10.5851    5.92256
10.5645    5.92256
10.5026    5.92256
10.4819    5.92256
10.4407    5.92256
10.3581    5.92256
10.3375    5.92256
10.3169    5.92256
10.2756    5.92256
10.2343    5.92256
10.1724    5.92256
10.1518    5.94142
10.0899    5.96028
10.0899    5.94142
10.0486    5.96028
9.98672    5.96028
9.94546    5.96028
9.90419    5.96028
9.86292    5.96028
9.84229    5.97914
9.78039    5.998
9.73912    5.998
9.69785    5.998
9.67722    6.01687
9.67722    6.03573
9.61532    6.03573
9.57405    6.03573
9.53278    6.03573
9.51215    6.03573
9.51215    6.03573
9.45025    6.03573
9.40898    6.03573
9.38835    6.03573
9.36771    6.03573
9.32644    6.03573
9.26454    6.03573
9.24391    6.03573
9.20264    6.03573
9.18201    6.03573
9.16137    6.03573
9.09947    6.05459
9.07884    6.07345
9.03757    6.05459
9.01694    6.07345
8.99631    6.07345
8.9344    6.09231
8.91377    6.11117
8.8725    6.11117
8.83124    6.11117
8.8106    6.11117
8.7487    6.13004
8.70743    6.1489
8.66617    6.13004
8.6249    6.1489
8.60426    6.13004
8.54236    6.1489
8.48046    6.13004
8.45983    6.1489
8.41856    6.13004
8.37729    6.1489
8.31539    6.13004
8.29476    6.13004
8.25349    6.1489
8.21222    6.13004
8.17096    6.13004
8.10905    6.13004
8.08842    6.13004
8.02652    6.1489
8.00589    6.13004
7.96462    6.1489
7.88208    6.1489
7.84082    6.1489
7.82018    6.1489
7.79955    6.1489
7.75828    6.16776
7.67575    6.18662
7.63448    6.16776
7.61385    6.16776
7.59321    6.16776
7.53131    6.16776
7.46941    6.1489
7.40751    6.13004
7.38687    6.1489
7.32497    6.13004
7.30434    6.13004
7.2218    6.13004
7.18054    6.13004
7.13927    6.13004
7.11864    6.13004
7.098    6.13004
7.01547    6.13004
6.9742    6.13004
6.93293    6.13004
6.9123    6.13004
6.89166    6.13004
6.80913    6.1489
6.76786    6.1489
6.7266    6.1489
6.70596    6.1489
6.68533    6.1489
6.60279    6.1489
6.56153    6.16776
6.52026    6.18662
6.47899    6.16776
6.43772    6.18662
6.37582    6.18662
6.33455    6.18662
6.29329    6.18662
6.25202    6.18662
6.23139    6.18662
6.12822    6.20548
6.10758    6.22434
6.04568    6.20548
6.02505    6.22434
5.96315    6.22434
5.92188    6.22434
5.88061    6.2432
5.83934    6.26207
5.79808    6.2432
5.75681    6.28093
5.65364    6.29979
5.59174    6.28093
5.57111    6.29979
5.50921    6.29979
5.48857    6.31865
5.3854    6.33751
5.36477    6.33751
5.30287    6.33751
5.2616    6.33751
5.22033    6.35637
5.1378    6.37524
5.09653    6.35637
5.03463    6.37524
4.97273    6.37524
4.95209    6.37524
4.84893    6.37524
4.80766    6.37524
4.76639    6.37524
4.72512    6.37524
4.68386    6.37524
4.60132    6.37524
4.56005    6.3941
4.49815    6.41296
4.43625    6.3941
4.41562    6.41296
4.31245    6.41296
4.27118    6.41296
4.22991    6.41296
4.18865    6.41296
4.12675    6.43182
4.02358    6.45068
4.00294    6.43182
3.94104    6.45068
3.92041    6.43182
3.85851    6.45068
