12.0914    6.69588
12.0501    6.69588
11.9882    6.67702
11.9057    6.65816
11.8644    6.65816
11.8025    6.65816
11.7612    6.6393
11.72    6.62044
11.6168    6.60158
11.5755    6.58271
11.5136    6.60158
11.4724    6.58271
11.4311    6.60158
11.3279    6.58271
11.2866    6.60158
11.2454    6.58271
11.2041    6.60158
11.1628    6.58271
11.0597    6.60158
10.9978    6.58271
10.9565    6.60158
10.8946    6.60158
10.8533    6.62044
10.7502    6.6393
10.7089    6.6393
10.6676    6.6393
10.6057    6.6393
10.5645    6.6393
10.4819    6.6393
10.4407    6.6393
10.3788    6.6393
10.3375    6.62044
10.2962    6.62044
10.1931    6.60158
10.1312    6.58271
10.0899    6.58271
10.028    6.56385
9.96609    6.54499
9.88356    6.56385
9.82165    6.54499
9.78039    6.56385
9.73912    6.54499
9.69785    6.56385
9.59468    6.54499
9.55342    6.56385
9.51215    6.54499
9.45025    6.56385
9.40898    6.54499
9.30581    6.58271
9.26454    6.58271
9.20264    6.58271
9.16137    6.58271
9.14074    6.58271
9.05821    6.58271
9.01694    6.58271
8.99631    6.58271
8.95504    6.58271
8.9344    6.56385
8.89314    6.52613
8.8725    6.50727
8.85187    6.50727
8.83124    6.50727
8.8106    6.48841
8.76933    6.45068
8.7487    6.43182
8.72807    6.45068
8.70743    6.43182
8.6868    6.43182
8.64553    6.43182
8.64553    6.43182
8.6249    6.41296
8.60426    6.3941
8.563    6.41296
8.52173    6.37524
8.48046    6.37524
8.45983    6.37524
8.41856    6.37524
8.37729    6.37524
8.31539    6.37524
8.29476    6.37524
8.25349    6.37524
8.23286    6.37524
8.19159    6.37524
8.12969    6.35637
8.10905    6.37524
8.06779    6.33751
8.04715    6.33751
8.00589    6.31865
7.94398    6.29979
7.90272    6.28093
7.86145    6.28093
7.82018    6.26207
7.77892    6.2432
7.69638    6.2432
7.65511    6.22434
7.61385    6.20548
7.57258    6.22434
7.53131    6.20548
7.46941    6.20548
7.42814    6.20548
7.38687    6.20548
7.36624    6.20548
7.32497    6.20548
7.24244    6.20548
7.20117    6.22434
7.1599    6.20548
7.11864    6.22434
7.07737    6.22434
6.99483    6.2432
6.95357    6.26207
6.9123    6.2432
6.87103    6.26207
6.82976    6.26207
6.74723    6.26207
6.70596    6.26207
6.66469    6.26207
6.62343    6.26207
6.58216    6.26207
6.47899    6.26207
6.43772    6.26207
6.39646    6.28093
6.35519    6.29979
6.31392    6.29979
6.23139    6.31865
6.19012    6.35637
6.14885    6.37524
6.10758    6.37524
6.06632    6.3941
5.98378    6.43182
5.94251    6.46954
5.90125    6.48841
5.85998    6.50727
5.81871    6.54499
5.73618    6.58271
5.67427    6.62044
5.63301    6.6393
5.59174    6.6393
5.55047    6.65816
5.4473    6.69588
5.40604    6.71475
5.36477    6.71475
5.30287    6.71475
5.2616    6.73361
5.15843    6.75247
5.09653    6.75247
5.05526    6.75247
4.99336    6.75247
4.95209    6.75247
4.84893    6.79019
4.80766    6.80905
4.76639    6.82792
4.70449    6.82792
4.66322    6.84678
4.58069    6.8845
4.53942    6.90336
4.49815    6.90336
4.45689    6.90336
4.41562    6.92222
4.31245    6.97881
4.27118    6.97881
4.20928    6.99767
4.16801    7.03539
4.12675    7.05426
4.02358    7.05426
3.98231    7.05426
3.92041    7.07312
3.87914    7.09198
3.83787    7.07312
3.75534    7.09198
3.69344    7.07312
3.65217    7.09198
3.59027    7.07312
3.549    7.07312
3.44583    7.07312
3.40456    7.05426
3.34266    7.05426
3.3014    7.05426
3.26013    7.07312
3.17759    7.09198
3.13633    7.09198
3.09506    7.09198
3.05379    7.11084
3.01252    7.1297
2.92999    7.1297
2.88872    7.1297
2.84745    7.14856
2.80619    7.16743
2.76492    7.16743
2.68238    7.18629
2.64112    7.22401
2.59985    7.22401
2.55858    7.24287
2.51731    7.24287
