11.885    7.31832
11.8438    7.31832
11.8025    7.33718
11.72    7.33718
11.6787    7.33718
11.6374    7.35604
11.5755    7.35604
11.5549    7.35604
11.4517    7.33718
11.4105    7.33718
11.3692    7.33718
11.3073    7.33718
11.2454    7.31832
11.1628    7.31832
11.1216    7.31832
11.0597    7.31832
10.9978    7.31832
10.9771    7.31832
10.874    7.31832
10.8533    7.29946
10.7914    7.29946
10.7502    7.29946
10.7089    7.2806
10.6057    7.2806
10.5232    7.2806
10.4613    7.2806
10.42    7.2806
10.3788    7.2806
10.2756    7.2806
10.2137    7.2806
10.1724    7.2806
10.1312    7.2806
10.0693    7.2806
9.96609    7.26173
9.92482    7.26173
9.86292    7.24287
9.80102    7.24287
9.75975    7.24287
9.65658    7.22401
9.59468    7.22401
9.55342    7.22401
9.51215    7.22401
9.47088    7.24287
9.38835    7.24287
9.34708    7.26173
9.30581    7.2806
9.26454    7.2806
9.22328    7.29946
9.14074    7.31832
9.09947    7.33718
9.05821    7.35604
9.01694    7.3749
8.97567    7.39377
8.89314    7.43149
8.85187    7.43149
8.8106    7.45035
8.76933    7.46921
8.72807    7.48807
8.64553    7.50694
8.60426    7.5258
8.563    7.5258
8.54236    7.54466
8.48046    7.56352
8.41856    7.58238
8.37729    7.58238
8.33603    7.60124
8.29476    7.60124
8.25349    7.62011
8.19159    7.63897
8.17096    7.65783
8.12969    7.65783
8.08842    7.65783
8.06779    7.65783
8.02652    7.65783
8.00589    7.65783
7.96462    7.63897
7.92335    7.63897
7.90272    7.63897
7.86145    7.62011
7.84082    7.60124
7.77892    7.58238
7.75828    7.56352
7.71701    7.54466
7.65511    7.48807
7.63448    7.46921
7.57258    7.45035
7.55194    7.43149
7.49004    7.41263
7.40751    7.39377
7.36624    7.3749
7.30434    7.3749
7.2218    7.3749
7.1599    7.35604
7.05673    7.35604
6.99483    7.35604
6.93293    7.35604
6.87103    7.3749
6.82976    7.3749
6.70596    7.39377
6.64406    7.39377
6.58216    7.39377
6.54089    7.39377
6.47899    7.39377
6.37582    7.39377
6.33455    7.3749
6.27265    7.3749
6.21075    7.35604
6.16948    7.33718
6.06632    7.31832
6.00441    7.29946
5.96315    7.2806
5.90125    7.2806
5.83934    7.26173
5.75681    7.26173
5.69491    7.26173
5.63301    7.26173
5.59174    7.26173
5.55047    7.26173
5.4473    7.26173
5.3854    7.26173
5.34414    7.2806
5.30287    7.2806
5.24097    7.2806
5.1378    7.29946
5.09653    7.29946
5.05526    7.31832
4.99336    7.31832
4.93146    7.33718
4.86956    7.33718
4.80766    7.35604
4.76639    7.35604
4.72512    7.35604
4.68386    7.35604
4.58069    7.35604
4.51879    7.35604
4.47752    7.35604
4.43625    7.35604
4.37435    7.35604
4.27118    7.35604
4.22991    7.3749
4.18865    7.3749
4.14738    7.39377
4.10611    7.39377
4.02358    7.41263
3.96168    7.41263
3.89977    7.41263
3.87914    7.43149
3.81724    7.43149
3.7347    7.46921
3.6728    7.48807
3.6109    7.50694
3.56963    7.50694
3.52837    7.5258
3.4252    7.56352
3.3633    7.58238
3.32203    7.58238
3.28076    7.60124
3.21886    7.60124
3.11569    7.60124
3.07443    7.60124
3.03316    7.58238
2.99189    7.58238
2.92999    7.58238
2.80619    7.56352
2.76492    7.56352
2.70302    7.56352
2.68238    7.56352
2.62048    7.56352
2.53795    7.56352
2.49668    7.58238
2.45541    7.58238
2.41415    7.58238
