11.3898    7.69555
11.3485    7.69555
11.2866    7.69555
11.2247    7.67669
11.1422    7.69555
11.1009    7.65783
11.039    7.65783
11.0184    7.63897
10.8946    7.65783
10.8533    7.63897
10.8121    7.65783
10.7708    7.63897
10.7295    7.65783
10.647    7.65783
10.5851    7.65783
10.5645    7.65783
10.5026    7.65783
10.4819    7.67669
10.3788    7.71441
10.3581    7.71441
10.2962    7.73327
10.2756    7.71441
10.2137    7.73327
10.1518    7.73327
10.1105    7.73327
10.0693    7.73327
10.028    7.73327
9.98672    7.73327
9.90419    7.73327
9.86292    7.73327
9.82165    7.73327
9.78039    7.73327
9.75975    7.73327
9.69785    7.75214
9.65658    7.771
9.61532    7.75214
9.59468    7.771
9.57405    7.771
9.49151    7.771
9.45025    7.771
9.42961    7.78986
9.40898    7.80872
9.34708    7.80872
9.30581    7.82758
9.28518    7.86531
9.22328    7.88417
9.20264    7.86531
9.16137    7.90303
9.09947    7.92189
9.07884    7.92189
9.03757    7.92189
9.01694    7.92189
8.99631    7.92189
8.91377    7.92189
8.89314    7.92189
8.8725    7.92189
8.83124    7.92189
8.8106    7.92189
8.78997    7.92189
8.7487    7.94075
8.72807    7.94075
8.72807    7.95961
8.72807    7.94075
8.70743    7.95961
8.66617    7.94075
8.66617    7.95961
8.64553    7.94075
8.64553    7.95961
8.6249    7.94075
8.60426    7.95961
8.60426    7.94075
8.60426    7.95961
8.58363    7.94075
8.563    7.94075
8.563    7.92189
8.54236    7.90303
8.52173    7.90303
8.52173    7.88417
8.5011    7.84644
8.45983    7.82758
8.43919    7.82758
8.43919    7.80872
8.41856    7.771
8.35666    7.73327
8.35666    7.71441
8.33603    7.71441
8.29476    7.69555
8.27412    7.67669
8.23286    7.65783
8.19159    7.63897
8.17096    7.65783
8.12969    7.62011
8.08842    7.62011
8.00589    7.60124
7.96462    7.62011
7.92335    7.62011
7.88208    7.62011
7.84082    7.62011
7.75828    7.63897
7.69638    7.65783
7.67575    7.63897
7.61385    7.65783
7.57258    7.65783
7.49004    7.65783
7.42814    7.65783
7.36624    7.65783
7.32497    7.65783
7.26307    7.65783
7.13927    7.65783
7.07737    7.65783
7.05673    7.67669
6.9742    7.69555
6.93293    7.69555
6.82976    7.69555
6.7885    7.71441
6.7266    7.73327
6.64406    7.73327
6.60279    7.73327
6.47899    7.771
6.41709    7.78986
6.37582    7.80872
6.33455    7.80872
6.27265    7.80872
6.14885    7.82758
6.08695    7.84644
6.04568    7.84644
5.98378    7.84644
5.92188    7.84644
5.81871    7.82758
5.73618    7.84644
5.67427    7.82758
5.65364    7.82758
5.57111    7.82758
5.46794    7.84644
5.42667    7.82758
5.3854    7.84644
5.3235    7.82758
5.2616    7.84644
5.15843    7.82758
5.09653    7.84644
5.05526    7.84644
4.99336    7.84644
4.93146    7.84644
4.82829    7.86531
4.74576    7.88417
4.68386    7.86531
4.64259    7.88417
4.60132    7.88417
4.49815    7.90303
4.41562    7.92189
4.35372    7.90303
4.33308    7.92189
4.27118    7.90303
4.18865    7.90303
4.12675    7.90303
4.06484    7.90303
4.02358    7.90303
3.98231    7.92189
3.89977    7.90303
3.83787    7.92189
3.77597    7.90303
3.7347    7.92189
3.69344    7.92189
3.59027    7.94075
3.52837    7.95961
3.4871    7.95961
3.44583    7.95961
3.38393    7.97848
3.28076    7.99734
3.2395    7.97848
3.19823    7.99734
3.15696    7.97848
3.11569    7.99734
3.03316    7.97848
2.99189    7.97848
2.95062    7.97848
2.90936    7.97848
2.86809    7.97848
2.78555    7.97848
2.74429    7.97848
2.70302    7.97848
2.66175    7.99734
2.62048    7.97848
2.55858    7.99734
2.49668    7.99734
2.47605    7.99734
2.43478    7.99734
2.39351    8.0162
