7.4827	6.0052
7.486	6.0106
7.4995	6.0035
7.4991	6.0092
7.5044	6.0094
7.5057	6.0083
7.508	6.0032
7.5148	5.9937
7.5327	5.9892
7.5451	5.9826
7.5408	5.9933
7.5502	5.9781
7.5616	5.9803
7.5885	5.9739
7.6017	5.9654
7.6266	5.9599
7.6199	5.9449
7.6338	5.9423
7.6568	5.9358
7.7027	5.919
7.7314	5.912
7.7543	5.9045
7.7564	5.9106
7.7796	5.8988
7.8111	5.8916
7.8836	5.891
7.9164	5.882
7.9554	5.8816
7.954	5.8887
7.999	5.8832
8.0329	5.8819
8.1009	5.8611
8.1365	5.8594
8.1747	5.8416
8.1725	5.8505
8.214	5.8371
8.2507	5.8431
8.3158	5.8196
8.3564	5.8093
8.3887	5.8074
8.3864	5.8026
8.4165	5.8041
8.4457	5.7961
8.5226	5.7952
8.5719	5.8025
8.6085	5.8146
8.6107	5.8139
8.6462	5.8165
8.6935	5.8019
8.7818	5.8178
8.8266	5.8086
8.8614	5.8128
8.8554	5.815
8.9074	5.7996
8.9413	5.8009
9.0159	5.7996
9.0623	5.7945
9.0955	5.7897
9.0899	5.783
9.1334	5.7719
9.1727	5.7663
9.247	5.7633
9.2703	5.765
9.318	5.7733
9.3181	5.7655
9.3589	5.7651
9.391	5.7717
9.4645	5.7755
9.4985	5.7673
9.5404	5.7843
9.5299	5.7818
9.5668	5.7806
9.5882	5.7647
9.6481	5.7643
9.6819	5.7787
9.7078	5.7708
9.7099	5.7752
9.7342	5.7627
9.7521	5.7617
9.8072	5.7747
9.8263	5.7812
9.8576	5.7922
9.8614	5.7894
9.8742	5.798
9.9084	5.816
9.9532	5.8287
9.9752	5.8445
9.9935	5.8496
9.9925	5.8495
10.0137	5.8578
10.0376	5.865
10.0817	5.8799
10.0995	5.8845
10.1242	5.8894
10.1243	5.8879
10.1429	5.8942
10.1648	5.8995
10.2092	5.9024
10.2278	5.8965
10.249	5.9053
10.2426	5.9045
10.2635	5.9127
10.2873	5.9159
10.32	5.9411
10.3287	5.9586
10.344	5.9674
10.3513	5.9652
10.36	5.9835
10.3746	5.9975
10.4023	6.0183
10.4063	6.0285
10.4257	6.0332
10.437	6.0186
10.4414	6.0187
10.4574	6.0316
10.4813	6.0286
10.5056	6.0188
10.5159	6.0107
10.524	6.0132
10.5417	6.0062
10.5518	5.9971
10.5733	5.9884
10.586	5.9931
10.6008	5.9908
10.6015	5.9915
10.607	5.9972
10.6167	5.9955
10.6445	5.9918
10.6561	5.996
10.6622	6.0007
10.6639	6.0034
10.6661	5.9943
10.6834	6.0023
10.7023	6.0094
10.7113	6.0091
10.7195	6.0168
10.7204	6.0163
10.7227	6.0209
10.73	6.0233
10.7409	6.0308
10.7426	6.0334
10.7518	6.0461
10.7516	6.0455
10.7516	6.0484
10.7577	6.0641
10.7667	6.0801
10.7655	6.0997
10.7708	6.1094
10.7704	6.1059
10.7752	6.1249
10.7823	6.1506
10.7919	6.1843
10.7899	6.2044
10.7918	6.2173
10.7941	6.2123
10.8069	6.2168
10.804	6.2413
10.8288	6.2459
10.8336	6.2559
10.8343	6.2607
10.833	6.2547
10.8511	6.2606
10.8584	6.261
10.8781	6.2534
10.8763	6.256
10.9015	6.2567
10.8918	6.25
10.8951	6.235
10.8988	6.244
10.9129	6.2435
10.9123	6.2385
10.943	6.2347
10.9355	6.2332
10.9433	6.2295
10.9529	6.2288
10.954	6.221
10.957	6.2352
10.959	6.2413
10.9658	6.2402
10.9651	6.2464
10.9703	6.2489
10.9715	6.2637
10.9801	6.2687
10.9703	6.277
10.9777	6.2727
10.9742	6.2701
10.9687	6.3069
10.9585	6.3042
10.9616	6.3227
10.9637	6.3268
10.963	6.3314
10.9482	6.3501
10.9505	6.3558
10.9326	6.3718
10.9355	6.3897
10.9298	6.4072
10.9286	6.3981
10.9216	6.4346
10.91	6.448
10.9141	6.4681
10.9091	6.4554
10.9075	6.4739
10.9077	6.4863
10.9106	6.4923
10.9079	6.5053
10.922	6.5258
10.9083	6.5396
10.9067	6.5416
10.901	6.5457
10.9073	6.5566
10.9196	6.5676
10.9329	6.5901
10.936	6.5992
10.9272	6.5986
10.9283	6.5883
10.9283	6.6042
10.9517	6.6187
10.9574	6.6184
10.9679	6.6339
10.9782	6.6439
10.9852	6.6495
10.9977	6.6457
11.0059	6.6571
11.0252	6.6586
11.0463	6.685
11.0493	6.6816
11.0541	6.682
11.0585	6.6802
11.0587	6.6951
11.0749	6.7046
11.0896	6.7338
11.0785	6.7168
11.0841	6.7132
11.0983	6.7328
11.1051	6.7442
11.1068	6.7758
11.1187	6.7798
11.1232	6.8001
11.1142	6.7895
11.1242	6.8055
11.1246	6.8179
11.1212	6.8546
11.1197	6.8612
11.1236	6.876
11.1227	6.8727
11.122	6.8875
11.1184	6.8958
11.1189	6.9163
11.1211	6.9185
11.1194	6.9259
11.1167	6.9229
11.1276	6.9344
11.1278	6.9386
11.1296	6.9489
11.1447	6.9504
11.1432	6.953
11.141	6.9515
11.1561	6.9599
11.17	6.9636
11.1881	6.9616
11.2005	6.9592
11.2114	6.9633
11.2122	6.9614
11.223	6.9546
11.2383	6.9603
11.2689	6.9498
11.2713	6.9556
11.2911	6.9486
11.2909	6.9483
11.3103	6.9467
11.3219	6.9469
11.3471	6.9395
11.3577	6.9377
11.3743	6.9436
11.3766	6.9356
11.3819	6.9403
11.3951	6.9355
11.4176	6.9453
11.4341	6.9438
11.4386	6.9512
11.4417	6.9543
11.4492	6.9545
11.444	6.9628
11.4584	6.9677
11.4703	6.9772
11.4721	6.9862
11.4769	6.9923
11.4836	7.0077
11.4896	7.0187
11.5121	7.036
11.507	7.0464
11.4968	7.0805
11.5115	7.0782
11.5111	7.0823
11.5215	7.0939
11.5386	7.1195
11.5554	7.1321
11.5639	7.137
11.5662	7.1325
11.5815	7.1413
11.5952	7.1598
11.6151	7.1726
11.6342	7.1767
11.6545	7.1781
11.6505	7.1823
11.6722	7.1888
11.6782	7.1927
11.7213	7.1911
11.7353	7.1991
11.7705	7.1888
11.7586	7.2089
11.7834	7.1973
11.8096	7.1938
11.8515	7.1859
11.8704	7.1799
11.8972	7.1773
11.8996	7.1606
11.9251	7.157
11.9476	7.1508
12.0016	7.1546
12.0182	7.1462
12.0509	7.1533
12.047	7.1411
12.0729	7.148
12.0999	7.1493
12.1577	7.1464
12.188	7.1609
12.2137	7.1606
12.2122	7.1622
12.2431	7.1704
12.2776	7.1787
12.3393	7.2034
12.371	7.2079
12.395	7.2091
12.3933	7.2077
12.4236	7.2201
12.4507	7.2121
12.5194	7.2048
12.5473	7.2007
12.5801	7.1932
12.5816	7.1976
12.61	7.1888
12.6383	7.1795
12.7064	7.1607
12.7331	7.1415
12.7594	7.1297
12.7605	7.1227
12.7835	7.1064
12.812	7.0888
12.8664	7.0539
12.8972	7.0441
12.9312	7.0337
12.9244	7.0276
12.9581	7.0246
12.9851	7.0096
