5.8432	7.5271
5.8505	7.5234
5.8445	7.5302
5.849	7.527
5.859	7.5276
5.8486	7.5254
5.8527	7.5359
5.8441	7.5529
5.8387	7.561
5.8409	7.5571
5.8605	7.561
5.8565	7.5745
5.8469	7.58
5.8569	7.5943
5.8637	7.5979
5.8686	7.6066
5.8731	7.6034
5.8911	7.6218
5.9122	7.6413
5.9197	7.6525
5.9396	7.6565
5.9563	7.6638
5.9563	7.6625
5.9835	7.676
6.0081	7.6869
6.0667	7.694
6.0996	7.6941
6.1404	7.6907
6.1437	7.6876
6.1829	7.6885
6.2214	7.6737
6.3104	7.6693
6.3508	7.6693
6.4012	7.6805
6.4012	7.6794
6.4478	7.6938
6.4972	7.7085
6.59	7.7296
6.6271	7.7438
6.6715	7.7363
6.6766	7.7433
6.7219	7.7447
6.774	7.7497
6.8532	7.7151
6.9049	7.6961
6.9562	7.6654
6.9532	7.6667
6.9835	7.6603
7.0366	7.6262
7.1081	7.5742
7.144	7.5374
7.1682	7.5027
7.1827	7.5094
7.2026	7.4754
7.2426	7.4543
7.3221	7.4299
7.3678	7.4281
7.4281	7.4372
7.4234	7.4294
7.4797	7.4245
7.5178	7.4079
7.6133	7.396
7.6691	7.3877
7.7097	7.3696
7.7108	7.3716
7.783	7.3785
7.8093	7.3662
7.9127	7.3699
7.9559	7.3732
8.0036	7.3877
8.007	7.3823
8.0614	7.4177
8.1064	7.429
8.2005	7.518
8.2517	7.5456
8.3013	7.5959
8.2864	7.5857
8.3222	7.6212
8.36	7.6477
8.4397	7.7207
8.4873	7.7282
8.5271	7.7614
8.5273	7.7596
8.5605	7.7777
8.6006	7.7943
8.665	7.8055
8.7041	7.8262
8.7305	7.8172
8.7331	7.8212
8.7738	7.823
8.8046	7.8309
8.8695	7.851
8.8994	7.8593
8.9329	7.8706
8.9326	7.8707
8.9633	7.8783
8.9966	7.8831
9.0851	7.9071
9.1337	7.9124
9.173	7.9167
9.1754	7.9205
9.2208	7.9278
9.2796	7.9347
9.3435	7.9321
9.3899	7.9352
9.4078	7.9419
9.419	7.9456
9.4445	7.9511
9.4574	7.9506
9.5236	7.9824
9.5611	8.0014
9.5874	8.0081
9.5991	8.021
9.62	8.0224
9.6492	8.0314
9.7215	8.0544
9.7406	8.0462
9.8013	8.064
9.7864	8.0659
9.8243	8.0724
9.8658	8.077
9.9273	8.0664
9.9461	8.0766
9.9671	8.0921
9.9788	8.0865
9.9975	8.0812
10.0359	8.0824
10.0714	8.0396
10.1112	8.0323
10.1291	8.0124
10.1366	8.0121
10.1538	7.9952
10.1854	7.9699
10.2313	7.9485
10.2589	7.9333
10.29	7.9275
10.2898	7.924
10.306	7.9192
10.3405	7.9104
10.3948	7.9089
10.416	7.8987
10.4394	7.8985
10.4397	7.8936
10.4674	7.8896
10.4887	7.889
10.5459	7.8843
10.5635	7.8927
10.596	7.885
10.5874	7.8756
10.6138	7.8776
10.6491	7.8771
10.6762	7.8697
10.6926	7.8506
10.705	7.8519
10.7072	7.8573
10.7162	7.8458
10.7201	7.8492
10.7415	7.8415
10.7429	7.8352
10.7478	7.8344
10.7505	7.8365
10.7477	7.8405
10.7624	7.8303
10.7594	7.8197
10.7743	7.8045
10.7786	7.8063
10.7783	7.8017
10.7808	7.7982
10.7938	7.79
10.8034	7.7834
10.8095	7.7983
10.8094	7.7933
10.8217	7.8002
10.8271	7.803
10.8363	7.805
10.8487	7.8154
10.8468	7.8122
10.8705	7.8231
10.8763	7.8224
10.8786	7.8352
10.8983	7.8382
10.9107	7.8453
10.9317	7.8605
10.9504	7.8706
10.9426	7.8752
10.9572	7.8854
10.971	7.8804
11.0003	7.9101
11.0107	7.9175
11.0242	7.9161
11.017	7.9098
11.0203	7.9249
11.0187	7.9239
11.0313	7.9342
11.027	7.9254
11.0364	7.9276
11.0364	7.9271
11.0425	7.921
11.0512	7.9136
11.0663	7.9045
11.0707	7.8964
11.0605	7.8928
11.0556	7.897
11.0598	7.8891
11.0692	7.8687
11.0594	7.8414
11.062	7.8228
11.0639	7.8148
11.0609	7.7953
11.0549	7.7826
11.049	7.7535
11.0488	7.6994
11.0302	7.6738
11.0182	7.6421
11.0305	7.6419
11.0082	7.6019
11.0002	7.5669
11.0029	7.5224
10.9933	7.4926
10.9811	7.4685
10.9918	7.4749
10.9783	7.4509
10.9791	7.4355
10.9784	7.3942
10.9968	7.3837
10.9998	7.3631
10.9915	7.3649
11.013	7.3353
11.0216	7.3209
11.0465	7.2898
11.0623	7.2773
11.0794	7.2672
11.0862	7.2717
11.0983	7.2551
11.107	7.2365
11.1256	7.2154
11.1403	7.2011
11.1608	7.1943
11.1608	7.2003
11.1818	7.1817
11.1879	7.1761
11.2	7.1308
11.2189	7.1277
11.2196	7.1181
11.2238	7.1221
11.2231	7.1032
11.2277	7.0932
11.2431	7.0592
11.2589	7.0538
11.2513	7.0446
11.2618	7.0447
11.264	7.0294
11.2764	7.0199
11.2899	7.0064
11.2957	6.9927
11.3097	6.9868
11.3094	6.9772
11.3133	6.9698
11.3216	6.9786
11.3304	6.9643
11.3285	6.9555
11.3272	6.9604
11.3234	6.9535
11.3276	6.9594
11.3338	6.9601
11.3433	6.9731
11.353	6.9793
11.3511	6.9958
11.3589	6.9943
11.3639	6.9981
11.375	7.02
11.3847	7.042
11.4103	7.0699
11.4058	7.0863
11.4111	7.0821
11.4197	7.0923
11.4434	7.1305
11.4553	7.1312
11.4734	7.1435
11.488	7.171
11.4873	7.1594
11.5047	7.1727
11.5068	7.1737
11.5557	7.1889
11.5557	7.1913
11.578	7.2004
11.5833	7.1984
11.5979	7.1947
11.6236	7.1917
11.6434	7.1837
11.6726	7.1787
11.6783	7.1708
11.6779	7.179
11.7058	7.1555
11.7154	7.1542
11.7572	7.1266
11.7741	7.1149
11.7995	7.1216
11.8061	7.1197
11.8254	7.1292
11.8469	7.1224
11.9049	7.1372
11.9344	7.1325
11.953	7.1444
11.9617	7.1409
11.9875	7.1463
12.014	7.1544
12.0899	7.1869
12.1287	7.1941
12.1608	7.2035
12.1599	7.2012
12.2135	7.2402
12.2541	7.2621
12.3558	7.3203
12.3912	7.3432
12.4343	7.3655
12.4414	7.364
12.4817	7.3877
12.5176	7.3931
12.591	7.4234
12.6148	7.4289
12.6446	7.4146
12.6425	7.4148
12.6754	7.4084
12.7296	7.4173
12.8073	7.4355
12.8381	7.4281
12.87	7.4322
12.8651	7.4437
12.8972	7.4379
12.9362	7.4488
13.024	7.4526
13.0757	7.4543
13.1076	7.4618
