6.5216	5.4076
6.5119	5.3884
6.5047	5.3814
6.5096	5.3746
6.507	5.375
6.4995	5.3585
6.4962	5.3542
6.4995	5.3312
6.5011	5.316
6.4998	5.3107
6.5017	5.3097
6.5039	5.298
6.5062	5.29
6.5175	5.2717
6.5259	5.2602
6.5395	5.2501
6.5402	5.2481
6.5535	5.2421
6.5648	5.2244
6.6	5.1984
6.6207	5.1858
6.6478	5.1673
6.6499	5.1657
6.6741	5.1503
6.7107	5.1323
6.7719	5.1102
6.8112	5.105
6.8558	5.106
6.8551	5.1026
6.8898	5.0989
6.9391	5.0913
7.0268	5.0846
7.0698	5.0895
7.1177	5.0783
7.1171	5.0769
7.154	5.0715
7.1975	5.0579
7.2785	5.0449
7.3226	5.0403
7.3746	5.0347
7.3682	5.0377
7.4191	5.0366
7.48	5.0321
7.5845	5.0098
7.6509	5.0032
7.7062	4.9911
7.7055	4.9882
7.7753	4.9775
7.8389	4.9636
7.9863	4.9561
8.0648	4.9511
8.146	4.9586
8.1468	4.9631
8.2199	4.9779
8.3022	4.9986
8.4492	5.0246
8.526	5.049
8.6035	5.0624
8.6036	5.0606
8.6875	5.0795
8.7509	5.0943
8.9167	5.1364
8.9824	5.156
9.055	5.1661
9.0529	5.1736
9.118	5.196
9.1913	5.1966
9.307	5.2471
9.3819	5.2627
9.446	5.2866
9.445	5.2808
9.5177	5.3088
9.5771	5.3465
9.6955	5.4056
9.7525	5.4279
9.8009	5.4548
9.8022	5.4574
9.8387	5.4809
9.8963	5.495
10.0145	5.5488
10.0754	5.5819
10.1327	5.6107
10.1364	5.6123
10.1843	5.633
10.2317	5.6543
10.3201	5.69
10.3755	5.7134
10.4086	5.7213
10.4085	5.7239
10.4599	5.7446
10.4979	5.7662
10.5677	5.8148
10.599	5.8286
10.62	5.8469
10.6195	5.8457
10.6385	5.8605
10.6592	5.8703
10.6921	5.9008
10.7089	5.9085
10.7267	5.9216
10.7258	5.9221
10.7384	5.9457
10.7568	5.9579
10.7846	5.9875
10.8011	6.0109
10.8115	6.0236
10.8132	6.0224
10.8175	6.0396
10.8317	6.0564
10.8501	6.0985
10.8611	6.1204
10.8695	6.1363
10.8702	6.1385
10.8823	6.1599
10.8843	6.1808
10.9059	6.2109
10.9187	6.2222
10.9354	6.245
10.9348	6.2438
10.9408	6.2588
10.9549	6.2667
10.9737	6.2791
10.9786	6.2876
10.9804	6.2904
10.9787	6.2875
10.9894	6.2967
11.0002	6.2937
11.0163	6.3039
11.0234	6.3082
11.0277	6.3078
11.0281	6.3071
11.0317	6.3097
11.0323	6.3104
11.0426	6.3193
11.047	6.3182
11.047	6.3246
11.0499	6.3229
11.052	6.3231
11.0509	6.3251
11.0575	6.3361
11.0577	6.3369
11.0511	6.3366
11.0536	6.3372
11.0537	6.3464
11.0581	6.3435
11.0576	6.3555
11.0599	6.3614
11.0591	6.3642
11.0579	6.3669
11.0605	6.3648
11.0656	6.3725
11.0638	6.3747
11.0657	6.3774
11.07	6.378
11.07	6.3774
11.0751	6.3768
11.0751	6.3757
11.0787	6.38
11.0773	6.3741
11.0828	6.3702
11.0833	6.3685
11.0827	6.3806
11.0834	6.3777
11.0867	6.37
11.0849	6.3726
11.091	6.375
11.0899	6.3747
11.0909	6.3759
11.0942	6.3732
11.1072	6.3719
11.1099	6.375
11.1153	6.3744
11.1143	6.3767
11.1172	6.375
11.1244	6.3766
11.1293	6.3711
11.1316	6.3678
11.135	6.3696
11.1329	6.3684
11.1364	6.3711
11.1393	6.3665
11.1469	6.3693
11.1528	6.3703
11.1527	6.3752
11.1524	6.3757
11.156	6.3828
11.1592	6.3802
11.1544	6.3998
11.1606	6.3986
11.1583	6.3985
11.1572	6.4021
11.1529	6.427
11.1476	6.4105
11.15	6.4392
11.1482	6.437
11.1551	6.4503
11.1417	6.4355
11.1503	6.4414
11.1537	6.4399
11.1443	6.46
11.1459	6.4646
11.1434	6.4776
11.1365	6.4803
11.1495	6.4868
11.1588	6.4957
11.1654	6.5151
11.182	6.5266
11.1929	6.5364
11.1924	6.5354
11.2096	6.5507
11.2137	6.5592
11.2531	6.5811
11.2569	6.5971
11.2726	6.6058
11.2749	6.6037
11.2731	6.6172
11.3085	6.6114
11.3467	6.6345
11.3664	6.6478
11.3726	6.6567
11.3771	6.6603
11.3913	6.6828
11.4094	6.694
11.4409	6.7121
11.4581	6.7275
11.4679	6.7187
11.4602	6.7238
11.4775	6.7184
11.4899	6.7318
11.5208	6.7322
11.5366	6.7396
11.5576	6.738
11.551	6.7369
11.5745	6.7464
11.5902	6.7389
11.6293	6.7382
11.6479	6.7456
11.6703	6.7328
11.663	6.7271
11.682	6.7283
11.6958	6.7297
11.7265	6.726
11.7466	6.7357
11.7592	6.7281
11.7571	6.7295
11.7747	6.7258
11.786	6.7243
11.8168	6.7213
11.8305	6.7137
11.848	6.7207
11.8489	6.72
11.8705	6.7242
11.8824	6.7201
11.9156	6.7222
11.9358	6.7278
11.9492	6.7407
11.9518	6.7428
11.9727	6.7436
11.9845	6.7486
12.0161	6.7671
12.0397	6.7748
12.0599	6.7845
12.0589	6.7845
12.0839	6.795
12.1106	6.8037
12.1653	6.8088
12.197	6.8121
12.229	6.8114
12.2286	6.8089
12.2538	6.8099
12.2886	6.8043
12.3513	6.7887
12.3894	6.7816
12.4219	6.7799
12.4191	6.7792
12.4549	6.7714
12.4982	6.7657
12.5768	6.7594
12.6198	6.765
12.6699	6.7636
12.6709	6.7666
12.7167	6.7641
12.7444	6.7664
12.818	6.7709
12.8542	6.7606
12.9066	6.7346
12.9035	6.7451
