5.624	5.5616
5.6273	5.5527
5.6339	5.5582
5.6536	5.5625
5.659	5.5554
5.6718	5.5651
5.6581	5.563
5.683	5.5597
5.707	5.5532
5.7408	5.5459
5.7362	5.5403
5.744	5.5494
5.7652	5.5418
5.7967	5.5326
5.8499	5.5108
5.8689	5.505
5.8693	5.4947
5.8902	5.5019
5.9146	5.5022
5.9392	5.4819
5.9729	5.4746
5.9907	5.452
5.9897	5.4545
6.0108	5.4447
6.0401	5.4352
6.0663	5.4251
6.1225	5.4095
6.1702	5.3997
6.1603	5.3973
6.1919	5.3793
6.2322	5.357
6.2772	5.3423
6.3518	5.3072
6.3938	5.292
6.3931	5.2916
6.4289	5.2718
6.4732	5.2678
6.4893	5.2534
6.578	5.2554
6.6028	5.2525
6.608	5.246
6.6451	5.2569
6.6697	5.2473
6.701	5.2443
6.7862	5.2388
6.8187	5.2394
6.8117	5.2456
6.8612	5.2508
6.8869	5.2265
6.9451	5.2281
7.0228	5.2193
7.0546	5.2148
7.0666	5.2176
7.1005	5.2086
7.1353	5.2032
7.1911	5.1927
7.2783	5.1961
7.3117	5.1869
7.3117	5.1893
7.3572	5.1797
7.3995	5.1732
7.4382	5.1791
7.5271	5.2064
7.577	5.2139
7.5846	5.2106
7.613	5.217
7.6618	5.2182
7.7094	5.2283
7.8004	5.2351
7.8444	5.2364
7.8395	5.2271
7.8846	5.2356
7.9267	5.2387
7.9773	5.2387
8.0686	5.2324
8.118	5.2388
8.1133	5.2467
8.1591	5.2368
8.2009	5.2346
8.2432	5.2441
8.3243	5.2627
8.3562	5.2542
8.3544	5.2597
8.3995	5.2797
8.4337	5.2859
8.4749	5.3067
8.5431	5.323
8.5776	5.3279
8.5785	5.3267
8.6172	5.3272
8.6573	5.3392
8.6905	5.3339
8.7719	5.3418
8.8112	5.3335
8.81	5.3355
8.8473	5.3394
8.8876	5.3418
8.9311	5.3431
8.9969	5.3282
9.0445	5.3354
9.045	5.3362
9.0802	5.343
9.1241	5.3471
9.1653	5.3631
9.2396	5.3718
9.271	5.3809
9.2686	5.3824
9.3036	5.3909
9.3399	5.4012
9.3721	5.4096
9.444	5.4236
9.4838	5.4442
9.4847	5.4346
9.5181	5.4421
9.5582	5.4651
9.5939	5.4676
9.6624	5.4896
9.6864	5.4752
9.6875	5.4788
9.7089	5.4778
9.7541	5.4907
9.786	5.4796
9.8465	5.4961
9.8755	5.5136
9.8844	5.5138
9.9126	5.529
9.9376	5.5405
9.9492	5.5375
10.0096	5.5658
10.0117	5.5836
10.0138	5.5847
10.0305	5.5875
10.0388	5.5937
10.0692	5.6065
10.0923	5.6226
10.1091	5.6369
10.0955	5.6319
10.1162	5.6484
10.1319	5.6664
10.1511	5.6639
10.1704	5.6822
10.1896	5.6894
10.1925	5.6897
10.2052	5.7018
10.2191	5.7003
10.2222	5.6926
10.2445	5.6994
10.2682	5.7051
10.2678	5.698
10.2732	5.707
10.2844	5.713
10.2907	5.7213
10.2911	5.7381
10.2866	5.7473
10.2957	5.7568
10.3018	5.7525
10.293	5.7678
10.2815	5.7656
10.2676	5.7857
10.2716	5.8048
10.2694	5.7983
10.2586	5.8018
10.2579	5.8208
10.2433	5.8171
10.2347	5.8391
10.225	5.8428
10.2304	5.858
10.2296	5.8528
10.217	5.8571
10.2143	5.872
10.2061	5.8885
10.2033	5.8881
10.2004	5.891
10.1934	5.8951
10.1944	5.9018
10.1846	5.8906
10.1801	5.9024
10.1816	5.9122
10.1829	5.9097
10.1712	5.9153
10.1827	5.9124
10.1678	5.9059
10.1799	5.914
10.1786	5.901
10.1801	5.9101
10.1979	5.9162
10.1959	5.9052
10.2143	5.9157
10.2297	5.91
10.2347	5.9109
10.234	5.9072
10.2442	5.9064
10.2511	5.9059
10.2732	5.919
10.2942	5.9174
10.2911	5.9126
10.3	5.9187
10.3071	5.9168
10.3149	5.92
10.3197	5.9303
10.3257	5.9414
10.3277	5.9508
10.3278	5.9503
10.326	5.9544
10.3234	5.9584
10.3203	5.9627
10.3229	5.988
10.3043	5.9957
10.3138	5.9975
10.3023	6.0114
10.2943	6.0214
10.2804	6.0345
10.268	6.0515
10.2595	6.0647
10.2628	6.0695
10.2546	6.0771
10.2498	6.0923
10.2468	6.0985
10.2387	6.1254
10.2359	6.1457
10.2301	6.1311
10.2335	6.1568
10.2243	6.1547
10.2304	6.1688
10.2339	6.1856
10.225	6.1808
10.2237	6.1874
10.2267	6.1865
10.2429	6.1925
10.2488	6.1992
10.2606	6.2126
10.2646	6.2014
10.2698	6.1972
10.2699	6.195
10.272	6.1945
10.2812	6.1927
10.3036	6.1692
10.318	6.1656
10.3065	6.161
10.323	6.1487
10.3349	6.1408
10.3419	6.1194
10.3745	6.0976
10.391	6.0888
10.3758	6.0883
10.3896	6.079
10.4112	6.0593
10.4231	6.0529
10.446	6.0288
10.4498	6.0184
10.4498	6.0119
10.4635	6.0134
10.4746	6.0077
10.4901	6.005
10.5138	5.9961
10.5208	5.9881
10.5232	5.9815
10.534	5.9849
10.5396	5.9818
10.557	5.9899
10.5804	5.9935
10.5887	5.9919
10.5819	5.9852
10.6	5.9949
10.6175	6.0134
10.6332	6.0158
10.664	6.0454
10.6717	6.0548
10.6731	6.0525
10.6792	6.0672
10.6956	6.0792
10.7129	6.0926
10.7394	6.1343
10.751	6.1406
10.7501	6.1374
10.7682	6.1524
10.7698	6.164
10.786	6.1763
10.821	6.1971
10.8447	6.2206
10.8475	6.2115
10.8564	6.219
10.8686	6.2188
10.8886	6.2309
10.9375	6.2495
10.9553	6.2397
10.9453	6.229
10.981	6.26
11.0021	6.2644
11.0196	6.2583
11.0614	6.277
11.0774	6.2692
11.074	6.2812
11.0906	6.2883
11.1095	6.3052
11.1171	6.3223
11.1548	6.3491
11.1596	6.3643
11.1611	6.354
11.1712	6.3733
11.1664	6.3878
11.1929	6.4129
11.1865	6.4346
11.2052	6.4465
11.2056	6.443
11.2151	6.4621
11.2354	6.4696
11.2458	6.4819
11.2689	6.4924
11.29	6.5156
11.2949	6.5079
11.3154	6.5282
11.3432	6.5395
11.356	6.5345
11.3892	6.5482
11.418	6.5538
11.4165	6.5661
11.4477	6.5557
11.4701	6.565
11.4979	6.5982
11.5233	6.5879
11.5465	6.6001
11.5444	6.6004
11.5818	6.6126
11.5961	6.6205
11.6175	6.6474
11.6386	6.6584
11.6539	6.6568
11.6485	6.6572
11.6628	6.6675
11.6847	6.6758
11.7216	6.6846
11.7348	6.6737
11.7615	6.686
11.7638	6.688
11.7834	6.6861
11.7989	6.6933
11.817	6.6788
11.8393	6.6787
11.8676	6.6879
11.8534	6.6787
11.8741	6.7061
11.8831	6.6999
11.9136	6.7182
11.9194	6.731
11.9362	6.7238
11.9376	6.7213
11.9572	6.7472
11.9571	6.7471
11.9615	6.7667
11.958	6.7734
11.9675	6.7842
11.9693	6.7848
11.9734	6.8021
11.9942	6.8147
12.0111	6.8263
12.0259	6.8241
12.0611	6.8395
12.0574	6.8344
12.0743	6.8401
12.1022	6.8424
12.1368	6.8426
12.1576	6.8409
12.1779	6.8465
12.1849	6.834
12.1978	6.8355
12.2369	6.8329
12.2997	6.8213
12.3132	6.8155
12.3483	6.8099
12.3496	6.8162
12.3628	6.8093
12.3941	6.8084
12.4316	6.8061
12.4396	6.7989
12.4617	6.7921
12.4691	6.7995
12.4867	6.7999
12.5139	6.7972
12.5469	6.8008
12.5777	6.8001
12.6089	6.8056
12.6132	6.8073
12.628	6.8079
12.6479	6.8073
12.7122	6.818
12.7373	6.7975
12.7642	6.7924
12.7661	6.7905
12.7875	6.7795
12.8156	6.7654
12.8747	6.7431
12.9122	6.7239
12.9288	6.7097
12.9358	6.7024
12.9553	6.6928
12.986	6.6696
13.0295	6.6295
