7.65511    3.62144
7.65511    3.62144
7.67575    3.60257
7.67575    3.62144
7.67575    3.60257
7.67575    3.62144
7.67575    3.60257
7.67575    3.62144
7.67575    3.62144
7.67575    3.62144
7.67575    3.62144
7.69638    3.6403
7.69638    3.65916
7.69638    3.65916
7.69638    3.65916
7.69638    3.67802
7.69638    3.69688
7.69638    3.69688
7.69638    3.71574
7.71701    3.73461
7.71701    3.73461
7.71701    3.75347
7.73765    3.77233
7.75828    3.77233
7.77892    3.79119
7.77892    3.81005
7.79955    3.81005
7.84082    3.82891
7.84082    3.84778
7.86145    3.84778
7.88208    3.86664
7.88208    3.8855
7.92335    3.90436
7.92335    3.94208
7.94398    3.96095
7.94398    3.96095
7.96462    3.97981
7.98525    4.03639
7.98525    4.05525
8.00589    4.09298
8.00589    4.11184
8.02652    4.1307
8.04715    4.18729
8.04715    4.20615
8.06779    4.24387
8.08842    4.26273
8.10905    4.26273
8.15032    4.30046
8.17096    4.31932
8.19159    4.35704
8.21222    4.3759
8.23286    4.3759
8.27412    4.39476
8.29476    4.43249
8.31539    4.45135
8.35666    4.45135
8.37729    4.45135
8.41856    4.47021
8.43919    4.50793
8.43919    4.5268
8.45983    4.5268
8.48046    4.5268
8.5011    4.56452
8.52173    4.56452
8.54236    4.58338
8.54236    4.6211
8.563    4.6211
8.58363    4.65883
8.58363    4.67769
8.60426    4.65883
8.6249    4.69655
8.64553    4.69655
8.66617    4.71541
8.6868    4.71541
8.70743    4.71541
8.72807    4.73427
8.72807    4.75313
8.76933    4.75313
8.78997    4.75313
8.8106    4.75313
8.83124    4.772
8.85187    4.79086
8.89314    4.79086
8.91377    4.79086
8.9344    4.79086
8.95504    4.79086
8.95504    4.79086
8.99631    4.80972
9.01694    4.82858
9.01694    4.80972
9.03757    4.82858
9.05821    4.82858
9.07884    4.84744
9.09947    4.8663
9.12011    4.8663
9.12011    4.88517
9.14074    4.90403
9.16137    4.92289
9.18201    4.94175
9.18201    4.96061
9.18201    4.97947
9.20264    4.97947
9.22328    4.99834
9.22328    5.03606
9.24391    5.03606
9.26454    5.05492
9.28518    5.05492
9.30581    5.07378
9.32644    5.09264
9.34708    5.09264
9.36771    5.09264
9.38835    5.09264
9.40898    5.11151
9.42961    5.13037
9.45025    5.13037
9.47088    5.13037
9.49151    5.13037
9.53278    5.13037
9.55342    5.13037
9.57405    5.14923
9.59468    5.16809
9.61532    5.14923
9.63595    5.16809
9.65658    5.16809
9.67722    5.16809
9.69785    5.16809
9.71849    5.18695
9.73912    5.20581
9.75975    5.20581
9.78039    5.20581
9.80102    5.20581
9.80102    5.22468
9.84229    5.24354
9.84229    5.24354
9.86292    5.24354
9.86292    5.2624
9.88356    5.28126
9.90419    5.30012
9.92482    5.31898
9.92482    5.31898
9.94546    5.31898
9.96609    5.33785
9.98672    5.35671
10.0074    5.35671
10.028    5.35671
10.0486    5.35671
10.0486    5.35671
10.0899    5.35671
10.1105    5.35671
10.1312    5.35671
10.1518    5.33785
10.1724    5.35671
10.2137    5.31898
10.2343    5.31898
10.255    5.31898
10.2756    5.30012
10.2962    5.31898
10.3375    5.28126
10.3581    5.28126
10.3788    5.28126
10.3994    5.28126
10.42    5.28126
10.4613    5.28126
10.4613    5.28126
10.4819    5.28126
10.5026    5.30012
10.5026    5.31898
10.5232    5.31898
10.5438    5.31898
10.5438    5.33785
10.5645    5.35671
10.5645    5.35671
10.5645    5.37557
10.5645    5.41329
10.5645    5.43215
10.5645    5.43215
10.5851    5.45102
10.5851    5.48874
10.5851    5.5076
10.6057    5.5076
10.6057    5.5076
10.6264    5.52646
10.647    5.54532
10.647    5.54532
10.6676    5.54532
10.6676    5.56419
10.6883    5.58305
10.7089    5.58305
10.7295    5.58305
10.7502    5.58305
10.7708    5.58305
10.7914    5.60191
10.8121    5.62077
10.8327    5.60191
10.8533    5.62077
10.874    5.62077
10.8946    5.62077
10.9359    5.62077
10.9359    5.62077
10.9565    5.63963
10.9771    5.65849
10.9978    5.63963
11.0184    5.65849
11.039    5.65849
11.0597    5.65849
11.0597    5.65849
11.0803    5.65849
11.1009    5.67736
11.1216    5.69622
11.1216    5.69622
11.1422    5.69622
11.1422    5.71508
11.1628    5.7528
11.1628    5.7528
11.1835    5.77166
11.1835    5.77166
11.1835    5.79053
11.1835    5.82825
11.1835    5.84711
11.1835    5.84711
11.1835    5.86597
11.1835    5.88483
11.1835    5.9037
11.1835    5.92256
11.1628    5.92256
11.1628    5.94142
11.1628    5.96028
11.1628    5.97914
11.1628    5.998
11.1628    5.97914
11.1628    5.998
11.1628    5.998
11.1628    5.998
11.1835    5.998
11.1835    6.01687
11.1835    6.03573
11.1835    6.01687
11.2041    6.03573
11.2041    6.03573
11.2247    6.03573
11.2247    6.03573
11.2454    6.03573
11.2454    6.03573
11.266    6.03573
11.266    6.03573
11.2866    6.03573
11.2866    6.03573
11.3073    6.05459
11.3279    6.07345
11.3279    6.05459
11.3279    6.07345
11.3279    6.07345
11.3485    6.09231
11.3485    6.11117
11.3485    6.11117
11.3485    6.13004
11.3485    6.1489
11.3485    6.16776
11.3485    6.18662
11.3485    6.18662
11.3485    6.20548
11.3485    6.22434
11.3485    6.2432
11.3485    6.26207
11.3485    6.26207
11.3692    6.28093
11.3692    6.29979
11.3692    6.29979
11.3692    6.29979
11.3692    6.31865
11.3898    6.33751
11.3898    6.31865
11.4105    6.33751
11.4105    6.33751
11.4311    6.33751
11.4311    6.33751
11.4517    6.33751
11.4724    6.33751
11.493    6.33751
11.5136    6.33751
11.5343    6.33751
11.5549    6.33751
11.5755    6.31865
11.5962    6.33751
11.6168    6.31865
11.6374    6.31865
11.6374    6.31865
11.6787    6.31865
11.6787    6.31865
11.6993    6.31865
11.72    6.31865
11.72    6.31865
11.7406    6.33751
11.7612    6.31865
11.7612    6.35637
11.7819    6.35637
11.7819    6.37524
11.8231    6.37524
11.8231    6.3941
11.8438    6.41296
11.8438    6.43182
11.8438    6.45068
11.8644    6.46954
11.8644    6.50727
11.8644    6.52613
11.885    6.52613
11.885    6.54499
11.9057    6.58271
11.9057    6.58271
11.9263    6.60158
11.9263    6.58271
11.9469    6.60158
11.9676    6.60158
11.9882    6.60158
12.0088    6.60158
12.0088    6.60158
12.0295    6.60158
12.0707    6.58271
12.0914    6.58271
12.112    6.58271
12.112    6.58271
12.1326    6.56385
12.1739    6.54499
12.1945    6.54499
12.1945    6.54499
12.2152    6.54499
12.2358    6.54499
12.2564    6.54499
12.2771    6.56385
12.2977    6.54499
12.2977    6.56385
12.3183    6.56385
12.339    6.58271
12.3596    6.60158
12.3596    6.60158
12.3802    6.60158
12.4009    6.62044
12.4215    6.6393
12.4421    6.6393
12.4628    6.6393
12.4834    6.6393
12.504    6.6393
12.5247    6.6393
12.5453    6.62044
12.5659    6.6393
12.5866    6.62044
12.6072    6.62044
12.6485    6.60158
12.6691    6.58271
12.6897    6.58271
12.731    6.56385
12.7516    6.54499
12.7929    6.52613
12.8135    6.50727
12.8342    6.52613
12.8548    6.48841
