6.31392    5.86597
6.31392    5.86597
6.31392    5.86597
6.31392    5.86597
6.31392    5.86597
6.31392    5.86597
6.31392    5.86597
6.31392    5.86597
6.31392    5.86597
6.31392    5.86597
6.31392    5.84711
6.31392    5.82825
6.33455    5.84711
6.35519    5.82825
6.33455    5.82825
6.35519    5.82825
6.33455    5.82825
6.37582    5.80939
6.37582    5.79053
6.39646    5.79053
6.37582    5.79053
6.41709    5.79053
6.43772    5.77166
6.43772    5.7528
6.45836    5.77166
6.49962    5.7528
6.52026    5.7528
6.56153    5.7528
6.60279    5.7528
6.62343    5.7528
6.68533    5.7528
6.70596    5.7528
6.7885    5.7528
6.82976    5.7528
6.8504    5.7528
6.87103    5.7528
6.9123    5.7528
6.99483    5.73394
7.01547    5.71508
7.0361    5.73394
7.098    5.69622
7.11864    5.69622
7.20117    5.67736
7.24244    5.69622
7.28371    5.65849
7.32497    5.65849
7.36624    5.63963
7.44878    5.63963
7.51068    5.63963
7.53131    5.62077
7.59321    5.60191
7.61385    5.62077
7.69638    5.60191
7.73765    5.62077
7.77892    5.60191
7.82018    5.62077
7.86145    5.60191
7.96462    5.62077
7.98525    5.60191
8.04715    5.62077
8.06779    5.62077
8.12969    5.62077
8.21222    5.62077
8.25349    5.62077
8.29476    5.62077
8.31539    5.62077
8.37729    5.62077
8.43919    5.60191
8.48046    5.62077
8.52173    5.58305
8.563    5.58305
8.60426    5.56419
8.6868    5.56419
8.72807    5.56419
8.7487    5.54532
8.78997    5.52646
8.8106    5.52646
8.89314    5.52646
8.9344    5.52646
8.95504    5.52646
8.97567    5.52646
9.01694    5.52646
9.07884    5.54532
9.09947    5.52646
9.14074    5.54532
9.18201    5.54532
9.20264    5.54532
9.24391    5.58305
9.28518    5.58305
9.30581    5.60191
9.36771    5.63963
9.36771    5.63963
9.42961    5.65849
9.47088    5.65849
9.49151    5.65849
9.49151    5.65849
9.51215    5.65849
9.57405    5.67736
9.59468    5.69622
9.63595    5.67736
9.65658    5.69622
9.65658    5.67736
9.71849    5.69622
9.75975    5.67736
9.80102    5.69622
9.82165    5.67736
9.84229    5.69622
9.90419    5.69622
9.92482    5.69622
9.96609    5.69622
9.98672    5.71508
10.0074    5.73394
10.0486    5.73394
10.0693    5.7528
10.0693    5.77166
10.0899    5.77166
10.1312    5.77166
10.1518    5.79053
10.1518    5.82825
10.1724    5.84711
10.1931    5.84711
10.1931    5.84711
10.2137    5.86597
10.255    5.88483
10.2756    5.88483
10.2756    5.88483
10.2962    5.88483
10.3375    5.9037
10.3581    5.92256
10.3581    5.9037
10.3788    5.92256
10.42    5.9037
10.4613    5.92256
10.4819    5.92256
10.4819    5.92256
10.5232    5.94142
10.5438    5.96028
10.6057    5.96028
10.6057    5.97914
10.6264    5.998
10.6676    5.998
10.6883    6.01687
10.6883    6.03573
10.7089    6.03573
10.7295    6.05459
10.7295    6.07345
10.7502    6.07345
10.7914    6.09231
10.7914    6.11117
10.8121    6.11117
10.8121    6.11117
10.8121    6.13004
10.8327    6.16776
10.8533    6.18662
10.8533    6.18662
10.8533    6.18662
10.874    6.20548
10.9152    6.2432
10.9152    6.2432
10.9359    6.26207
10.9152    6.2432
10.9359    6.26207
10.9359    6.26207
10.9565    6.28093
10.9771    6.29979
10.9771    6.28093
10.9978    6.31865
11.039    6.31865
11.0597    6.31865
11.0597    6.31865
11.0803    6.31865
11.1216    6.31865
11.1422    6.33751
11.1422    6.31865
11.1628    6.33751
11.2041    6.31865
11.2041    6.35637
11.2247    6.35637
11.2247    6.37524
11.2454    6.37524
11.266    6.37524
11.266    6.3941
11.2866    6.43182
11.3279    6.43182
11.3279    6.45068
11.3485    6.45068
11.3279    6.46954
11.3692    6.52613
11.3898    6.52613
11.3692    6.54499
11.3898    6.56385
11.3898    6.56385
11.4105    6.58271
11.4517    6.60158
11.4724    6.60158
11.4517    6.60158
11.493    6.60158
11.5136    6.60158
11.5136    6.60158
11.5343    6.60158
11.5755    6.60158
11.5962    6.60158
11.6168    6.60158
11.6581    6.60158
11.6787    6.60158
11.6787    6.60158
11.6993    6.60158
11.7406    6.60158
11.7406    6.62044
11.7612    6.6393
11.7612    6.6393
11.7612    6.6393
11.7819    6.65816
11.8025    6.69588
11.8025    6.71475
11.8025    6.69588
11.8231    6.73361
11.8644    6.75247
11.885    6.73361
11.885    6.75247
11.9057    6.75247
11.9263    6.75247
11.9469    6.73361
11.9882    6.75247
12.0088    6.73361
12.0295    6.73361
12.0707    6.73361
12.1326    6.69588
12.1533    6.67702
12.1945    6.65816
12.2152    6.65816
12.2358    6.65816
12.2977    6.6393
12.2977    6.62044
12.3183    6.6393
12.3596    6.62044
12.3802    6.6393
12.4215    6.60158
12.4421    6.60158
12.4834    6.60158
12.5247    6.60158
12.5453    6.60158
12.5866    6.60158
12.6278    6.60158
12.6691    6.60158
12.7104    6.60158
12.731    6.60158
12.8135    6.60158
12.8548    6.60158
12.8754    6.60158
12.8961    6.60158
12.9373    6.58271
12.9786    6.60158
