6.56153    6.35637
6.56153    6.35637
6.56153    6.35637
6.56153    6.35637
6.56153    6.35637
6.56153    6.35637
6.56153    6.35637
6.56153    6.33751
6.56153    6.31865
6.56153    6.31865
6.56153    6.31865
6.56153    6.31865
6.58216    6.29979
6.58216    6.26207
6.58216    6.2432
6.58216    6.26207
6.58216    6.22434
6.60279    6.20548
6.60279    6.20548
6.62343    6.20548
6.62343    6.20548
6.64406    6.18662
6.66469    6.16776
6.68533    6.18662
6.70596    6.16776
6.70596    6.18662
6.7266    6.16776
6.76786    6.18662
6.7885    6.16776
6.80913    6.18662
6.82976    6.18662
6.8504    6.18662
6.89166    6.20548
6.93293    6.22434
6.95357    6.22434
6.9742    6.22434
6.99483    6.22434
7.0361    6.22434
7.05673    6.22434
7.07737    6.20548
7.098    6.20548
7.11864    6.20548
7.18054    6.18662
7.20117    6.1489
7.2218    6.13004
7.26307    6.13004
7.28371    6.11117
7.34561    6.05459
7.36624    6.03573
7.40751    6.01687
7.42814    6.01687
7.44878    5.998
7.51068    5.97914
7.55194    5.97914
7.57258    5.97914
7.61385    5.97914
7.65511    5.97914
7.71701    5.97914
7.75828    5.97914
7.79955    5.97914
7.84082    5.97914
7.88208    5.97914
7.94398    5.998
7.98525    5.998
8.02652    5.998
8.06779    5.998
8.08842    5.998
8.15032    5.998
8.19159    5.998
8.21222    5.998
8.25349    5.97914
8.29476    5.998
8.35666    5.96028
8.39793    5.94142
8.41856    5.96028
8.45983    5.92256
8.5011    5.92256
8.563    5.9037
8.60426    5.9037
8.6249    5.9037
8.66617    5.9037
8.6868    5.9037
8.7487    5.9037
8.76933    5.9037
8.8106    5.9037
8.83124    5.9037
8.85187    5.9037
8.91377    5.92256
8.95504    5.92256
8.97567    5.92256
8.99631    5.94142
9.01694    5.96028
9.07884    5.96028
9.09947    5.96028
9.12011    5.96028
9.14074    5.96028
9.16137    5.96028
9.22328    5.96028
9.24391    5.96028
9.26454    5.96028
9.30581    5.96028
9.32644    5.94142
9.38835    5.96028
9.42961    5.94142
9.45025    5.94142
9.47088    5.94142
9.51215    5.94142
9.55342    5.94142
9.57405    5.94142
9.59468    5.94142
9.61532    5.96028
9.63595    5.94142
9.65658    5.97914
9.67722    5.97914
9.67722    5.998
9.69785    5.998
9.69785    6.01687
9.71849    6.05459
9.73912    6.05459
9.75975    6.07345
9.75975    6.05459
9.78039    6.07345
9.82165    6.07345
9.84229    6.07345
9.84229    6.05459
9.86292    6.07345
9.88356    6.05459
9.92482    6.05459
9.94546    6.05459
9.96609    6.05459
9.98672    6.05459
9.98672    6.07345
10.0074    6.07345
10.028    6.09231
10.0486    6.11117
10.0486    6.11117
10.0486    6.13004
10.0693    6.18662
10.0899    6.20548
10.0899    6.2432
10.1105    6.26207
10.1105    6.26207
10.1312    6.28093
10.1518    6.29979
10.1518    6.29979
10.1724    6.29979
10.1931    6.29979
10.2137    6.29979
10.2343    6.29979
10.255    6.29979
10.2756    6.29979
10.2962    6.29979
10.3375    6.29979
10.3581    6.29979
10.3788    6.29979
10.3994    6.29979
10.42    6.29979
10.4407    6.31865
10.4613    6.33751
10.4819    6.33751
10.4819    6.35637
10.5026    6.3941
10.5232    6.43182
10.5438    6.45068
10.5438    6.45068
10.5645    6.46954
10.5645    6.50727
10.5851    6.54499
10.6057    6.56385
10.6264    6.56385
10.6264    6.56385
10.647    6.58271
10.6676    6.60158
10.6883    6.60158
10.7089    6.60158
10.7295    6.60158
10.7502    6.60158
10.7708    6.58271
10.7914    6.60158
10.8121    6.58271
10.8327    6.60158
10.8533    6.58271
10.874    6.58271
10.8946    6.58271
10.9152    6.58271
10.9152    6.58271
10.9359    6.58271
10.9565    6.58271
10.9771    6.60158
10.9771    6.58271
10.9978    6.60158
10.9978    6.60158
11.0184    6.62044
11.0184    6.6393
11.039    6.6393
11.039    6.65816
11.039    6.67702
11.0597    6.69588
11.0597    6.71475
11.0597    6.71475
11.0803    6.73361
11.0803    6.75247
11.0803    6.73361
11.1009    6.77133
11.1009    6.77133
11.1009    6.77133
11.1216    6.77133
11.1216    6.77133
11.1422    6.77133
11.1422    6.77133
11.1628    6.77133
11.1628    6.75247
11.1835    6.73361
11.2041    6.75247
11.2041    6.73361
11.2247    6.73361
11.2454    6.73361
11.266    6.71475
11.2866    6.69588
11.2866    6.71475
11.3073    6.69588
11.3279    6.69588
11.3485    6.69588
11.3692    6.69588
11.3692    6.69588
11.3898    6.69588
11.3898    6.69588
11.4105    6.71475
11.4105    6.71475
11.4105    6.71475
11.4311    6.73361
11.4311    6.75247
11.4311    6.77133
11.4517    6.79019
11.4517    6.79019
11.4517    6.80905
11.4724    6.82792
11.493    6.84678
11.493    6.86564
11.5136    6.84678
11.5136    6.86564
11.5343    6.84678
11.5549    6.86564
11.5549    6.84678
11.5755    6.86564
11.5962    6.84678
11.6168    6.84678
11.6374    6.84678
11.6581    6.82792
11.6581    6.80905
11.6787    6.82792
11.6993    6.80905
11.72    6.80905
11.7406    6.80905
11.7406    6.80905
11.7612    6.80905
11.7819    6.80905
11.8025    6.80905
11.8231    6.82792
11.8438    6.80905
11.8438    6.84678
11.8644    6.84678
11.885    6.8845
11.885    6.8845
11.9057    6.90336
11.9263    6.90336
11.9263    6.90336
11.9469    6.92222
11.9676    6.94109
11.9882    6.92222
12.0088    6.94109
12.0295    6.92222
12.0501    6.94109
12.0707    6.92222
12.0914    6.92222
12.112    6.92222
12.1533    6.90336
12.1945    6.86564
12.2358    6.86564
12.2564    6.84678
12.2771    6.86564
12.2977    6.82792
12.339    6.82792
12.3802    6.80905
12.4009    6.82792
12.4215    6.80905
12.4421    6.82792
12.504    6.80905
12.5453    6.80905
12.5659    6.80905
12.6072    6.80905
12.6278    6.80905
12.6897    6.80905
12.731    6.80905
12.7516    6.82792
12.7929    6.80905
12.8135    6.80905
12.8754    6.80905
12.8961    6.79019
12.9167    6.77133
12.9373    6.77133
