7.07737    6.22434
7.07737    6.22434
7.098    6.22434
7.07737    6.22434
7.098    6.22434
7.098    6.22434
7.11864    6.2432
7.13927    6.2432
7.13927    6.2432
7.1599    6.26207
7.18054    6.2432
7.18054    6.26207
7.2218    6.2432
7.24244    6.26207
7.26307    6.2432
7.28371    6.2432
7.32497    6.2432
7.36624    6.2432
7.38687    6.22434
7.38687    6.20548
7.42814    6.20548
7.44878    6.20548
7.51068    6.18662
7.51068    6.16776
7.53131    6.16776
7.57258    6.16776
7.61385    6.16776
7.65511    6.1489
7.69638    6.13004
7.71701    6.1489
7.73765    6.13004
7.77892    6.1489
7.84082    6.11117
7.86145    6.11117
7.90272    6.11117
7.94398    6.11117
7.96462    6.11117
8.00589    6.11117
8.04715    6.11117
8.06779    6.09231
8.12969    6.11117
8.12969    6.09231
8.19159    6.09231
8.23286    6.09231
8.27412    6.07345
8.29476    6.05459
8.31539    6.05459
8.37729    6.03573
8.39793    5.998
8.43919    5.97914
8.48046    5.998
8.5011    5.96028
8.54236    5.94142
8.58363    5.94142
8.60426    5.94142
8.66617    5.94142
8.6868    5.94142
8.7487    5.94142
8.76933    5.94142
8.83124    5.94142
8.85187    5.94142
8.89314    5.94142
8.95504    5.94142
8.99631    5.96028
9.01694    5.94142
9.07884    5.96028
9.09947    5.94142
9.16137    5.96028
9.18201    5.94142
9.22328    5.96028
9.26454    5.94142
9.30581    5.96028
9.36771    5.94142
9.36771    5.94142
9.40898    5.94142
9.42961    5.94142
9.47088    5.94142
9.53278    5.94142
9.55342    5.94142
9.59468    5.92256
9.61532    5.92256
9.63595    5.92256
9.69785    5.92256
9.69785    5.94142
9.71849    5.96028
9.75975    5.94142
9.78039    5.96028
9.82165    5.96028
9.84229    5.96028
9.88356    5.97914
9.90419    5.998
9.90419    5.998
9.96609    6.03573
10.0074    6.03573
10.028    6.05459
10.028    6.07345
10.0486    6.07345
10.1105    6.09231
10.1312    6.11117
10.1724    6.11117
10.1931    6.11117
10.1931    6.11117
10.2343    6.13004
10.255    6.1489
10.2962    6.13004
10.3169    6.1489
10.3169    6.1489
10.3581    6.16776
10.3788    6.18662
10.3994    6.18662
10.42    6.18662
10.4407    6.20548
10.4613    6.2432
10.5026    6.2432
10.5232    6.26207
10.5232    6.26207
10.5438    6.28093
10.6057    6.33751
10.6057    6.33751
10.6264    6.33751
10.6676    6.35637
10.6883    6.3941
10.6883    6.41296
10.7089    6.41296
10.7502    6.41296
10.7502    6.41296
10.7708    6.43182
10.7914    6.45068
10.8121    6.45068
10.8327    6.45068
10.8533    6.45068
10.8533    6.45068
10.8946    6.45068
10.9152    6.46954
10.9565    6.48841
10.9771    6.46954
10.9771    6.48841
10.9978    6.48841
11.039    6.50727
11.0597    6.52613
11.0597    6.52613
11.0803    6.52613
11.1422    6.56385
11.1422    6.56385
11.1628    6.58271
11.2041    6.62044
11.2247    6.62044
11.2454    6.6393
11.2866    6.6393
11.3073    6.6393
11.3073    6.65816
11.3279    6.67702
11.3898    6.65816
11.4105    6.67702
11.4517    6.67702
11.4724    6.67702
11.493    6.67702
11.5549    6.65816
11.5755    6.67702
11.6168    6.65816
11.6374    6.67702
11.6581    6.65816
11.72    6.67702
11.72    6.65816
11.7406    6.67702
11.7819    6.65816
11.8025    6.67702
11.8438    6.65816
11.8644    6.67702
11.9057    6.67702
11.9263    6.67702
11.9263    6.67702
11.9676    6.67702
11.9882    6.69588
12.0295    6.71475
12.0707    6.69588
12.0914    6.71475
12.112    6.69588
12.1533    6.71475
12.1945    6.69588
12.2152    6.71475
12.2152    6.69588
12.2564    6.71475
12.2977    6.69588
12.3183    6.69588
12.3596    6.69588
12.3802    6.69588
12.4215    6.67702
12.4421    6.65816
12.4834    6.67702
12.504    6.65816
12.5247    6.67702
12.5866    6.65816
12.6072    6.67702
12.6485    6.65816
12.6691    6.67702
12.6897    6.65816
12.7516    6.69588
12.7723    6.69588
12.8135    6.69588
12.8342    6.69588
