7.098    6.90336
7.098    6.90336
7.11864    6.92222
7.11864    6.92222
7.13927    6.92222
7.1599    6.92222
7.1599    6.92222
7.20117    6.92222
7.2218    6.90336
7.24244    6.90336
7.26307    6.90336
7.28371    6.8845
7.32497    6.86564
7.34561    6.84678
7.36624    6.82792
7.38687    6.80905
7.40751    6.79019
7.44878    6.75247
7.46941    6.73361
7.51068    6.71475
7.53131    6.69588
7.55194    6.67702
7.59321    6.67702
7.61385    6.65816
7.63448    6.65816
7.65511    6.65816
7.67575    6.65816
7.73765    6.65816
7.75828    6.65816
7.79955    6.65816
7.82018    6.65816
7.84082    6.67702
7.90272    6.69588
7.94398    6.69588
7.98525    6.71475
8.02652    6.71475
8.04715    6.71475
8.10905    6.71475
8.12969    6.71475
8.17096    6.69588
8.19159    6.69588
8.21222    6.69588
8.25349    6.65816
8.27412    6.65816
8.29476    6.6393
8.33603    6.62044
8.35666    6.60158
8.39793    6.54499
8.41856    6.50727
8.45983    6.48841
8.48046    6.46954
8.5011    6.45068
8.54236    6.41296
8.563    6.3941
8.58363    6.37524
8.60426    6.37524
8.6249    6.35637
8.66617    6.33751
8.70743    6.33751
8.72807    6.33751
8.7487    6.33751
8.76933    6.33751
8.83124    6.33751
8.8725    6.33751
8.89314    6.33751
8.9344    6.33751
8.95504    6.33751
9.01694    6.33751
9.03757    6.33751
9.07884    6.33751
9.09947    6.33751
9.12011    6.31865
9.18201    6.31865
9.20264    6.29979
9.22328    6.29979
9.26454    6.28093
9.28518    6.28093
9.32644    6.2432
9.36771    6.22434
9.38835    6.20548
9.40898    6.20548
9.42961    6.18662
9.47088    6.16776
9.49151    6.16776
9.51215    6.16776
9.53278    6.1489
9.55342    6.1489
9.59468    6.1489
9.61532    6.1489
9.63595    6.1489
9.63595    6.1489
9.65658    6.1489
9.69785    6.16776
9.71849    6.16776
9.73912    6.18662
9.75975    6.18662
9.78039    6.18662
9.82165    6.18662
9.84229    6.20548
9.84229    6.20548
9.86292    6.20548
9.88356    6.20548
9.90419    6.20548
9.90419    6.20548
9.92482    6.18662
9.94546    6.18662
9.94546    6.18662
9.96609    6.16776
9.98672    6.16776
10.0074    6.1489
10.0074    6.1489
10.028    6.13004
10.0486    6.11117
10.0693    6.09231
10.0899    6.09231
10.1105    6.07345
10.1312    6.07345
10.1518    6.09231
10.1724    6.09231
10.1724    6.11117
10.1931    6.13004
10.2137    6.1489
10.2343    6.18662
10.255    6.22434
10.2756    6.2432
10.2962    6.28093
10.2962    6.29979
10.3375    6.31865
10.3581    6.33751
10.3788    6.33751
10.3994    6.33751
10.3994    6.35637
10.4407    6.35637
10.4613    6.35637
10.4819    6.35637
10.5026    6.35637
10.5232    6.35637
10.5438    6.33751
10.5645    6.33751
10.6057    6.31865
10.6264    6.31865
10.647    6.31865
10.6883    6.31865
10.7089    6.31865
10.7089    6.33751
10.7295    6.35637
10.7502    6.35637
10.7708    6.3941
10.7914    6.41296
10.7914    6.43182
10.8121    6.46954
10.8121    6.48841
10.8327    6.54499
10.8533    6.56385
10.874    6.60158
10.874    6.62044
10.8946    6.6393
10.9152    6.65816
10.9359    6.67702
10.9565    6.67702
10.9565    6.69588
10.9771    6.69588
10.9978    6.71475
11.0184    6.71475
11.039    6.71475
11.0597    6.71475
11.0803    6.71475
11.1216    6.71475
11.1422    6.69588
11.1628    6.69588
11.2041    6.69588
11.2247    6.67702
11.266    6.67702
11.2866    6.67702
11.3073    6.67702
11.3279    6.67702
11.3485    6.67702
11.3898    6.67702
11.4105    6.67702
11.4311    6.67702
11.4517    6.69588
11.4517    6.69588
11.493    6.71475
11.493    6.73361
11.5136    6.75247
11.5343    6.77133
11.5549    6.79019
11.5755    6.82792
11.5962    6.84678
11.6168    6.84678
11.6374    6.84678
11.6581    6.86564
11.6787    6.86564
11.6993    6.86564
11.72    6.86564
11.7406    6.86564
11.7612    6.86564
11.8025    6.84678
11.8231    6.84678
11.8438    6.82792
11.8644    6.82792
11.885    6.80905
11.9263    6.79019
11.9469    6.79019
11.9676    6.79019
11.9882    6.79019
12.0088    6.79019
12.0501    6.80905
12.0707    6.80905
12.0914    6.80905
12.112    6.82792
12.1326    6.84678
12.1739    6.86564
12.1945    6.8845
12.2152    6.90336
12.2358    6.92222
12.2771    6.94109
12.3183    6.97881
12.3596    6.97881
12.3802    6.97881
12.4009    6.97881
12.4215    6.97881
12.4834    6.97881
12.504    6.97881
12.5247    6.95995
12.5659    6.95995
12.5866    6.94109
12.6278    6.92222
12.6485    6.90336
12.6897    6.8845
12.7104    6.8845
12.731    6.86564
12.7929    6.86564
12.8135    6.84678
12.8548    6.84678
12.8754    6.84678
12.9167    6.84678
