6.54089    6.94109
6.54089    6.94109
6.54089    6.94109
6.54089    6.94109
6.54089    6.94109
6.54089    6.95995
6.54089    6.97881
6.56153    6.95995
6.54089    6.97881
6.56153    6.97881
6.56153    6.97881
6.56153    6.97881
6.58216    6.97881
6.62343    6.95995
6.62343    6.97881
6.64406    6.95995
6.64406    6.95995
6.68533    6.94109
6.70596    6.92222
6.74723    6.92222
6.76786    6.90336
6.76786    6.86564
6.80913    6.82792
6.82976    6.80905
6.87103    6.80905
6.89166    6.79019
6.9123    6.77133
6.9742    6.77133
6.9742    6.77133
6.99483    6.77133
7.0361    6.77133
7.05673    6.77133
7.098    6.77133
7.11864    6.79019
7.18054    6.79019
7.18054    6.79019
7.20117    6.80905
7.28371    6.86564
7.30434    6.86564
7.32497    6.8845
7.36624    6.92222
7.38687    6.94109
7.42814    6.95995
7.44878    6.99767
7.49004    6.99767
7.53131    7.01653
7.55194    7.01653
7.57258    7.01653
7.63448    7.01653
7.63448    7.03539
7.65511    7.05426
7.71701    7.03539
7.73765    7.05426
7.79955    7.03539
7.79955    7.05426
7.84082    7.03539
7.88208    7.05426
7.94398    7.03539
7.98525    7.05426
8.02652    7.03539
8.04715    7.05426
8.06779    7.03539
8.12969    7.07312
8.15032    7.09198
8.19159    7.07312
8.21222    7.09198
8.21222    7.09198
8.27412    7.1297
8.31539    7.14856
8.33603    7.16743
8.35666    7.18629
8.39793    7.22401
8.43919    7.2806
8.48046    7.2806
8.5011    7.31832
8.52173    7.33718
8.563    7.3749
8.60426    7.41263
8.6249    7.43149
8.64553    7.43149
8.6868    7.45035
8.70743    7.46921
8.72807    7.48807
8.76933    7.50694
8.8106    7.50694
8.83124    7.5258
8.85187    7.54466
8.91377    7.54466
8.9344    7.56352
8.97567    7.58238
9.01694    7.58238
9.03757    7.58238
9.07884    7.60124
9.12011    7.62011
9.14074    7.62011
9.18201    7.62011
9.20264    7.63897
9.24391    7.65783
9.28518    7.65783
9.30581    7.65783
9.34708    7.65783
9.36771    7.65783
9.40898    7.67669
9.42961    7.69555
9.47088    7.69555
9.51215    7.69555
9.53278    7.71441
9.55342    7.73327
9.59468    7.73327
9.61532    7.73327
9.61532    7.73327
9.63595    7.73327
9.69785    7.73327
9.69785    7.73327
9.71849    7.73327
9.75975    7.73327
9.78039    7.73327
9.80102    7.71441
9.84229    7.71441
9.86292    7.69555
9.86292    7.67669
9.88356    7.67669
9.92482    7.65783
9.94546    7.63897
9.96609    7.63897
9.98672    7.63897
10.0074    7.63897
10.0693    7.62011
10.0693    7.60124
10.0899    7.62011
10.1312    7.60124
10.1724    7.62011
10.2137    7.58238
10.2343    7.58238
10.2343    7.58238
10.255    7.56352
10.2962    7.58238
10.3375    7.54466
10.3581    7.5258
10.3581    7.5258
10.3788    7.50694
10.42    7.46921
10.4407    7.43149
10.4407    7.39377
10.4613    7.3749
10.5026    7.35604
10.5232    7.31832
10.5232    7.2806
10.5438    7.24287
10.5851    7.22401
10.5851    7.22401
10.6057    7.20515
10.6264    7.16743
10.647    7.14856
10.647    7.14856
10.6676    7.14856
10.7089    7.1297
10.7295    7.11084
10.7295    7.1297
10.7502    7.11084
10.7914    7.1297
10.7914    7.11084
10.8327    7.1297
10.8327    7.11084
10.8533    7.1297
10.8533    7.1297
10.8533    7.1297
10.874    7.1297
10.8946    7.11084
10.8946    7.1297
10.8946    7.11084
10.8946    7.1297
10.9152    7.11084
10.9359    7.11084
10.9359    7.11084
10.9359    7.09198
10.9565    7.07312
10.9771    7.07312
10.9771    7.07312
10.9771    7.05426
10.9978    7.03539
11.0184    7.03539
11.0184    7.01653
11.0184    6.99767
11.039    6.99767
11.0597    6.99767
11.0597    6.97881
11.0803    6.95995
11.1009    6.97881
11.1009    6.95995
11.1009    6.95995
11.1216    6.95995
11.1628    6.95995
11.1835    6.95995
11.1835    6.95995
11.2041    6.95995
11.2454    6.95995
11.266    6.95995
11.266    6.95995
11.2866    6.95995
11.3073    6.95995
11.3073    6.95995
11.3279    6.94109
11.3692    6.92222
11.3692    6.94109
11.3898    6.92222
11.3692    6.92222
11.4105    6.92222
11.4105    6.90336
11.4311    6.8845
11.4105    6.8845
11.4311    6.8845
11.4311    6.86564
11.4517    6.84678
11.4724    6.86564
11.4724    6.84678
11.4724    6.86564
11.493    6.84678
11.5343    6.86564
11.5343    6.84678
11.5549    6.86564
11.5549    6.86564
11.5755    6.86564
11.5962    6.86564
11.5962    6.8845
11.6168    6.90336
11.6374    6.90336
11.6374    6.92222
11.6581    6.94109
11.6787    6.94109
11.6787    6.94109
11.6993    6.95995
11.7406    6.97881
11.7612    6.95995
11.7612    6.97881
11.7612    6.97881
11.7819    6.97881
11.8231    6.97881
11.8438    6.97881
11.8644    6.95995
11.885    6.97881
11.9057    6.95995
11.9676    6.95995
11.9676    6.95995
11.9882    6.95995
12.0295    6.95995
12.0501    6.95995
12.0707    6.95995
12.112    6.95995
12.1326    6.95995
12.1533    6.95995
12.1945    6.95995
12.2358    6.95995
12.2564    6.95995
12.2771    6.95995
12.2977    6.95995
12.3183    6.97881
12.3802    6.95995
12.3802    6.99767
12.4009    6.99767
12.4421    6.99767
12.4834    6.99767
12.5247    7.01653
12.5453    6.99767
12.5659    7.01653
12.6072    7.01653
12.6278    7.01653
12.6691    7.01653
12.7104    7.01653
12.731    7.01653
12.7723    7.03539
12.8135    7.05426
12.8754    7.05426
