6.7266    7.35604
6.7266    7.35604
6.7266    7.33718
6.7266    7.35604
6.7266    7.33718
6.7266    7.33718
6.74723    7.33718
6.74723    7.31832
6.74723    7.29946
6.76786    7.31832
6.76786    7.2806
6.7885    7.2806
6.80913    7.2806
6.80913    7.26173
6.82976    7.2806
6.8504    7.26173
6.87103    7.2806
6.9123    7.26173
6.93293    7.2806
6.95357    7.2806
6.9742    7.2806
6.99483    7.2806
7.0361    7.31832
7.07737    7.33718
7.098    7.3749
7.11864    7.3749
7.13927    7.39377
7.18054    7.39377
7.20117    7.41263
7.2218    7.45035
7.24244    7.45035
7.26307    7.45035
7.32497    7.46921
7.34561    7.45035
7.38687    7.46921
7.40751    7.45035
7.42814    7.45035
7.49004    7.45035
7.53131    7.43149
7.57258    7.41263
7.59321    7.41263
7.63448    7.41263
7.69638    7.39377
7.73765    7.3749
7.75828    7.39377
7.79955    7.3749
7.84082    7.39377
7.90272    7.3749
7.94398    7.39377
7.98525    7.39377
8.02652    7.39377
8.06779    7.41263
8.12969    7.45035
8.17096    7.46921
8.21222    7.46921
8.25349    7.48807
8.29476    7.5258
8.35666    7.54466
8.39793    7.54466
8.43919    7.56352
8.45983    7.58238
8.5011    7.58238
8.58363    7.60124
8.6249    7.63897
8.66617    7.63897
8.70743    7.63897
8.7487    7.65783
8.8106    7.63897
8.85187    7.65783
8.89314    7.65783
8.9344    7.65783
8.97567    7.67669
9.03757    7.71441
9.07884    7.71441
9.09947    7.73327
9.14074    7.71441
9.18201    7.75214
9.24391    7.771
9.26454    7.771
9.30581    7.771
9.34708    7.78986
9.36771    7.80872
9.42961    7.80872
9.47088    7.80872
9.49151    7.80872
9.53278    7.80872
9.55342    7.80872
9.61532    7.78986
9.65658    7.80872
9.69785    7.771
9.71849    7.771
9.75975    7.75214
9.80102    7.75214
9.84229    7.75214
9.86292    7.73327
9.88356    7.71441
9.90419    7.71441
9.94546    7.71441
9.96609    7.71441
9.98672    7.71441
10.0074    7.69555
10.0074    7.67669
10.0486    7.69555
10.0693    7.67669
10.0899    7.69555
10.0899    7.67669
10.1105    7.67669
10.1518    7.65783
10.1724    7.63897
10.1931    7.63897
10.2137    7.62011
10.2343    7.58238
10.2756    7.54466
10.2962    7.5258
10.3169    7.5258
10.3375    7.50694
10.3581    7.46921
10.3994    7.43149
10.42    7.41263
10.4407    7.41263
10.4613    7.41263
10.4819    7.39377
10.5232    7.3749
10.5438    7.3749
10.5645    7.3749
10.5851    7.3749
10.6057    7.3749
10.6676    7.3749
10.6883    7.3749
10.7089    7.3749
10.7295    7.3749
10.7502    7.3749
10.7914    7.3749
10.8327    7.39377
10.8533    7.3749
10.874    7.3749
10.8946    7.3749
10.9359    7.3749
10.9565    7.35604
10.9771    7.33718
10.9771    7.33718
10.9978    7.33718
11.0184    7.29946
11.039    7.2806
11.0597    7.26173
11.0597    7.26173
11.0803    7.26173
11.1009    7.24287
11.1216    7.22401
11.1422    7.24287
11.1628    7.22401
11.1835    7.22401
11.2041    7.22401
11.2247    7.24287
11.2454    7.22401
11.266    7.24287
11.2866    7.22401
11.3073    7.24287
11.3279    7.24287
11.3485    7.24287
11.3692    7.24287
11.3898    7.24287
11.4105    7.22401
11.4105    7.24287
11.4311    7.22401
11.4311    7.22401
11.4517    7.22401
11.4724    7.20515
11.4724    7.16743
11.493    7.16743
11.5136    7.16743
11.5136    7.14856
11.5549    7.16743
11.5755    7.14856
11.5962    7.14856
11.6168    7.14856
11.6374    7.14856
11.6787    7.16743
11.72    7.14856
11.7406    7.16743
11.7819    7.16743
11.8025    7.16743
11.885    7.18629
11.9263    7.20515
11.9676    7.20515
11.9882    7.22401
12.0295    7.24287
12.0914    7.24287
12.112    7.24287
12.1326    7.24287
12.1739    7.24287
12.1945    7.24287
12.2358    7.24287
12.2564    7.24287
12.2771    7.24287
12.2977    7.24287
12.3183    7.24287
12.3802    7.22401
12.4009    7.24287
12.4215    7.22401
12.4421    7.24287
12.4834    7.22401
12.5247    7.26173
12.5659    7.26173
12.5866    7.2806
12.6072    7.2806
12.6485    7.2806
12.6897    7.31832
12.731    7.33718
12.7516    7.3749
12.7929    7.39377
12.8342    7.39377
12.8961    7.45035
12.9373    7.48807
12.958    7.50694
12.9786    7.5258
13.0199    7.54466
