5.77744    7.62011
5.77744    7.62011
5.77744    7.63897
5.77744    7.63897
5.77744    7.63897
5.77744    7.63897
5.77744    7.63897
5.77744    7.63897
5.77744    7.63897
5.79808    7.63897
5.79808    7.63897
5.79808    7.63897
5.81871    7.63897
5.81871    7.62011
5.81871    7.62011
5.81871    7.62011
5.83934    7.60124
5.85998    7.60124
5.85998    7.60124
5.88061    7.58238
5.88061    7.58238
5.90125    7.58238
5.92188    7.58238
5.94251    7.58238
5.94251    7.58238
5.96315    7.58238
5.98378    7.58238
6.00441    7.56352
6.02505    7.56352
6.06632    7.56352
6.08695    7.54466
6.10758    7.5258
6.16948    7.50694
6.19012    7.48807
6.23139    7.46921
6.25202    7.45035
6.27265    7.43149
6.33455    7.41263
6.35519    7.41263
6.39646    7.39377
6.41709    7.39377
6.43772    7.3749
6.49962    7.3749
6.54089    7.3749
6.56153    7.3749
6.60279    7.3749
6.62343    7.3749
6.68533    7.39377
6.7266    7.41263
6.76786    7.43149
6.7885    7.43149
6.80913    7.43149
6.87103    7.45035
6.9123    7.45035
6.93293    7.45035
6.9742    7.46921
7.01547    7.46921
7.07737    7.46921
7.11864    7.46921
7.1599    7.46921
7.20117    7.46921
7.24244    7.48807
7.32497    7.48807
7.36624    7.48807
7.40751    7.48807
7.44878    7.50694
7.46941    7.50694
7.55194    7.5258
7.57258    7.5258
7.61385    7.54466
7.63448    7.54466
7.67575    7.56352
7.73765    7.58238
7.77892    7.60124
7.79955    7.62011
7.84082    7.63897
7.88208    7.65783
7.94398    7.67669
7.96462    7.69555
8.00589    7.69555
8.02652    7.71441
8.06779    7.73327
8.12969    7.75214
8.15032    7.75214
8.19159    7.771
8.23286    7.771
8.25349    7.771
8.31539    7.78986
8.35666    7.78986
8.39793    7.80872
8.43919    7.80872
8.45983    7.82758
8.52173    7.84644
8.563    7.86531
8.58363    7.86531
8.6249    7.88417
8.64553    7.90303
8.6868    7.92189
8.72807    7.94075
8.7487    7.95961
8.76933    7.97848
8.78997    7.99734
8.85187    8.0162
8.8725    8.03506
8.91377    8.05392
8.9344    8.05392
8.97567    8.07278
9.01694    8.07278
9.05821    8.09165
9.07884    8.09165
9.09947    8.09165
9.12011    8.09165
9.18201    8.09165
9.20264    8.07278
9.22328    8.07278
9.24391    8.07278
9.28518    8.07278
9.32644    8.05392
9.34708    8.05392
9.36771    8.03506
9.38835    8.03506
9.42961    8.03506
9.47088    8.03506
9.49151    8.03506
9.51215    8.0162
9.55342    8.0162
9.57405    8.0162
9.63595    7.99734
9.65658    7.99734
9.67722    7.99734
9.71849    7.99734
9.73912    7.99734
9.78039    7.97848
9.80102    7.97848
9.82165    7.95961
9.84229    7.95961
9.86292    7.94075
9.90419    7.92189
9.92482    7.92189
9.94546    7.90303
9.96609    7.90303
9.96609    7.88417
10.0074    7.86531
10.0074    7.84644
10.028    7.82758
10.028    7.80872
10.0486    7.78986
10.0693    7.771
10.0899    7.75214
10.1105    7.73327
10.1105    7.71441
10.1312    7.69555
10.1724    7.67669
10.1931    7.65783
10.2137    7.65783
10.2343    7.63897
10.255    7.63897
10.2962    7.62011
10.3169    7.60124
10.3169    7.58238
10.3375    7.58238
10.3581    7.56352
10.3788    7.54466
10.3788    7.5258
10.3994    7.50694
10.42    7.48807
10.42    7.46921
10.4407    7.41263
10.4407    7.39377
10.4613    7.3749
10.4613    7.33718
10.4613    7.31832
10.4819    7.2806
10.4819    7.26173
10.5026    7.24287
10.5026    7.22401
10.5232    7.20515
10.5232    7.18629
10.5438    7.16743
10.5438    7.16743
10.5645    7.14856
10.5645    7.14856
10.6057    7.1297
10.6057    7.1297
10.6264    7.1297
10.6264    7.11084
10.647    7.11084
10.647    7.09198
10.6676    7.07312
10.6676    7.07312
10.6676    7.05426
10.6676    7.05426
10.6883    7.01653
10.6883    6.99767
10.6883    6.99767
10.6883    6.97881
10.6883    6.95995
10.7089    6.92222
10.7089    6.90336
10.7089    6.90336
10.7089    6.8845
10.7089    6.86564
10.7089    6.82792
10.7089    6.80905
10.7089    6.80905
10.7295    6.79019
10.7295    6.79019
10.7295    6.77133
10.7502    6.77133
10.7502    6.77133
10.7502    6.77133
10.7708    6.79019
10.7914    6.79019
10.7914    6.79019
10.8121    6.80905
10.8121    6.80905
10.8327    6.80905
10.8533    6.82792
10.8533    6.82792
10.874    6.82792
10.874    6.82792
10.8946    6.82792
10.9152    6.80905
10.9359    6.80905
10.9359    6.80905
10.9565    6.79019
10.9565    6.77133
10.9771    6.75247
10.9771    6.75247
10.9978    6.73361
10.9978    6.73361
11.0184    6.71475
11.039    6.69588
11.039    6.69588
11.039    6.69588
11.0597    6.69588
11.0597    6.69588
11.0597    6.69588
11.0803    6.69588
11.0803    6.69588
11.0803    6.69588
11.0803    6.71475
11.1009    6.73361
11.1009    6.73361
11.1009    6.75247
11.1216    6.75247
11.1216    6.75247
11.1422    6.77133
11.1422    6.77133
11.1628    6.77133
11.1628    6.79019
11.1835    6.79019
11.2041    6.79019
11.2041    6.79019
11.2247    6.79019
11.2247    6.77133
11.2454    6.77133
11.266    6.77133
11.266    6.75247
11.2866    6.75247
11.2866    6.73361
11.3073    6.73361
11.3279    6.71475
11.3279    6.71475
11.3485    6.69588
11.3485    6.69588
11.3692    6.69588
11.3898    6.67702
11.3898    6.67702
11.4105    6.67702
11.4105    6.67702
11.4311    6.69588
11.4517    6.69588
11.4517    6.71475
11.4724    6.73361
11.4724    6.73361
11.493    6.75247
11.5136    6.77133
11.5136    6.79019
11.5136    6.79019
11.5343    6.80905
11.5343    6.80905
11.5549    6.82792
11.5549    6.82792
11.5755    6.82792
11.5755    6.84678
11.5962    6.84678
11.6168    6.84678
11.6374    6.86564
11.6374    6.86564
11.6581    6.86564
11.6787    6.86564
11.6993    6.86564
11.72    6.86564
11.7406    6.86564
11.7612    6.86564
11.7819    6.86564
11.8231    6.86564
11.8438    6.86564
11.8644    6.84678
11.885    6.84678
11.9057    6.84678
11.9263    6.84678
11.9469    6.84678
11.9676    6.84678
11.9882    6.84678
12.0088    6.84678
12.0295    6.86564
12.0501    6.86564
12.0707    6.8845
12.0914    6.8845
12.0914    6.8845
12.1326    6.90336
12.1533    6.90336
12.1533    6.90336
12.1739    6.92222
12.1945    6.92222
12.2152    6.92222
12.2358    6.90336
12.2564    6.90336
12.2771    6.90336
12.2977    6.8845
12.339    6.86564
12.3596    6.86564
12.3802    6.84678
12.4215    6.82792
12.4421    6.82792
12.504    6.79019
12.5453    6.79019
12.5659    6.77133
12.6072    6.75247
12.6278    6.73361
12.6897    6.71475
12.7104    6.71475
12.7516    6.69588
12.7723    6.69588
12.8135    6.69588
12.8548    6.67702
12.8961    6.65816
12.9167    6.65816
12.958    6.6393
12.9786    6.6393
