6.41709    7.88417
6.41709    7.88417
6.41709    7.88417
6.41709    7.88417
6.41709    7.88417
6.41709    7.88417
6.43772    7.88417
6.43772    7.88417
6.43772    7.86531
6.45836    7.86531
6.45836    7.86531
6.47899    7.86531
6.49962    7.86531
6.49962    7.86531
6.52026    7.86531
6.52026    7.86531
6.54089    7.86531
6.56153    7.88417
6.58216    7.88417
6.58216    7.90303
6.60279    7.90303
6.62343    7.90303
6.64406    7.92189
6.64406    7.94075
6.66469    7.94075
6.68533    7.94075
6.68533    7.95961
6.7266    7.95961
6.74723    7.97848
6.76786    7.97848
6.7885    7.97848
6.80913    7.97848
6.8504    7.97848
6.89166    7.97848
6.9123    7.97848
6.93293    7.95961
6.95357    7.95961
7.01547    7.95961
7.0361    7.95961
7.07737    7.95961
7.098    7.95961
7.13927    7.95961
7.20117    7.95961
7.24244    7.95961
7.28371    7.95961
7.32497    7.97848
7.34561    7.97848
7.42814    7.99734
7.46941    8.0162
7.51068    8.0162
7.53131    8.03506
7.57258    8.05392
7.63448    8.07278
7.67575    8.07278
7.69638    8.09165
7.73765    8.09165
7.77892    8.09165
7.84082    8.11051
7.88208    8.11051
7.92335    8.11051
7.96462    8.11051
8.00589    8.09165
8.08842    8.09165
8.12969    8.09165
8.17096    8.07278
8.21222    8.07278
8.25349    8.07278
8.31539    8.07278
8.35666    8.07278
8.39793    8.07278
8.43919    8.07278
8.48046    8.07278
8.54236    8.09165
8.58363    8.09165
8.6249    8.09165
8.66617    8.09165
8.6868    8.11051
8.7487    8.11051
8.78997    8.12937
8.8106    8.12937
8.85187    8.12937
8.8725    8.12937
8.9344    8.12937
8.95504    8.12937
8.99631    8.12937
9.01694    8.12937
9.03757    8.12937
9.09947    8.12937
9.14074    8.11051
9.16137    8.11051
9.20264    8.11051
9.22328    8.11051
9.28518    8.11051
9.32644    8.11051
9.34708    8.11051
9.38835    8.11051
9.42961    8.11051
9.49151    8.11051
9.53278    8.12937
9.57405    8.12937
9.61532    8.12937
9.63595    8.14823
9.71849    8.14823
9.75975    8.16709
9.80102    8.16709
9.84229    8.16709
9.86292    8.18595
9.92482    8.18595
9.96609    8.18595
10.0074    8.16709
10.028    8.16709
10.0693    8.16709
10.1312    8.14823
10.1724    8.12937
10.1931    8.12937
10.2343    8.11051
10.2756    8.11051
10.3375    8.09165
10.3581    8.07278
10.3994    8.07278
10.42    8.05392
10.4407    8.05392
10.5026    8.03506
10.5232    8.03506
10.5645    8.0162
10.5851    8.0162
10.6057    7.99734
10.6676    7.97848
10.6883    7.95961
10.7089    7.95961
10.7295    7.94075
10.7502    7.94075
10.7914    7.90303
10.8121    7.88417
10.8121    7.86531
10.8327    7.86531
10.8533    7.84644
10.874    7.80872
10.874    7.78986
10.8946    7.78986
10.8946    7.771
10.9152    7.75214
10.9359    7.73327
10.9359    7.71441
10.9565    7.71441
10.9771    7.69555
10.9771    7.67669
10.9978    7.65783
11.0184    7.65783
11.039    7.63897
11.039    7.63897
11.0597    7.62011
11.0803    7.60124
11.0803    7.60124
11.1009    7.58238
11.1009    7.56352
11.1009    7.56352
11.1216    7.54466
11.1216    7.5258
11.1216    7.5258
11.1216    7.50694
11.1216    7.50694
11.1422    7.48807
11.1422    7.46921
11.1422    7.45035
11.1422    7.45035
11.1422    7.43149
11.1628    7.41263
11.1628    7.41263
11.1835    7.41263
11.2041    7.41263
11.2041    7.41263
11.2454    7.41263
11.266    7.41263
11.2866    7.41263
11.3073    7.41263
11.3279    7.41263
11.3692    7.41263
11.3898    7.41263
11.4105    7.41263
11.4311    7.41263
11.4311    7.41263
11.4517    7.41263
11.4517    7.39377
11.4724    7.39377
11.4724    7.39377
11.4724    7.3749
11.4724    7.35604
11.493    7.33718
11.493    7.31832
11.493    7.31832
11.493    7.29946
11.493    7.26173
11.493    7.24287
11.493    7.24287
11.493    7.22401
11.5136    7.22401
11.5343    7.20515
11.5549    7.20515
11.5755    7.20515
11.5755    7.20515
11.5962    7.20515
11.6374    7.20515
11.6581    7.20515
11.6787    7.22401
11.6993    7.22401
11.72    7.22401
11.7612    7.22401
11.7819    7.22401
11.8025    7.22401
11.8025    7.22401
11.8231    7.20515
11.8438    7.18629
11.8438    7.18629
11.8644    7.18629
11.8644    7.16743
11.8644    7.16743
11.885    7.14856
11.885    7.14856
11.9057    7.14856
11.9057    7.14856
11.9263    7.14856
11.9469    7.14856
11.9676    7.14856
11.9882    7.14856
12.0088    7.14856
12.0295    7.16743
12.0707    7.18629
12.0914    7.18629
12.112    7.20515
12.1533    7.20515
12.1739    7.22401
12.2358    7.24287
12.2564    7.24287
12.2977    7.24287
12.3183    7.24287
12.339    7.24287
12.3802    7.24287
12.4009    7.24287
12.4215    7.24287
12.4215    7.24287
12.4421    7.24287
12.4834    7.20515
12.4834    7.20515
12.504    7.18629
12.5247    7.18629
12.5453    7.16743
12.5866    7.16743
12.6072    7.16743
12.6278    7.16743
12.6691    7.16743
12.6897    7.16743
12.7516    7.18629
12.7929    7.18629
12.8342    7.20515
