6.9742    7.86531
6.9742    7.86531
6.9742    7.86531
6.9742    7.86531
6.9742    7.86531
6.99483    7.86531
6.99483    7.84644
6.99483    7.84644
7.01547    7.84644
7.01547    7.84644
7.01547    7.82758
7.0361    7.82758
7.05673    7.80872
7.07737    7.80872
7.07737    7.80872
7.098    7.78986
7.11864    7.78986
7.1599    7.78986
7.18054    7.78986
7.20117    7.78986
7.24244    7.78986
7.26307    7.78986
7.32497    7.80872
7.36624    7.80872
7.38687    7.80872
7.42814    7.82758
7.46941    7.82758
7.53131    7.84644
7.57258    7.86531
7.61385    7.86531
7.63448    7.86531
7.67575    7.86531
7.73765    7.86531
7.77892    7.88417
7.82018    7.88417
7.86145    7.88417
7.90272    7.88417
8.00589    7.86531
8.04715    7.86531
8.08842    7.86531
8.12969    7.84644
8.17096    7.84644
8.25349    7.84644
8.31539    7.84644
8.33603    7.84644
8.37729    7.84644
8.41856    7.84644
8.5011    7.84644
8.54236    7.82758
8.60426    7.82758
8.64553    7.82758
8.6868    7.82758
8.78997    7.82758
8.83124    7.82758
8.8725    7.82758
8.91377    7.82758
8.95504    7.82758
9.03757    7.82758
9.07884    7.82758
9.12011    7.82758
9.16137    7.82758
9.20264    7.82758
9.28518    7.82758
9.34708    7.82758
9.38835    7.82758
9.42961    7.80872
9.47088    7.80872
9.55342    7.80872
9.59468    7.80872
9.63595    7.80872
9.67722    7.80872
9.71849    7.80872
9.78039    7.80872
9.82165    7.78986
9.86292    7.78986
9.90419    7.78986
9.94546    7.78986
10.028    7.771
10.0693    7.771
10.0899    7.771
10.1312    7.771
10.1724    7.771
10.2343    7.75214
10.2756    7.75214
10.3169    7.75214
10.3375    7.73327
10.3788    7.73327
10.4407    7.71441
10.4613    7.71441
10.5026    7.69555
10.5232    7.69555
10.5645    7.67669
10.6264    7.65783
10.647    7.63897
10.6883    7.62011
10.7089    7.60124
10.7502    7.58238
10.8121    7.56352
10.8327    7.54466
10.874    7.54466
10.8946    7.5258
10.9152    7.50694
10.9771    7.48807
10.9978    7.46921
11.0184    7.45035
11.0597    7.45035
11.0803    7.43149
11.1216    7.41263
11.1628    7.39377
11.1835    7.3749
11.2041    7.3749
11.2247    7.35604
11.266    7.33718
11.2866    7.31832
11.3073    7.31832
11.3279    7.29946
11.3485    7.29946
11.3898    7.2806
11.4105    7.26173
11.4311    7.24287
11.4517    7.24287
11.4724    7.22401
11.5136    7.20515
11.5549    7.20515
11.5755    7.18629
11.5962    7.18629
11.6168    7.16743
11.6787    7.16743
11.72    7.16743
11.7406    7.14856
11.7819    7.14856
11.8025    7.14856
11.885    7.14856
11.9263    7.14856
11.9469    7.14856
11.9882    7.14856
12.0295    7.14856
12.0914    7.16743
12.1326    7.16743
12.1739    7.16743
12.1945    7.16743
12.2358    7.16743
12.3183    7.18629
12.339    7.18629
12.3802    7.18629
12.4215    7.18629
12.4628    7.18629
12.5247    7.20515
12.5659    7.20515
12.6072    7.20515
12.6485    7.20515
12.6691    7.22401
12.7516    7.22401
12.7929    7.24287
12.8342    7.24287
12.8548    7.26173
12.8961    7.26173
12.9786    7.2806
13.0199    7.29946
13.0611    7.31832
13.0818    7.33718
