7.44878    8.14823
7.44878    8.14823
7.46941    8.14823
7.46941    8.14823
7.49004    8.14823
7.53131    8.14823
7.55194    8.12937
7.57258    8.14823
7.61385    8.11051
7.65511    8.11051
7.67575    8.11051
7.69638    8.09165
7.79955    8.09165
7.82018    8.07278
7.86145    8.03506
7.90272    8.0162
7.94398    8.03506
8.00589    7.99734
8.02652    7.99734
8.06779    7.99734
8.10905    7.97848
8.15032    7.99734
8.21222    7.97848
8.25349    7.97848
8.29476    7.97848
8.33603    7.97848
8.37729    7.97848
8.45983    7.97848
8.52173    7.99734
8.58363    7.97848
8.60426    7.99734
8.66617    7.97848
8.72807    7.97848
8.78997    7.97848
8.8106    7.97848
8.8725    7.95961
8.89314    7.94075
8.99631    7.92189
9.03757    7.88417
9.07884    7.86531
9.12011    7.86531
9.16137    7.86531
9.26454    7.82758
9.32644    7.82758
9.36771    7.82758
9.40898    7.80872
9.45025    7.78986
9.53278    7.78986
9.59468    7.78986
9.65658    7.771
9.67722    7.75214
9.73912    7.75214
9.82165    7.73327
9.86292    7.71441
9.90419    7.71441
9.94546    7.71441
9.98672    7.69555
10.0486    7.67669
10.1105    7.67669
10.1312    7.65783
10.1931    7.63897
10.2137    7.63897
10.3169    7.60124
10.3581    7.58238
10.3994    7.54466
10.4407    7.5258
10.4819    7.5258
10.5645    7.50694
10.6057    7.46921
10.647    7.46921
10.7089    7.45035
10.7708    7.45035
10.8327    7.43149
10.8946    7.39377
10.9359    7.39377
10.9771    7.3749
11.039    7.39377
11.1422    7.35604
11.1835    7.33718
11.2247    7.33718
11.266    7.33718
11.3073    7.31832
11.3898    7.2806
11.4517    7.26173
11.5136    7.26173
11.5343    7.24287
11.5962    7.20515
11.6787    7.16743
11.72    7.14856
11.7819    7.14856
11.8438    7.1297
11.885    7.11084
11.9676    7.11084
12.0088    7.11084
12.0501    7.11084
12.112    7.11084
12.1739    7.11084
12.2358    7.11084
12.2977    7.11084
12.339    7.11084
12.3802    7.1297
12.4421    7.11084
12.5453    7.14856
12.5659    7.16743
12.6278    7.14856
12.6485    7.16743
12.7104    7.16743
12.7723    7.18629
12.8342    7.20515
12.8754    7.18629
