7.77892    4.11184
7.77892    4.11184
7.82018    4.09298
7.82018    4.09298
7.84082    4.09298
7.86145    4.09298
7.88208    4.09298
7.90272    4.09298
7.92335    4.09298
7.94398    4.11184
7.98525    4.11184
8.00589    4.1307
8.04715    4.14956
8.06779    4.16842
8.10905    4.18729
8.12969    4.18729
8.17096    4.20615
8.23286    4.18729
8.27412    4.18729
8.31539    4.16842
8.33603    4.16842
8.35666    4.14956
8.39793    4.1307
8.41856    4.1307
8.43919    4.1307
8.45983    4.1307
8.48046    4.14956
8.52173    4.14956
8.54236    4.16842
8.563    4.18729
8.58363    4.18729
8.60426    4.20615
8.64553    4.24387
8.6868    4.26273
8.70743    4.28159
8.7487    4.30046
8.76933    4.30046
8.83124    4.31932
8.85187    4.33818
8.89314    4.33818
8.91377    4.33818
8.95504    4.35704
9.01694    4.35704
9.05821    4.35704
9.09947    4.35704
9.14074    4.35704
9.16137    4.3759
9.22328    4.3759
9.26454    4.39476
9.28518    4.39476
9.32644    4.41363
9.34708    4.41363
9.38835    4.45135
9.40898    4.47021
9.42961    4.48907
9.45025    4.50793
9.45025    4.54566
9.49151    4.58338
9.49151    4.60224
9.51215    4.6211
9.53278    4.6211
9.55342    4.63996
9.59468    4.65883
9.61532    4.67769
9.65658    4.67769
9.67722    4.69655
9.71849    4.69655
9.78039    4.69655
9.80102    4.69655
9.84229    4.71541
9.88356    4.71541
9.90419    4.71541
9.96609    4.75313
9.98672    4.75313
10.0074    4.772
10.028    4.79086
10.0486    4.79086
10.0899    4.82858
10.0899    4.84744
10.1105    4.8663
10.1105    4.88517
10.1105    4.90403
10.1312    4.92289
10.1312    4.94175
10.1518    4.96061
10.1724    4.97947
10.1931    4.97947
10.2343    5.0172
10.255    5.0172
10.2962    5.0172
10.3169    5.03606
10.3581    5.03606
10.42    5.03606
10.4407    5.03606
10.4613    5.03606
10.5026    5.05492
10.5232    5.05492
10.5438    5.07378
10.5645    5.09264
10.5851    5.11151
10.5851    5.11151
10.6057    5.13037
10.6057    5.16809
10.6264    5.18695
10.6264    5.20581
10.647    5.22468
10.647    5.24354
10.6676    5.28126
10.6883    5.30012
10.7089    5.31898
10.7295    5.31898
10.7502    5.33785
10.7914    5.33785
10.8327    5.33785
10.8533    5.33785
10.874    5.33785
10.9152    5.33785
10.9771    5.35671
10.9978    5.35671
11.0184    5.35671
11.039    5.35671
11.0597    5.37557
11.1009    5.39443
11.1216    5.39443
11.1216    5.41329
11.1422    5.43215
11.1422    5.43215
11.1628    5.46988
11.1628    5.48874
11.1628    5.5076
11.1628    5.52646
11.1835    5.52646
11.2041    5.56419
11.2041    5.56419
11.2247    5.56419
11.2247    5.58305
11.2454    5.58305
11.2866    5.58305
11.3073    5.58305
11.3279    5.58305
11.3485    5.58305
11.3692    5.56419
11.4105    5.56419
11.4311    5.56419
11.4517    5.58305
11.4724    5.58305
11.4724    5.60191
11.493    5.60191
11.5136    5.62077
11.5136    5.63963
11.5136    5.63963
11.5136    5.65849
11.5136    5.67736
11.493    5.69622
11.493    5.69622
11.493    5.71508
11.493    5.71508
11.493    5.73394
11.493    5.7528
11.493    5.7528
11.5136    5.7528
11.5136    5.77166
11.5343    5.77166
11.5549    5.77166
11.5755    5.77166
11.5962    5.77166
11.6168    5.77166
11.6581    5.77166
11.6787    5.77166
11.6993    5.79053
11.72    5.79053
11.7406    5.79053
11.7612    5.80939
11.7612    5.80939
11.7612    5.82825
11.7819    5.82825
11.7819    5.84711
11.7819    5.86597
11.7819    5.88483
11.7819    5.9037
11.7612    5.92256
11.7612    5.92256
11.7406    5.96028
11.7406    5.97914
11.72    5.998
11.72    6.01687
11.72    6.03573
11.72    6.05459
11.72    6.07345
11.72    6.07345
11.7406    6.09231
11.7406    6.09231
11.7612    6.09231
11.7819    6.09231
11.7819    6.11117
11.8025    6.11117
11.8231    6.11117
11.8438    6.11117
11.8644    6.11117
11.8644    6.13004
11.885    6.13004
11.885    6.13004
11.885    6.1489
11.885    6.16776
11.885    6.16776
11.885    6.18662
11.885    6.18662
11.8644    6.20548
11.8644    6.22434
11.8438    6.22434
11.8438    6.2432
11.8231    6.2432
11.8231    6.26207
11.8231    6.28093
11.8231    6.28093
11.8231    6.28093
11.8231    6.29979
11.8438    6.29979
11.8438    6.31865
11.8644    6.31865
11.8644    6.31865
11.885    6.31865
11.9057    6.31865
11.9263    6.31865
11.9263    6.31865
11.9263    6.33751
11.9469    6.33751
11.9469    6.35637
11.9469    6.35637
11.9676    6.35637
11.9676    6.37524
11.9676    6.37524
11.9676    6.3941
11.9676    6.41296
11.9676    6.43182
11.9676    6.45068
11.9676    6.46954
11.9676    6.50727
11.9676    6.52613
11.9676    6.54499
11.9676    6.56385
11.9676    6.58271
11.9882    6.60158
11.9882    6.62044
12.0088    6.62044
12.0295    6.62044
12.0295    6.62044
12.0707    6.62044
12.0914    6.62044
12.112    6.60158
12.1326    6.60158
12.1533    6.60158
12.1945    6.58271
12.2152    6.58271
12.2358    6.58271
12.2564    6.56385
12.2771    6.56385
12.3183    6.56385
12.339    6.56385
12.3596    6.56385
12.3802    6.56385
12.4009    6.56385
12.4421    6.58271
12.4628    6.58271
12.4834    6.58271
12.504    6.58271
12.5247    6.60158
12.5659    6.60158
12.6072    6.60158
12.6278    6.60158
12.6485    6.60158
12.6691    6.60158
12.731    6.58271
12.7516    6.56385
12.7929    6.56385
12.8135    6.54499
12.8548    6.52613
12.9167    6.48841
