7.86145    8.39343
7.86145    8.39343
7.88208    8.37457
7.88208    8.37457
7.88208    8.37457
7.90272    8.37457
7.94398    8.37457
7.98525    8.35571
8.00589    8.35571
8.02652    8.35571
8.06779    8.33685
8.10905    8.33685
8.17096    8.33685
8.19159    8.33685
8.25349    8.33685
8.27412    8.33685
8.35666    8.35571
8.45983    8.35571
8.48046    8.35571
8.54236    8.35571
8.58363    8.35571
8.6249    8.35571
8.70743    8.33685
8.76933    8.31799
8.83124    8.31799
8.85187    8.29912
8.91377    8.28026
8.99631    8.2614
9.05821    8.24254
9.14074    8.22368
9.18201    8.22368
9.24391    8.20482
9.32644    8.18595
9.36771    8.16709
9.42961    8.14823
9.49151    8.14823
9.53278    8.12937
9.63595    8.11051
9.71849    8.09165
9.78039    8.09165
9.82165    8.07278
9.86292    8.07278
9.96609    8.03506
10.0486    8.03506
10.0899    8.0162
10.1518    7.99734
10.1724    7.97848
10.2756    7.94075
10.3169    7.90303
10.3581    7.88417
10.3994    7.86531
10.4613    7.84644
10.5851    7.78986
10.6264    7.771
10.6883    7.75214
10.7295    7.73327
10.7708    7.71441
10.874    7.67669
10.9359    7.65783
10.9771    7.63897
11.0184    7.62011
11.0803    7.60124
11.2041    7.58238
11.266    7.56352
11.2866    7.54466
11.3692    7.54466
11.4105    7.5258
11.5136    7.48807
11.5549    7.46921
11.5962    7.45035
11.6374    7.43149
11.6787    7.41263
11.7819    7.3749
11.8438    7.35604
11.885    7.33718
11.9263    7.33718
11.9882    7.31832
12.0914    7.29946
12.1326    7.2806
12.1739    7.2806
12.2358    7.2806
12.2977    7.2806
12.3802    7.26173
12.4215    7.26173
12.4834    7.2806
12.5453    7.2806
12.5659    7.2806
12.6897    7.2806
12.731    7.2806
12.7723    7.29946
12.8342    7.29946
12.8548    7.29946
12.958    7.31832
12.9992    7.31832
