7.42814    9.41196
7.42814    9.41196
7.42814    9.41196
7.42814    9.41196
7.42814    9.3931
7.42814    9.37424
7.44878    9.3931
7.46941    9.35538
7.44878    9.35538
7.46941    9.33651
7.46941    9.33651
7.49004    9.33651
7.53131    9.31765
7.53131    9.27993
7.55194    9.26107
7.55194    9.26107
7.57258    9.26107
7.63448    9.24221
7.63448    9.22335
7.65511    9.22335
7.69638    9.22335
7.71701    9.20448
7.75828    9.18562
7.79955    9.18562
7.82018    9.18562
7.88208    9.18562
7.90272    9.18562
7.96462    9.18562
7.98525    9.18562
8.04715    9.16676
8.04715    9.1479
8.08842    9.1479
8.12969    9.12904
8.17096    9.11018
8.21222    9.12904
8.23286    9.09131
8.27412    9.07245
8.33603    9.07245
8.35666    9.05359
8.41856    9.01587
8.41856    8.99701
8.45983    8.99701
8.52173    8.95928
8.58363    8.95928
8.60426    8.94042
8.64553    8.92156
8.6868    8.92156
8.7487    8.9027
8.76933    8.88384
8.8106    8.9027
8.85187    8.88384
8.8725    8.9027
8.91377    8.88384
8.95504    8.9027
8.99631    8.88384
9.03757    8.9027
9.05821    8.9027
9.14074    8.9027
9.18201    8.92156
9.22328    8.94042
9.24391    8.92156
9.26454    8.94042
9.34708    8.92156
9.36771    8.94042
9.38835    8.9027
9.42961    8.9027
9.47088    8.9027
9.53278    8.88384
9.55342    8.88384
9.59468    8.86497
9.63595    8.84611
9.65658    8.84611
9.71849    8.80839
9.75975    8.78953
9.80102    8.77067
9.84229    8.77067
9.88356    8.77067
9.94546    8.7518
9.96609    8.73294
10.0074    8.7518
10.0486    8.73294
10.0899    8.73294
10.1518    8.73294
10.1724    8.73294
10.2137    8.73294
10.255    8.73294
10.2962    8.73294
10.3581    8.73294
10.3788    8.73294
10.42    8.73294
10.4613    8.7518
10.4819    8.73294
10.5232    8.7518
10.5438    8.73294
10.5851    8.73294
10.6057    8.73294
10.6057    8.73294
10.647    8.71408
10.6676    8.69522
10.7089    8.69522
10.7295    8.67636
10.7295    8.63863
10.7502    8.61977
10.7914    8.61977
10.8121    8.60091
10.8121    8.56319
10.8327    8.54433
10.874    8.52546
10.8946    8.5066
10.8946    8.5066
10.9152    8.48774
10.9359    8.46888
10.9565    8.45002
10.9771    8.43116
10.9771    8.43116
10.9978    8.41229
11.0184    8.39343
11.039    8.37457
11.0803    8.35571
11.1009    8.35571
11.1009    8.33685
11.1216    8.31799
11.1628    8.29912
11.1835    8.28026
11.1835    8.28026
11.2041    8.2614
11.2454    8.24254
11.2866    8.22368
11.2866    8.20482
11.3073    8.20482
11.3073    8.18595
11.3073    8.16709
11.3279    8.14823
11.3692    8.12937
11.3692    8.12937
11.3898    8.11051
11.3692    8.09165
11.3898    8.07278
11.3898    8.05392
11.3898    8.05392
11.3898    8.05392
11.3898    8.03506
11.3898    7.99734
11.3898    7.97848
11.3898    7.97848
11.4105    7.95961
11.4311    7.94075
11.4311    7.92189
11.4311    7.90303
11.4311    7.90303
11.4517    7.90303
11.4724    7.90303
11.4724    7.88417
11.493    7.86531
11.5343    7.86531
11.5343    7.86531
11.5549    7.86531
11.5755    7.84644
11.5962    7.82758
11.5962    7.84644
11.5962    7.82758
11.6168    7.84644
11.6581    7.82758
11.6581    7.82758
11.6787    7.82758
11.6581    7.82758
11.6787    7.82758
11.6787    7.80872
11.6787    7.78986
11.6787    7.78986
11.6787    7.78986
11.6787    7.771
11.6787    7.73327
11.6993    7.73327
11.6993    7.73327
11.6993    7.71441
11.6993    7.71441
11.72    7.69555
11.6993    7.67669
11.72    7.67669
11.72    7.67669
11.72    7.67669
11.7406    7.65783
11.7612    7.63897
11.7612    7.63897
11.7612    7.63897
11.7612    7.63897
11.7819    7.63897
11.8231    7.63897
11.8438    7.63897
11.8231    7.63897
11.8644    7.63897
11.885    7.62011
11.885    7.60124
11.9057    7.62011
11.9263    7.60124
11.9263    7.60124
11.9469    7.60124
11.9676    7.60124
11.9469    7.60124
11.9676    7.60124
11.9676    7.60124
11.9676    7.60124
11.9676    7.60124
11.9676    7.58238
11.9676    7.56352
11.9676    7.58238
11.9676    7.56352
11.9676    7.58238
11.9676    7.56352
11.9676    7.56352
11.9676    7.56352
11.9676    7.56352
11.9676    7.56352
11.9676    7.54466
11.9676    7.5258
11.9676    7.54466
11.9676    7.50694
11.9676    7.50694
11.9676    7.50694
11.9882    7.48807
12.0088    7.50694
12.0088    7.48807
12.0088    7.50694
12.0295    7.48807
12.0501    7.48807
12.0501    7.48807
12.0707    7.48807
12.0914    7.46921
12.0914    7.45035
12.112    7.46921
12.1326    7.45035
12.1533    7.46921
12.1739    7.45035
12.1739    7.46921
12.1739    7.45035
12.1945    7.46921
12.2152    7.45035
12.2152    7.46921
12.2152    7.45035
12.2358    7.46921
12.2564    7.45035
12.2564    7.46921
12.2564    7.45035
12.2564    7.46921
12.2564    7.45035
12.2564    7.46921
12.2564    7.45035
12.2564    7.46921
12.2564    7.45035
12.2564    7.45035
12.2564    7.45035
12.2564    7.43149
12.2564    7.41263
12.2564    7.41263
12.2564    7.41263
12.2771    7.41263
12.2977    7.39377
12.2977    7.3749
12.2977    7.3749
12.2977    7.3749
12.3183    7.35604
12.3596    7.33718
12.3802    7.35604
12.3802    7.33718
12.4009    7.35604
12.4215    7.33718
12.4628    7.35604
12.4834    7.35604
12.5247    7.35604
12.5453    7.35604
12.5453    7.35604
12.5866    7.3749
12.6072    7.39377
12.6278    7.3749
12.6485    7.39377
12.6691    7.3749
12.6897    7.39377
12.731    7.39377
12.7516    7.39377
12.7516    7.39377
12.7723    7.39377
12.8342    7.3749
12.8548    7.39377
12.8754    7.3749
12.8961    7.39377
12.9167    7.3749
12.958    7.3749
12.9786    7.3749
12.9992    7.3749
