6.7266    9.75147
6.7266    9.75147
6.7266    9.75147
6.7266    9.75147
6.7266    9.73261
6.7266    9.73261
6.7266    9.73261
6.74723    9.73261
6.76786    9.73261
6.74723    9.71375
6.76786    9.71375
6.76786    9.71375
6.7885    9.71375
6.80913    9.71375
6.80913    9.71375
6.80913    9.71375
6.82976    9.73261
6.87103    9.73261
6.89166    9.73261
6.89166    9.75147
6.9123    9.75147
6.95357    9.75147
6.99483    9.77033
7.01547    9.77033
7.0361    9.78919
7.07737    9.78919
7.098    9.78919
7.11864    9.80806
7.1599    9.80806
7.20117    9.80806
7.2218    9.80806
7.2218    9.80806
7.26307    9.78919
7.28371    9.78919
7.32497    9.77033
7.34561    9.75147
7.34561    9.73261
7.40751    9.71375
7.44878    9.69489
7.49004    9.67602
7.51068    9.65716
7.53131    9.6383
7.61385    9.60058
7.65511    9.58172
7.67575    9.56285
7.69638    9.56285
7.73765    9.54399
7.79955    9.52513
7.82018    9.52513
7.88208    9.52513
7.90272    9.52513
7.94398    9.52513
8.02652    9.50627
8.06779    9.50627
8.10905    9.50627
8.15032    9.50627
8.19159    9.50627
8.27412    9.50627
8.31539    9.50627
8.35666    9.48741
8.39793    9.48741
8.41856    9.46855
8.45983    9.44968
8.5011    9.43082
8.52173    9.41196
8.58363    9.41196
8.60426    9.3931
8.66617    9.35538
8.6868    9.33651
8.72807    9.31765
8.76933    9.29879
8.78997    9.27993
8.85187    9.26107
8.89314    9.24221
8.91377    9.24221
8.9344    9.22335
8.97567    9.22335
9.03757    9.22335
9.05821    9.22335
9.09947    9.22335
9.14074    9.22335
9.18201    9.22335
9.24391    9.20448
9.26454    9.20448
9.32644    9.20448
9.34708    9.20448
9.40898    9.20448
9.45025    9.20448
9.49151    9.20448
9.53278    9.20448
9.55342    9.18562
9.61532    9.18562
9.63595    9.16676
9.69785    9.1479
9.69785    9.12904
9.73912    9.12904
9.75975    9.11018
9.82165    9.09131
9.84229    9.07245
9.88356    9.05359
9.92482    9.03473
9.94546    9.01587
9.98672    8.97814
10.0074    8.97814
10.0486    8.95928
10.0693    8.95928
10.0899    8.95928
10.1518    8.94042
10.1518    8.94042
10.1724    8.94042
10.2137    8.94042
10.255    8.92156
10.2962    8.92156
10.3169    8.92156
10.3375    8.92156
10.3788    8.9027
10.3994    8.92156
10.4407    8.92156
10.4613    8.9027
10.5026    8.9027
10.5438    8.9027
10.5645    8.9027
10.5851    8.88384
10.6264    8.88384
10.647    8.86497
10.647    8.86497
10.6676    8.84611
10.7295    8.82725
10.7295    8.80839
10.7502    8.78953
10.7708    8.77067
10.7708    8.77067
10.8121    8.73294
10.8327    8.71408
10.8533    8.69522
10.8533    8.67636
10.874    8.6575
10.9359    8.61977
10.9359    8.60091
10.9565    8.60091
10.9771    8.58205
10.9978    8.58205
11.039    8.56319
11.0597    8.54433
11.0597    8.54433
11.0803    8.54433
11.1009    8.52546
11.1216    8.52546
11.1628    8.5066
11.1835    8.5066
11.1835    8.5066
11.2041    8.5066
11.266    8.48774
11.266    8.48774
11.2866    8.48774
11.3279    8.48774
11.3485    8.48774
11.3692    8.46888
11.4105    8.46888
11.4311    8.46888
11.4105    8.46888
11.4517    8.45002
11.4724    8.43116
11.4517    8.43116
11.4724    8.43116
11.4724    8.41229
11.4724    8.41229
11.4724    8.39343
11.4724    8.37457
11.493    8.37457
11.5136    8.35571
11.493    8.33685
11.493    8.31799
11.493    8.29912
11.493    8.28026
11.493    8.2614
11.493    8.24254
11.493    8.22368
11.493    8.20482
11.493    8.18595
11.4724    8.16709
11.4517    8.14823
11.4724    8.12937
11.4517    8.12937
11.4724    8.11051
11.4517    8.11051
11.4724    8.09165
11.4724    8.09165
11.4724    8.07278
11.4724    8.07278
11.4724    8.07278
11.493    8.07278
11.5343    8.05392
11.5343    8.05392
11.5549    8.05392
11.5549    8.03506
11.5549    8.03506
11.5755    8.03506
11.6168    8.03506
11.6168    8.03506
11.6374    8.0162
11.6374    8.0162
11.6581    7.99734
11.6787    7.99734
11.6787    7.99734
11.6787    7.99734
11.6787    7.97848
11.6787    7.97848
11.6787    7.97848
11.6787    7.95961
11.6787    7.95961
11.6787    7.94075
11.6787    7.92189
11.6581    7.92189
11.6787    7.90303
11.6581    7.90303
11.6581    7.88417
11.6374    7.86531
11.6168    7.86531
11.6374    7.84644
11.6168    7.84644
11.6168    7.82758
11.6168    7.82758
11.6168    7.80872
11.6168    7.80872
11.5962    7.80872
11.5755    7.78986
11.5962    7.78986
11.5755    7.78986
11.5962    7.78986
11.5755    7.78986
11.5962    7.78986
11.5755    7.78986
11.5962    7.78986
11.5962    7.78986
11.5962    7.78986
11.5962    7.78986
11.6168    7.78986
11.6374    7.78986
11.6374    7.78986
11.6374    7.78986
11.6581    7.78986
11.6993    7.78986
11.72    7.78986
11.72    7.78986
11.72    7.78986
11.7406    7.78986
11.7819    7.78986
11.8025    7.78986
11.8025    7.78986
11.8025    7.78986
11.8231    7.78986
11.8438    7.78986
11.8438    7.78986
11.8438    7.78986
11.8438    7.78986
11.8644    7.771
11.885    7.771
11.8644    7.771
11.885    7.75214
11.8644    7.75214
11.885    7.73327
11.8644    7.71441
11.8644    7.71441
11.8644    7.69555
11.8644    7.67669
11.8438    7.67669
11.8231    7.65783
11.8231    7.63897
11.8231    7.63897
11.8231    7.62011
11.8025    7.60124
11.7819    7.58238
11.8025    7.58238
11.7819    7.56352
11.7819    7.56352
11.7819    7.56352
11.8025    7.54466
11.7819    7.54466
11.8025    7.54466
11.7819    7.5258
11.8025    7.5258
11.8025    7.5258
11.8231    7.50694
11.8438    7.50694
11.8438    7.50694
11.8644    7.50694
11.9057    7.50694
11.9263    7.50694
11.9263    7.50694
11.9263    7.50694
11.9469    7.50694
11.9882    7.50694
12.0088    7.50694
12.0088    7.48807
12.0295    7.48807
12.0501    7.48807
12.0707    7.46921
12.0914    7.46921
12.0914    7.46921
12.112    7.45035
12.1326    7.45035
12.1533    7.43149
12.1739    7.41263
12.1739    7.39377
12.1739    7.39377
12.1945    7.3749
12.2358    7.35604
12.2358    7.35604
12.2564    7.35604
12.2564    7.33718
12.2564    7.33718
12.2977    7.33718
12.3183    7.31832
12.3596    7.31832
12.3802    7.31832
12.3802    7.31832
12.4215    7.33718
12.4421    7.33718
12.4834    7.33718
12.504    7.33718
12.5247    7.33718
12.5866    7.33718
12.5866    7.33718
12.6072    7.33718
12.6485    7.31832
12.6691    7.31832
12.6897    7.29946
12.731    7.29946
12.7723    7.2806
12.7929    7.2806
12.7929    7.26173
12.8548    7.24287
12.8961    7.24287
12.9167    7.24287
12.9167    7.24287
12.958    7.24287
12.9992    7.24287
