5.81871    9.01587
5.81871    9.01587
5.81871    9.01587
5.81871    9.01587
5.81871    8.99701
5.81871    8.99701
5.81871    8.99701
5.81871    8.99701
5.83934    8.97814
5.83934    8.97814
5.83934    8.97814
5.83934    8.97814
5.85998    8.95928
5.85998    8.95928
5.88061    8.94042
5.88061    8.94042
5.90125    8.92156
5.92188    8.92156
5.94251    8.92156
5.96315    8.92156
5.98378    8.92156
6.00441    8.92156
6.06632    8.92156
6.08695    8.94042
6.12822    8.95928
6.16948    8.97814
6.21075    8.97814
6.27265    9.01587
6.29329    9.03473
6.33455    9.05359
6.35519    9.05359
6.37582    9.07245
6.43772    9.07245
6.45836    9.07245
6.49962    9.07245
6.52026    9.07245
6.56153    9.07245
6.62343    9.05359
6.64406    9.05359
6.68533    9.03473
6.70596    9.03473
6.74723    9.01587
6.80913    8.99701
6.82976    8.99701
6.8504    8.97814
6.89166    8.97814
6.9123    8.97814
6.9742    8.95928
7.01547    8.95928
7.0361    8.94042
7.05673    8.94042
7.098    8.94042
7.1599    8.92156
7.20117    8.92156
7.2218    8.9027
7.26307    8.9027
7.28371    8.9027
7.34561    8.88384
7.36624    8.88384
7.38687    8.86497
7.40751    8.84611
7.42814    8.82725
7.46941    8.78953
7.49004    8.77067
7.51068    8.7518
7.53131    8.73294
7.55194    8.69522
7.57258    8.6575
7.59321    8.61977
7.59321    8.60091
7.61385    8.58205
7.61385    8.54433
7.65511    8.52546
7.65511    8.5066
7.67575    8.48774
7.69638    8.46888
7.71701    8.45002
7.75828    8.43116
7.77892    8.43116
7.79955    8.41229
7.84082    8.41229
7.86145    8.41229
7.92335    8.41229
7.94398    8.41229
7.98525    8.41229
8.00589    8.41229
8.04715    8.41229
8.08842    8.41229
8.12969    8.41229
8.15032    8.41229
8.19159    8.41229
8.21222    8.41229
8.27412    8.41229
8.29476    8.41229
8.33603    8.39343
8.35666    8.39343
8.37729    8.39343
8.43919    8.39343
8.48046    8.39343
8.5011    8.39343
8.52173    8.39343
8.563    8.39343
8.6249    8.39343
8.64553    8.39343
8.6868    8.41229
8.70743    8.41229
8.72807    8.43116
8.78997    8.43116
8.83124    8.45002
8.85187    8.45002
8.89314    8.46888
8.91377    8.46888
8.97567    8.48774
9.01694    8.5066
9.03757    8.52546
9.05821    8.54433
9.09947    8.56319
9.14074    8.58205
9.18201    8.58205
9.20264    8.58205
9.22328    8.58205
9.24391    8.58205
9.30581    8.58205
9.32644    8.58205
9.36771    8.58205
9.38835    8.58205
9.40898    8.58205
9.47088    8.56319
9.49151    8.56319
9.53278    8.54433
9.55342    8.54433
9.57405    8.54433
9.63595    8.54433
9.65658    8.54433
9.67722    8.54433
9.71849    8.54433
9.73912    8.54433
9.80102    8.52546
9.82165    8.52546
9.86292    8.52546
9.90419    8.52546
9.92482    8.52546
9.98672    8.52546
10.028    8.52546
10.0486    8.52546
10.0899    8.52546
10.1105    8.52546
10.1518    8.52546
10.1724    8.5066
10.1931    8.5066
10.2137    8.5066
10.2343    8.48774
10.2756    8.46888
10.2962    8.45002
10.3169    8.43116
10.3375    8.41229
10.3581    8.41229
10.3994    8.37457
10.42    8.35571
10.4407    8.33685
10.4613    8.33685
10.4613    8.31799
10.5026    8.29912
10.5232    8.29912
10.5438    8.29912
10.5438    8.28026
10.5645    8.28026
10.6057    8.2614
10.6057    8.2614
10.6264    8.24254
10.647    8.24254
10.6676    8.24254
10.6883    8.22368
10.7089    8.22368
10.7295    8.22368
10.7502    8.20482
10.7502    8.20482
10.7708    8.18595
10.7914    8.18595
10.7914    8.16709
10.8121    8.16709
10.8121    8.14823
10.8327    8.12937
10.8327    8.11051
10.8327    8.11051
10.8327    8.09165
10.8327    8.09165
10.8327    8.07278
10.8327    8.05392
10.8327    8.03506
10.8327    8.03506
10.8327    8.0162
10.8327    7.99734
10.8327    7.97848
10.8327    7.95961
10.8327    7.95961
10.8327    7.94075
10.8327    7.92189
10.8327    7.92189
10.8327    7.90303
10.8327    7.90303
10.8327    7.88417
10.8327    7.88417
10.8533    7.86531
10.8533    7.86531
10.8533    7.86531
10.874    7.84644
10.874    7.84644
10.8946    7.84644
10.8946    7.82758
10.8946    7.82758
10.9152    7.80872
10.9152    7.78986
10.9359    7.78986
10.9359    7.771
10.9359    7.771
10.9359    7.75214
10.9359    7.73327
10.9359    7.71441
10.9359    7.69555
10.9359    7.67669
10.9359    7.65783
10.9359    7.62011
10.9359    7.60124
10.9359    7.58238
10.9152    7.56352
10.9152    7.54466
10.8946    7.50694
10.8946    7.46921
10.8946    7.45035
10.8946    7.43149
10.8946    7.41263
10.874    7.3749
10.874    7.35604
10.874    7.33718
10.874    7.33718
10.874    7.31832
10.874    7.29946
10.874    7.29946
10.8946    7.2806
10.8946    7.2806
10.8946    7.2806
10.9152    7.2806
10.9152    7.2806
10.9152    7.2806
10.9359    7.2806
10.9359    7.2806
10.9565    7.2806
10.9565    7.2806
10.9565    7.2806
10.9771    7.2806
10.9771    7.2806
10.9978    7.29946
10.9978    7.29946
11.0184    7.29946
11.0184    7.29946
11.0184    7.29946
11.039    7.29946
11.039    7.29946
11.0597    7.29946
11.0597    7.29946
11.0597    7.2806
11.0803    7.2806
11.0803    7.26173
11.0803    7.24287
11.1009    7.24287
11.1009    7.22401
11.1009    7.20515
11.1009    7.18629
11.1009    7.18629
11.1009    7.16743
11.1216    7.14856
11.1216    7.1297
11.1216    7.11084
11.1216    7.09198
11.1216    7.09198
11.1422    7.07312
11.1422    7.05426
11.1628    7.05426
11.1628    7.05426
11.1628    7.05426
11.1628    7.03539
11.1835    7.03539
11.1835    7.03539
11.2041    7.03539
11.2041    7.03539
11.2041    7.03539
11.2247    7.05426
11.2247    7.05426
11.2454    7.05426
11.2454    7.07312
11.266    7.07312
11.2866    7.09198
11.2866    7.09198
11.3073    7.09198
11.3073    7.11084
11.3073    7.11084
11.3279    7.11084
11.3485    7.1297
11.3485    7.1297
11.3692    7.1297
11.3692    7.1297
11.3898    7.1297
11.3898    7.1297
11.4105    7.1297
11.4105    7.1297
11.4105    7.1297
11.4311    7.1297
11.4517    7.1297
11.4517    7.1297
11.4724    7.11084
11.4724    7.11084
11.493    7.09198
11.493    7.07312
11.5136    7.07312
11.5136    7.05426
11.5136    7.03539
11.5343    7.01653
11.5549    7.01653
11.5549    6.99767
11.5755    6.99767
11.5962    6.97881
11.6168    6.97881
11.6374    6.95995
11.6581    6.95995
11.6787    6.95995
11.6787    6.95995
11.72    6.95995
11.7406    6.97881
11.7612    6.97881
11.7819    6.97881
11.8025    6.97881
11.8438    6.99767
11.885    7.01653
11.9057    7.03539
11.9263    7.05426
11.9676    7.05426
12.0088    7.07312
12.0501    7.07312
12.0707    7.09198
12.0914    7.09198
12.112    7.09198
12.1739    7.09198
12.1945    7.07312
12.2152    7.07312
12.2564    7.07312
12.2771    7.05426
12.339    7.03539
12.3596    7.01653
12.3802    7.01653
12.4009    6.99767
12.4421    6.99767
12.4834    6.97881
12.5247    6.97881
12.5453    6.95995
12.5659    6.95995
12.6072    6.95995
12.6691    6.95995
12.6897    6.95995
12.731    6.95995
12.7516    6.95995
12.7929    6.95995
12.8548    6.95995
12.8961    6.95995
