6.56153    9.1479
6.56153    9.1479
6.58216    9.1479
6.60279    9.1479
6.60279    9.1479
6.62343    9.16676
6.64406    9.16676
6.68533    9.16676
6.70596    9.16676
6.7266    9.16676
6.76786    9.16676
6.7885    9.16676
6.8504    9.1479
6.87103    9.1479
6.9123    9.12904
6.93293    9.11018
6.9742    9.11018
7.0361    9.07245
7.07737    9.05359
7.098    9.03473
7.13927    9.01587
7.18054    8.99701
7.24244    8.95928
7.26307    8.95928
7.30434    8.94042
7.34561    8.94042
7.36624    8.92156
7.42814    8.9027
7.46941    8.9027
7.51068    8.9027
7.55194    8.88384
7.59321    8.88384
7.65511    8.86497
7.69638    8.86497
7.73765    8.86497
7.77892    8.86497
7.82018    8.86497
7.88208    8.84611
7.92335    8.82725
7.96462    8.82725
8.00589    8.82725
8.02652    8.80839
8.10905    8.78953
8.12969    8.77067
8.17096    8.77067
8.19159    8.7518
8.23286    8.7518
8.29476    8.73294
8.33603    8.73294
8.35666    8.73294
8.39793    8.73294
8.43919    8.71408
8.5011    8.69522
8.54236    8.69522
8.58363    8.67636
8.6249    8.67636
8.66617    8.67636
8.7487    8.6575
8.8106    8.6575
8.85187    8.6575
8.89314    8.6575
8.9344    8.63863
8.99631    8.61977
9.03757    8.61977
9.07884    8.60091
9.12011    8.60091
9.14074    8.58205
9.22328    8.56319
9.26454    8.54433
9.30581    8.52546
9.34708    8.52546
9.38835    8.5066
9.45025    8.48774
9.49151    8.48774
9.53278    8.46888
9.57405    8.46888
9.61532    8.46888
9.69785    8.45002
9.73912    8.43116
9.78039    8.41229
9.82165    8.41229
9.86292    8.41229
9.94546    8.39343
9.98672    8.37457
10.028    8.37457
10.0693    8.37457
10.1105    8.35571
10.1724    8.35571
10.2137    8.33685
10.255    8.31799
10.2962    8.31799
10.3375    8.29912
10.3994    8.28026
10.4407    8.2614
10.4613    8.24254
10.5026    8.22368
10.5438    8.20482
10.6057    8.16709
10.647    8.14823
10.6676    8.12937
10.7089    8.11051
10.7295    8.11051
10.7914    8.09165
10.8327    8.07278
10.874    8.05392
10.8946    8.05392
10.9359    8.03506
10.9978    8.0162
11.039    7.99734
11.0597    7.99734
11.1009    7.97848
11.1216    7.95961
11.1835    7.94075
11.2247    7.92189
11.2454    7.90303
11.266    7.88417
11.3073    7.88417
11.3485    7.84644
11.3692    7.82758
11.3898    7.80872
11.4105    7.78986
11.4105    7.771
11.4517    7.73327
11.4724    7.71441
11.493    7.69555
11.5136    7.67669
11.5343    7.67669
11.5549    7.63897
11.5755    7.63897
11.5962    7.62011
11.6168    7.60124
11.6374    7.60124
11.6787    7.58238
11.6993    7.58238
11.72    7.56352
11.7612    7.56352
11.7819    7.56352
11.8438    7.54466
11.8644    7.54466
11.9057    7.54466
11.9263    7.5258
11.9469    7.5258
12.0088    7.50694
12.0295    7.50694
12.0501    7.48807
12.0914    7.48807
12.112    7.48807
12.1533    7.46921
12.1739    7.46921
12.1945    7.45035
12.1945    7.45035
12.2152    7.43149
12.2358    7.41263
12.2564    7.41263
12.2771    7.41263
12.2977    7.41263
12.3183    7.41263
12.3596    7.39377
12.3802    7.39377
12.4009    7.39377
12.4421    7.39377
12.4628    7.39377
12.5247    7.39377
12.5659    7.39377
12.6072    7.39377
12.6278    7.39377
12.6691    7.39377
12.731    7.39377
12.7723    7.39377
12.8135    7.39377
12.8342    7.39377
12.8754    7.3749
12.9373    7.3749
12.958    7.3749
12.9992    7.3749
