6.49962    8.58205
6.49962    8.58205
6.49962    8.58205
6.49962    8.58205
6.49962    8.58205
6.49962    8.58205
6.49962    8.58205
6.49962    8.58205
6.49962    8.58205
6.52026    8.60091
6.52026    8.60091
6.52026    8.60091
6.54089    8.60091
6.54089    8.60091
6.54089    8.60091
6.54089    8.60091
6.56153    8.61977
6.58216    8.61977
6.60279    8.61977
6.60279    8.61977
6.62343    8.61977
6.64406    8.61977
6.66469    8.61977
6.68533    8.61977
6.70596    8.61977
6.7266    8.61977
6.74723    8.61977
6.7885    8.60091
6.80913    8.60091
6.82976    8.60091
6.8504    8.60091
6.87103    8.60091
6.93293    8.60091
6.95357    8.60091
6.99483    8.60091
7.01547    8.60091
7.05673    8.60091
7.098    8.61977
7.13927    8.61977
7.18054    8.63863
7.20117    8.63863
7.24244    8.6575
7.28371    8.67636
7.32497    8.67636
7.34561    8.67636
7.38687    8.69522
7.40751    8.69522
7.46941    8.69522
7.51068    8.69522
7.53131    8.69522
7.57258    8.69522
7.59321    8.69522
7.65511    8.69522
7.69638    8.69522
7.71701    8.69522
7.75828    8.69522
7.79955    8.69522
7.86145    8.69522
7.88208    8.69522
7.92335    8.69522
7.94398    8.69522
7.98525    8.69522
8.04715    8.69522
8.08842    8.69522
8.12969    8.71408
8.15032    8.71408
8.19159    8.71408
8.25349    8.73294
8.29476    8.73294
8.33603    8.73294
8.35666    8.73294
8.39793    8.73294
8.43919    8.7518
8.48046    8.7518
8.5011    8.7518
8.54236    8.7518
8.563    8.7518
8.6249    8.7518
8.64553    8.73294
8.6868    8.73294
8.70743    8.73294
8.7487    8.71408
8.8106    8.69522
8.83124    8.69522
8.85187    8.69522
8.89314    8.67636
8.91377    8.67636
8.97567    8.67636
8.99631    8.67636
9.01694    8.6575
9.05821    8.6575
9.07884    8.6575
9.12011    8.6575
9.14074    8.6575
9.16137    8.6575
9.20264    8.6575
9.22328    8.6575
9.28518    8.6575
9.30581    8.6575
9.32644    8.67636
9.36771    8.67636
9.38835    8.67636
9.42961    8.67636
9.47088    8.67636
9.49151    8.67636
9.51215    8.67636
9.53278    8.67636
9.57405    8.67636
9.59468    8.6575
9.61532    8.6575
9.63595    8.6575
9.65658    8.63863
9.69785    8.61977
9.71849    8.60091
9.73912    8.60091
9.75975    8.58205
9.78039    8.56319
9.82165    8.54433
9.84229    8.52546
9.86292    8.5066
9.88356    8.5066
9.90419    8.48774
9.94546    8.46888
9.96609    8.46888
9.98672    8.45002
10.0074    8.43116
10.028    8.43116
10.0693    8.41229
10.0899    8.39343
10.1312    8.39343
10.1518    8.39343
10.1724    8.39343
10.2137    8.37457
10.2343    8.35571
10.255    8.35571
10.2756    8.33685
10.2962    8.33685
10.3169    8.31799
10.3375    8.29912
10.3581    8.28026
10.3788    8.28026
10.3994    8.2614
10.42    8.22368
10.42    8.20482
10.4407    8.18595
10.4407    8.18595
10.4613    8.16709
10.4819    8.12937
10.4819    8.11051
10.5026    8.09165
10.5026    8.07278
10.5232    8.07278
10.5438    8.03506
10.5645    8.03506
10.5645    8.0162
10.5851    7.99734
10.6057    7.99734
10.6264    7.95961
10.6264    7.95961
10.647    7.94075
10.6676    7.94075
10.6883    7.92189
10.7089    7.90303
10.7295    7.90303
10.7502    7.90303
10.7502    7.88417
10.7708    7.88417
10.7914    7.86531
10.8121    7.86531
10.8121    7.86531
10.8327    7.84644
10.8327    7.84644
10.8533    7.82758
10.874    7.82758
10.874    7.80872
10.874    7.80872
10.8946    7.78986
10.8946    7.771
10.8946    7.771
10.9152    7.75214
10.9152    7.75214
10.9152    7.73327
10.9359    7.71441
10.9359    7.69555
10.9565    7.69555
10.9565    7.69555
10.9565    7.67669
10.9771    7.65783
10.9771    7.65783
10.9978    7.65783
10.9978    7.65783
11.0184    7.63897
11.039    7.63897
11.039    7.62011
11.0597    7.62011
11.0597    7.62011
11.0803    7.62011
11.1009    7.62011
11.1009    7.62011
11.1216    7.62011
11.1216    7.60124
11.1422    7.60124
11.1628    7.60124
11.1628    7.60124
11.1628    7.58238
11.1835    7.58238
11.1835    7.58238
11.2041    7.56352
11.2041    7.56352
11.2041    7.54466
11.2247    7.54466
11.2247    7.5258
11.2247    7.50694
11.2454    7.48807
11.2454    7.48807
11.2454    7.46921
11.266    7.46921
11.266    7.43149
11.266    7.43149
11.2866    7.41263
11.2866    7.41263
11.2866    7.39377
11.3073    7.3749
11.3073    7.3749
11.3279    7.3749
11.3279    7.35604
11.3279    7.35604
11.3485    7.33718
11.3485    7.33718
11.3485    7.33718
11.3692    7.33718
11.3692    7.33718
11.3898    7.31832
11.4105    7.31832
11.4105    7.31832
11.4311    7.31832
11.4311    7.31832
11.4517    7.31832
11.4724    7.31832
11.4724    7.31832
11.4724    7.31832
11.493    7.33718
11.5136    7.33718
11.5136    7.33718
11.5136    7.33718
11.5343    7.33718
11.5343    7.33718
11.5549    7.33718
11.5549    7.31832
11.5549    7.31832
11.5755    7.31832
11.5755    7.31832
11.5962    7.31832
11.5962    7.29946
11.5962    7.29946
11.5962    7.29946
11.6168    7.2806
11.6168    7.2806
11.6374    7.26173
11.6374    7.26173
11.6374    7.26173
11.6581    7.24287
11.6581    7.24287
11.6787    7.24287
11.6787    7.24287
11.6993    7.24287
11.6993    7.24287
11.72    7.24287
11.7406    7.24287
11.7406    7.24287
11.7612    7.24287
11.7819    7.24287
11.8025    7.24287
11.8231    7.24287
11.8438    7.24287
11.8644    7.26173
11.885    7.26173
11.9057    7.26173
11.9263    7.2806
11.9469    7.2806
11.9676    7.2806
11.9882    7.2806
12.0295    7.2806
12.0501    7.29946
12.0707    7.29946
12.0914    7.29946
12.112    7.29946
12.1533    7.29946
12.1739    7.29946
12.1945    7.29946
12.2152    7.29946
12.2358    7.2806
12.2771    7.2806
12.2977    7.2806
12.3183    7.2806
12.339    7.2806
12.3596    7.2806
12.4009    7.2806
12.4215    7.2806
12.4628    7.2806
12.4834    7.2806
12.504    7.2806
12.5453    7.29946
12.5659    7.29946
12.5866    7.29946
12.6278    7.29946
12.6485    7.29946
12.7104    7.29946
12.7516    7.2806
12.7723    7.2806
12.8135    7.2806
12.8342    7.2806
12.8961    7.26173
