6.99483    8.43116
6.99483    8.43116
6.99483    8.43116
6.99483    8.43116
6.99483    8.41229
6.99483    8.41229
6.99483    8.41229
6.99483    8.41229
7.01547    8.41229
7.01547    8.41229
7.01547    8.41229
7.0361    8.41229
7.05673    8.43116
7.05673    8.43116
7.07737    8.45002
7.07737    8.45002
7.098    8.46888
7.13927    8.48774
7.1599    8.48774
7.18054    8.5066
7.20117    8.5066
7.2218    8.52546
7.26307    8.52546
7.30434    8.52546
7.32497    8.52546
7.36624    8.52546
7.38687    8.52546
7.44878    8.5066
7.49004    8.5066
7.53131    8.5066
7.57258    8.48774
7.61385    8.48774
7.67575    8.46888
7.71701    8.46888
7.75828    8.46888
7.79955    8.46888
7.84082    8.46888
7.90272    8.46888
7.94398    8.46888
7.98525    8.46888
8.02652    8.46888
8.06779    8.46888
8.15032    8.46888
8.19159    8.46888
8.23286    8.46888
8.27412    8.46888
8.31539    8.46888
8.39793    8.46888
8.43919    8.46888
8.48046    8.46888
8.52173    8.45002
8.563    8.45002
8.6249    8.43116
8.66617    8.43116
8.70743    8.41229
8.7487    8.39343
8.78997    8.39343
8.8725    8.35571
8.91377    8.33685
8.9344    8.33685
8.97567    8.31799
9.01694    8.29912
9.07884    8.29912
9.12011    8.28026
9.14074    8.28026
9.18201    8.2614
9.20264    8.2614
9.26454    8.24254
9.30581    8.22368
9.34708    8.22368
9.38835    8.22368
9.42961    8.22368
9.49151    8.20482
9.53278    8.20482
9.57405    8.20482
9.61532    8.20482
9.63595    8.20482
9.69785    8.18595
9.73912    8.18595
9.75975    8.16709
9.80102    8.16709
9.82165    8.14823
9.88356    8.11051
9.90419    8.11051
9.94546    8.09165
9.96609    8.07278
10.0074    8.05392
10.0693    8.03506
10.1105    8.0162
10.1312    7.99734
10.1518    7.99734
10.1931    7.97848
10.2343    7.94075
10.255    7.92189
10.2756    7.90303
10.2962    7.88417
10.3169    7.84644
10.3581    7.78986
10.3788    7.75214
10.3994    7.73327
10.42    7.71441
10.4407    7.69555
10.5026    7.65783
10.5232    7.65783
10.5438    7.63897
10.5645    7.62011
10.5851    7.60124
10.6264    7.58238
10.6676    7.56352
10.6883    7.54466
10.7089    7.5258
10.7295    7.50694
10.7708    7.45035
10.7914    7.43149
10.8121    7.39377
10.8327    7.3749
10.8533    7.35604
10.8946    7.33718
10.9152    7.31832
10.9359    7.29946
10.9565    7.29946
10.9771    7.29946
11.0184    7.2806
11.039    7.2806
11.0597    7.2806
11.0597    7.2806
11.0803    7.2806
11.1216    7.2806
11.1216    7.26173
11.1422    7.26173
11.1628    7.26173
11.1835    7.26173
11.2041    7.24287
11.2247    7.22401
11.2454    7.20515
11.266    7.20515
11.2866    7.18629
11.3073    7.16743
11.3279    7.16743
11.3485    7.16743
11.3692    7.16743
11.3898    7.14856
11.4105    7.14856
11.4311    7.14856
11.4517    7.14856
11.4724    7.14856
11.493    7.14856
11.5343    7.16743
11.5549    7.16743
11.5755    7.16743
11.5755    7.16743
11.5962    7.16743
11.6168    7.14856
11.6374    7.14856
11.6581    7.14856
11.6787    7.14856
11.6787    7.14856
11.72    7.1297
11.72    7.11084
11.7406    7.11084
11.7612    7.09198
11.7612    7.09198
11.8025    7.07312
11.8231    7.07312
11.8438    7.07312
11.8644    7.07312
11.885    7.07312
11.9263    7.07312
11.9469    7.07312
11.9676    7.07312
11.9882    7.09198
12.0088    7.09198
12.0707    7.11084
12.0914    7.11084
12.112    7.11084
12.1326    7.1297
12.1533    7.1297
12.1945    7.1297
12.2152    7.1297
12.2564    7.1297
12.2771    7.1297
12.2977    7.1297
12.3596    7.1297
12.3802    7.1297
12.4215    7.1297
12.4421    7.1297
12.4834    7.1297
12.5453    7.11084
12.5866    7.11084
12.6072    7.11084
12.6485    7.11084
12.6691    7.11084
12.731    7.1297
12.7723    7.1297
12.7929    7.1297
12.8135    7.1297
12.8548    7.14856
12.8961    7.16743
