6.66469    3.97981
6.66469    3.97981
6.66469    3.97981
6.66469    3.97981
6.66469    3.97981
6.66469    3.97981
6.66469    3.97981
6.66469    3.97981
6.66469    3.97981
6.66469    3.97981
6.66469    3.97981
6.68533    3.99867
6.68533    3.99867
6.68533    3.99867
6.70596    3.99867
6.70596    3.99867
6.7266    3.99867
6.74723    3.99867
6.76786    3.99867
6.7885    3.99867
6.80913    3.99867
6.82976    3.99867
6.87103    3.97981
6.89166    3.97981
6.93293    3.97981
6.95357    3.97981
6.99483    3.99867
7.05673    4.01753
7.07737    4.03639
7.11864    4.03639
7.13927    4.05525
7.18054    4.07412
7.24244    4.09298
7.28371    4.11184
7.32497    4.1307
7.36624    4.1307
7.40751    4.14956
7.49004    4.16842
7.53131    4.16842
7.57258    4.18729
7.59321    4.20615
7.63448    4.22501
7.69638    4.26273
7.71701    4.28159
7.73765    4.30046
7.77892    4.31932
7.79955    4.33818
7.84082    4.3759
7.86145    4.39476
7.88208    4.41363
7.90272    4.43249
7.92335    4.43249
7.96462    4.47021
8.00589    4.47021
8.02652    4.48907
8.04715    4.48907
8.06779    4.50793
8.10905    4.54566
8.12969    4.54566
8.15032    4.56452
8.15032    4.58338
8.17096    4.60224
8.21222    4.6211
8.21222    4.63996
8.23286    4.65883
8.25349    4.67769
8.25349    4.67769
8.29476    4.69655
8.29476    4.71541
8.31539    4.71541
8.33603    4.71541
8.35666    4.71541
8.37729    4.73427
8.39793    4.73427
8.41856    4.73427
8.41856    4.75313
8.43919    4.75313
8.48046    4.772
8.48046    4.79086
8.5011    4.80972
8.52173    4.82858
8.54236    4.82858
8.563    4.8663
8.58363    4.90403
8.60426    4.92289
8.60426    4.96061
8.6249    4.97947
8.64553    5.03606
8.66617    5.05492
8.6868    5.07378
8.70743    5.09264
8.72807    5.11151
8.7487    5.13037
8.76933    5.14923
8.78997    5.16809
8.8106    5.16809
8.83124    5.18695
8.85187    5.20581
8.8725    5.22468
8.89314    5.22468
8.91377    5.22468
8.9344    5.24354
8.99631    5.2624
9.01694    5.2624
9.03757    5.2624
9.05821    5.28126
9.07884    5.30012
9.09947    5.31898
9.12011    5.33785
9.12011    5.33785
9.14074    5.35671
9.14074    5.37557
9.16137    5.39443
9.18201    5.41329
9.20264    5.43215
9.20264    5.43215
9.22328    5.45102
9.24391    5.48874
9.26454    5.5076
9.26454    5.52646
9.28518    5.54532
9.30581    5.56419
9.32644    5.58305
9.32644    5.60191
9.34708    5.62077
9.34708    5.63963
9.36771    5.63963
9.38835    5.65849
9.38835    5.67736
9.40898    5.67736
9.42961    5.67736
9.42961    5.69622
9.45025    5.69622
9.47088    5.69622
9.49151    5.69622
9.49151    5.69622
9.51215    5.69622
9.53278    5.69622
9.55342    5.69622
9.57405    5.69622
9.59468    5.69622
9.61532    5.67736
9.63595    5.67736
9.65658    5.67736
9.67722    5.67736
9.69785    5.67736
9.71849    5.67736
9.75975    5.67736
9.78039    5.67736
9.80102    5.67736
9.80102    5.67736
9.82165    5.67736
9.86292    5.67736
9.88356    5.67736
9.90419    5.69622
9.92482    5.69622
9.94546    5.69622
9.98672    5.69622
10.0074    5.71508
10.028    5.71508
10.0486    5.73394
10.0693    5.73394
10.0899    5.7528
10.1105    5.7528
10.1312    5.77166
10.1518    5.77166
10.1518    5.77166
10.1931    5.79053
10.2137    5.79053
10.2343    5.79053
10.2343    5.79053
10.255    5.79053
10.2756    5.79053
10.2962    5.79053
10.3169    5.79053
10.3375    5.79053
10.3375    5.79053
10.3788    5.79053
10.3788    5.79053
10.3994    5.79053
10.42    5.79053
10.42    5.79053
10.4613    5.77166
10.4819    5.77166
10.4819    5.77166
10.5026    5.77166
10.5026    5.77166
10.5232    5.79053
10.5438    5.79053
10.5438    5.79053
10.5438    5.80939
10.5645    5.80939
10.5645    5.82825
10.5851    5.84711
10.5851    5.86597
10.5851    5.86597
10.5851    5.88483
10.6057    5.92256
10.6057    5.94142
10.6057    5.96028
10.6057    5.96028
10.6057    5.97914
10.6264    5.998
10.6264    6.01687
10.6264    6.03573
10.6264    6.03573
10.6264    6.05459
10.647    6.05459
10.647    6.07345
10.647    6.07345
10.6676    6.07345
10.6676    6.09231
10.6883    6.09231
10.6883    6.11117
10.7089    6.11117
10.7089    6.11117
10.7295    6.11117
10.7502    6.11117
10.7708    6.11117
10.7708    6.11117
10.7914    6.11117
10.8121    6.11117
10.8327    6.11117
10.8533    6.11117
10.8533    6.13004
10.874    6.13004
10.874    6.13004
10.8946    6.13004
10.9152    6.13004
10.9152    6.13004
10.9152    6.13004
10.9359    6.13004
10.9359    6.1489
10.9359    6.1489
10.9565    6.1489
10.9565    6.16776
10.9565    6.16776
10.9771    6.18662
10.9771    6.18662
10.9771    6.20548
10.9771    6.20548
10.9771    6.22434
10.9978    6.22434
10.9978    6.2432
10.9978    6.2432
10.9978    6.26207
10.9978    6.26207
10.9978    6.28093
10.9978    6.28093
10.9978    6.29979
10.9978    6.29979
10.9978    6.31865
10.9978    6.31865
10.9978    6.33751
10.9978    6.33751
10.9978    6.33751
10.9978    6.33751
11.0184    6.33751
11.0184    6.33751
11.0184    6.33751
11.0184    6.33751
11.039    6.33751
11.039    6.33751
11.0597    6.33751
11.0597    6.31865
11.0597    6.31865
11.0597    6.29979
11.0803    6.28093
11.0803    6.28093
11.1009    6.28093
11.1009    6.26207
11.1009    6.26207
11.1216    6.2432
11.1216    6.2432
11.1216    6.2432
11.1422    6.2432
11.1422    6.22434
11.1628    6.22434
11.1628    6.22434
11.1628    6.22434
11.1835    6.22434
11.1835    6.22434
11.2041    6.22434
11.2041    6.2432
11.2247    6.2432
11.2247    6.2432
11.2454    6.26207
11.2454    6.26207
11.266    6.28093
11.266    6.29979
11.266    6.29979
11.266    6.31865
11.2866    6.33751
11.2866    6.35637
11.2866    6.37524
11.3073    6.3941
11.3073    6.3941
11.3073    6.41296
11.3279    6.43182
11.3279    6.43182
11.3485    6.45068
11.3485    6.45068
11.3692    6.45068
11.3692    6.45068
11.3692    6.45068
11.3898    6.45068
11.3898    6.45068
11.4105    6.45068
11.4311    6.45068
11.4517    6.45068
11.4724    6.43182
11.4724    6.43182
11.5136    6.41296
11.5343    6.3941
11.5343    6.3941
11.5549    6.3941
11.5755    6.37524
11.6168    6.35637
11.6374    6.35637
11.6374    6.35637
11.6581    6.35637
11.6787    6.35637
11.6993    6.35637
11.72    6.35637
11.72    6.35637
11.7406    6.37524
11.7406    6.37524
11.7612    6.3941
11.7819    6.41296
11.8025    6.43182
11.8025    6.45068
11.8231    6.46954
11.8438    6.48841
11.8644    6.50727
11.8644    6.52613
11.885    6.54499
11.885    6.54499
11.9057    6.56385
11.9263    6.58271
11.9469    6.58271
11.9469    6.60158
11.9676    6.60158
11.9882    6.60158
12.0088    6.60158
12.0295    6.60158
12.0501    6.62044
12.0707    6.62044
12.112    6.60158
12.1326    6.60158
12.1533    6.60158
12.1739    6.60158
12.1945    6.60158
12.2358    6.58271
12.2564    6.58271
12.2771    6.58271
12.2977    6.56385
12.3183    6.56385
12.339    6.56385
12.3596    6.56385
12.3802    6.56385
12.4009    6.56385
12.4215    6.56385
12.4628    6.58271
12.4834    6.58271
12.504    6.60158
12.5247    6.60158
12.5659    6.62044
12.6072    6.6393
12.6278    6.6393
12.6485    6.6393
12.6691    6.65816
12.6897    6.65816
12.731    6.65816
12.7516    6.65816
12.7723    6.6393
12.7929    6.6393
12.8135    6.62044
12.8548    6.60158
12.8754    6.58271
12.8961    6.58271
12.9167    6.56385
12.9373    6.54499
12.9786    6.52613
12.9786    6.50727
12.9992    6.50727
13.0199    6.48841
13.0405    6.48841
