7.2218    4.30046
7.2218    4.31932
7.26307    4.35704
7.28371    4.35704
7.30434    4.3759
7.34561    4.35704
7.38687    4.3759
7.46941    4.35704
7.51068    4.3759
7.55194    4.35704
7.61385    4.3759
7.67575    4.35704
7.77892    4.39476
7.84082    4.41363
7.88208    4.41363
7.94398    4.45135
7.98525    4.48907
8.08842    4.5268
8.15032    4.54566
8.21222    4.58338
8.29476    4.60224
8.35666    4.60224
8.5011    4.6211
8.58363    4.65883
8.66617    4.65883
8.72807    4.67769
8.8106    4.67769
8.9344    4.69655
9.01694    4.71541
9.09947    4.71541
9.16137    4.73427
9.22328    4.75313
9.34708    4.772
9.42961    4.80972
9.49151    4.82858
9.55342    4.82858
9.59468    4.84744
9.69785    4.90403
9.75975    4.90403
9.80102    4.92289
9.84229    4.96061
9.90419    4.99834
9.98672    5.03606
10.028    5.05492
10.0693    5.05492
10.1105    5.07378
10.1518    5.09264
10.2137    5.09264
10.255    5.09264
10.2756    5.09264
10.3169    5.09264
10.3375    5.11151
10.3788    5.13037
10.3994    5.13037
10.42    5.13037
10.4407    5.14923
10.4613    5.16809
10.4819    5.16809
10.5026    5.16809
10.5026    5.18695
10.5232    5.20581
10.5438    5.18695
10.5645    5.22468
10.5851    5.22468
10.6057    5.22468
10.6264    5.22468
10.647    5.22468
10.6883    5.22468
10.7089    5.22468
10.7295    5.24354
10.7502    5.22468
10.7708    5.24354
10.8121    5.24354
10.8327    5.24354
10.8533    5.2624
10.874    5.28126
10.8946    5.28126
10.9359    5.30012
10.9565    5.33785
10.9771    5.35671
10.9978    5.35671
11.0184    5.37557
11.039    5.43215
11.0597    5.45102
11.0597    5.48874
11.0803    5.5076
11.1009    5.52646
11.1216    5.58305
11.1422    5.60191
11.1628    5.63963
11.1835    5.67736
11.2041    5.69622
11.2454    5.73394
11.266    5.77166
11.2866    5.79053
11.3279    5.82825
11.3485    5.84711
11.4105    5.88483
11.4517    5.9037
11.4724    5.94142
11.5136    5.96028
11.5549    5.97914
11.6168    6.03573
11.6374    6.05459
11.6787    6.09231
11.6993    6.11117
11.7406    6.13004
11.7819    6.18662
11.8025    6.20548
11.8231    6.22434
11.8438    6.22434
11.8644    6.2432
11.8644    6.28093
11.885    6.29979
11.885    6.29979
11.885    6.31865
11.9057    6.35637
11.9057    6.3941
11.9263    6.41296
11.9469    6.41296
11.9676    6.43182
11.9882    6.46954
12.0295    6.48841
12.0501    6.48841
12.0707    6.50727
12.0914    6.52613
12.112    6.52613
12.1533    6.54499
12.1739    6.56385
12.1945    6.56385
12.2152    6.56385
12.2358    6.58271
12.2771    6.62044
12.2977    6.62044
12.2977    6.62044
12.3183    6.6393
12.339    6.62044
12.3596    6.65816
12.3802    6.65816
12.4009    6.65816
12.4215    6.67702
12.4215    6.65816
12.4421    6.69588
12.4628    6.71475
12.4834    6.69588
12.504    6.73361
12.5247    6.73361
12.5659    6.75247
12.5866    6.73361
12.6072    6.77133
12.6278    6.77133
12.6485    6.77133
12.6897    6.77133
12.7104    6.77133
12.731    6.77133
12.7516    6.77133
12.7929    6.77133
12.8342    6.75247
12.8548    6.73361
12.8961    6.75247
