7.0361    4.73427
7.0361    4.73427
7.05673    4.75313
7.05673    4.73427
7.05673    4.772
7.07737    4.79086
7.07737    4.79086
7.11864    4.80972
7.13927    4.84744
7.18054    4.8663
7.2218    4.8663
7.26307    4.8663
7.34561    4.8663
7.38687    4.8663
7.42814    4.84744
7.49004    4.8663
7.53131    4.8663
7.61385    4.88517
7.65511    4.90403
7.69638    4.90403
7.73765    4.92289
7.77892    4.94175
7.86145    4.94175
7.90272    4.94175
7.96462    4.94175
8.00589    4.94175
8.04715    4.94175
8.15032    4.97947
8.21222    5.0172
8.27412    5.03606
8.33603    5.05492
8.37729    5.05492
8.48046    5.05492
8.54236    5.05492
8.60426    5.05492
8.66617    5.05492
8.70743    5.03606
8.8106    5.03606
8.8725    5.03606
8.91377    5.0172
8.97567    4.99834
9.01694    5.0172
9.09947    5.0172
9.16137    5.03606
9.20264    5.05492
9.24391    5.05492
9.28518    5.07378
9.36771    5.09264
9.42961    5.09264
9.47088    5.09264
9.51215    5.09264
9.55342    5.11151
9.63595    5.13037
9.69785    5.13037
9.73912    5.13037
9.78039    5.13037
9.80102    5.13037
9.88356    5.13037
9.90419    5.14923
9.94546    5.16809
9.96609    5.16809
9.98672    5.16809
10.028    5.20581
10.0693    5.20581
10.0899    5.22468
10.1105    5.2624
10.1312    5.2624
10.1518    5.30012
10.1724    5.31898
10.1931    5.31898
10.2137    5.31898
10.2343    5.33785
10.2756    5.35671
10.2962    5.35671
10.3169    5.35671
10.3375    5.35671
10.3581    5.35671
10.3994    5.33785
10.42    5.35671
10.4407    5.31898
10.4613    5.31898
10.4819    5.31898
10.5232    5.31898
10.5438    5.31898
10.5645    5.33785
10.5851    5.35671
10.6057    5.33785
10.647    5.37557
10.6676    5.39443
10.6883    5.37557
10.7089    5.41329
10.7295    5.43215
10.7502    5.45102
10.7708    5.46988
10.7914    5.46988
10.8121    5.48874
10.8327    5.5076
10.874    5.52646
10.8946    5.54532
10.9359    5.54532
10.9565    5.56419
10.9771    5.58305
11.0184    5.58305
11.039    5.60191
11.0803    5.62077
11.1009    5.60191
11.1216    5.62077
11.1628    5.62077
11.1835    5.63963
11.2041    5.65849
11.2247    5.63963
11.2247    5.65849
11.266    5.65849
11.266    5.67736
11.2866    5.69622
11.2866    5.69622
11.3073    5.69622
11.3279    5.71508
11.3279    5.73394
11.3279    5.71508
11.3485    5.73394
11.3485    5.73394
11.3485    5.7528
11.3485    5.79053
11.3485    5.80939
11.3485    5.79053
11.3692    5.82825
11.3898    5.84711
11.3898    5.82825
11.3898    5.84711
11.4105    5.84711
11.4105    5.86597
11.4517    5.88483
11.4724    5.88483
11.4724    5.88483
11.493    5.9037
11.5136    5.92256
11.5343    5.92256
11.5549    5.92256
11.5755    5.94142
11.5962    5.96028
11.5962    5.96028
11.6168    5.96028
11.6168    5.97914
11.6168    5.998
11.6168    5.998
11.6168    5.998
11.6168    6.01687
11.5962    6.03573
11.5962    6.03573
11.5962    6.05459
11.5962    6.07345
11.5962    6.07345
11.5962    6.09231
11.6168    6.11117
11.6168    6.11117
11.6374    6.11117
11.6581    6.13004
11.6787    6.1489
11.6993    6.13004
11.72    6.1489
11.72    6.1489
11.7406    6.16776
11.7612    6.18662
11.7819    6.16776
11.8025    6.18662
11.8025    6.18662
11.8231    6.20548
11.8438    6.22434
11.8438    6.22434
11.8438    6.2432
11.8644    6.26207
11.8644    6.26207
11.8644    6.28093
11.8644    6.29979
11.8644    6.29979
11.8644    6.31865
11.885    6.35637
11.885    6.37524
11.9057    6.37524
11.9057    6.37524
11.9263    6.37524
11.9469    6.37524
11.9469    6.37524
11.9676    6.37524
11.9676    6.37524
11.9882    6.37524
12.0088    6.3941
12.0088    6.43182
12.0295    6.43182
12.0501    6.45068
12.0501    6.43182
12.0707    6.46954
12.0914    6.48841
12.112    6.48841
12.1326    6.50727
12.1533    6.54499
12.1945    6.56385
12.2152    6.56385
12.2358    6.58271
12.2564    6.60158
12.2771    6.60158
12.2977    6.60158
12.2977    6.60158
12.3183    6.62044
12.339    6.6393
12.339    6.62044
12.3802    6.6393
12.4009    6.62044
12.4009    6.6393
12.4215    6.62044
12.4421    6.6393
12.4834    6.62044
12.504    6.6393
12.5453    6.62044
12.5659    6.62044
12.5866    6.62044
12.6278    6.62044
12.6691    6.62044
12.6897    6.60158
12.7104    6.58271
12.731    6.60158
12.7929    6.58271
12.8135    6.58271
12.8342    6.58271
