7.77892    4.75313
7.79955    4.772
7.82018    4.80972
7.86145    4.82858
7.88208    4.82858
7.88208    4.84744
7.90272    4.8663
7.96462    4.88517
7.96462    4.90403
8.00589    4.90403
8.02652    4.92289
8.06779    4.94175
8.12969    4.94175
8.15032    4.96061
8.19159    4.97947
8.23286    4.97947
8.27412    4.97947
8.35666    4.97947
8.39793    4.97947
8.43919    4.99834
8.48046    5.0172
8.52173    4.99834
8.60426    5.0172
8.66617    5.0172
8.6868    5.0172
8.7487    5.03606
8.76933    5.07378
8.85187    5.09264
8.91377    5.09264
8.9344    5.11151
8.97567    5.13037
9.01694    5.13037
9.09947    5.16809
9.14074    5.18695
9.18201    5.24354
9.22328    5.24354
9.26454    5.2624
9.34708    5.31898
9.38835    5.31898
9.42961    5.33785
9.47088    5.35671
9.49151    5.35671
9.55342    5.39443
9.61532    5.39443
9.63595    5.41329
9.67722    5.45102
9.71849    5.45102
9.80102    5.46988
9.84229    5.46988
9.86292    5.46988
9.88356    5.48874
9.94546    5.5076
9.98672    5.52646
10.0074    5.56419
10.0486    5.56419
10.0899    5.58305
10.1312    5.60191
10.1931    5.63963
10.2137    5.65849
10.255    5.65849
10.2962    5.67736
10.3375    5.71508
10.3994    5.77166
10.42    5.79053
10.4613    5.82825
10.5026    5.84711
10.5438    5.84711
10.6057    5.88483
10.6264    5.9037
10.6676    5.94142
10.7089    5.96028
10.7502    5.96028
10.8121    5.998
10.8327    6.01687
10.8946    6.05459
10.9152    6.07345
10.9565    6.07345
11.039    6.11117
11.0803    6.13004
11.1009    6.1489
11.1216    6.16776
11.1628    6.20548
11.2247    6.2432
11.2454    6.26207
11.2866    6.26207
11.3279    6.28093
11.3485    6.31865
11.3898    6.35637
11.4311    6.37524
11.4517    6.3941
11.493    6.43182
11.5343    6.45068
11.5962    6.48841
11.6168    6.50727
11.6581    6.54499
11.6993    6.56385
11.7406    6.56385
11.8025    6.58271
11.8231    6.62044
11.885    6.6393
11.9057    6.62044
11.9469    6.65816
12.0295    6.65816
12.0707    6.67702
12.112    6.65816
12.1533    6.67702
12.1945    6.65816
12.2564    6.69588
12.2771    6.69588
12.339    6.69588
12.3596    6.71475
12.4009    6.69588
12.4834    6.71475
12.504    6.71475
12.5247    6.71475
12.5866    6.71475
12.6072    6.71475
12.6897    6.71475
12.731    6.69588
12.7723    6.71475
12.8135    6.71475
12.8548    6.71475
12.9167    6.71475
