7.59321    5.2624
7.59321    5.2624
7.61385    5.2624
7.63448    5.2624
7.63448    5.2624
7.65511    5.2624
7.67575    5.2624
7.69638    5.28126
7.71701    5.28126
7.73765    5.30012
7.75828    5.30012
7.77892    5.31898
7.82018    5.33785
7.84082    5.35671
7.86145    5.35671
7.88208    5.39443
7.90272    5.39443
7.94398    5.43215
7.96462    5.45102
8.00589    5.46988
8.02652    5.46988
8.04715    5.48874
8.08842    5.5076
8.12969    5.5076
8.15032    5.52646
8.19159    5.52646
8.21222    5.52646
8.27412    5.52646
8.29476    5.52646
8.33603    5.52646
8.37729    5.5076
8.39793    5.5076
8.48046    5.48874
8.52173    5.48874
8.563    5.48874
8.58363    5.48874
8.6249    5.48874
8.6868    5.48874
8.72807    5.48874
8.76933    5.48874
8.78997    5.48874
8.83124    5.48874
8.89314    5.48874
8.9344    5.5076
8.95504    5.5076
8.99631    5.52646
9.03757    5.52646
9.09947    5.54532
9.14074    5.54532
9.18201    5.56419
9.20264    5.56419
9.24391    5.56419
9.30581    5.58305
9.34708    5.58305
9.36771    5.58305
9.40898    5.58305
9.45025    5.60191
9.51215    5.60191
9.53278    5.60191
9.57405    5.60191
9.59468    5.60191
9.63595    5.60191
9.69785    5.60191
9.71849    5.60191
9.75975    5.60191
9.80102    5.62077
9.82165    5.62077
9.88356    5.63963
9.90419    5.65849
9.92482    5.65849
9.96609    5.67736
9.98672    5.67736
10.0486    5.71508
10.0693    5.73394
10.0899    5.7528
10.1105    5.77166
10.1518    5.79053
10.1931    5.82825
10.2137    5.84711
10.2343    5.86597
10.2756    5.88483
10.2962    5.9037
10.3375    5.92256
10.3581    5.94142
10.3788    5.96028
10.42    5.96028
10.4407    5.97914
10.4819    5.998
10.5232    5.998
10.5438    5.998
10.5645    6.01687
10.6057    6.01687
10.6676    6.03573
10.6883    6.03573
10.7089    6.05459
10.7502    6.05459
10.7708    6.07345
10.8327    6.09231
10.8533    6.11117
10.874    6.13004
10.8946    6.1489
10.9359    6.16776
10.9771    6.18662
10.9978    6.20548
11.0184    6.22434
11.039    6.2432
11.0597    6.26207
11.0803    6.29979
11.1009    6.31865
11.1216    6.33751
11.1422    6.35637
11.1628    6.35637
11.2041    6.3941
11.2247    6.41296
11.2454    6.43182
11.266    6.43182
11.2866    6.45068
11.3279    6.46954
11.3485    6.48841
11.3692    6.50727
11.3898    6.50727
11.4105    6.52613
11.4311    6.56385
11.4517    6.58271
11.4724    6.60158
11.4724    6.62044
11.493    6.6393
11.5136    6.65816
11.5343    6.67702
11.5549    6.69588
11.5549    6.71475
11.5755    6.73361
11.6168    6.75247
11.6374    6.77133
11.6374    6.77133
11.6581    6.79019
11.6787    6.79019
11.72    6.80905
11.7406    6.80905
11.7612    6.80905
11.7819    6.80905
11.8025    6.80905
11.8438    6.80905
11.8644    6.80905
11.885    6.80905
11.9057    6.80905
11.9263    6.80905
11.9676    6.80905
11.9882    6.80905
12.0088    6.80905
12.0295    6.80905
12.0501    6.80905
12.0914    6.80905
12.112    6.82792
12.1326    6.82792
12.1533    6.82792
12.1739    6.82792
12.2152    6.84678
12.2358    6.84678
12.2564    6.84678
12.2771    6.84678
12.2977    6.84678
12.339    6.84678
12.3802    6.82792
12.4009    6.82792
12.4215    6.82792
12.4421    6.80905
12.4834    6.80905
12.504    6.79019
12.5453    6.77133
12.5659    6.77133
12.5866    6.75247
12.6278    6.73361
12.6691    6.71475
12.6897    6.71475
12.7104    6.69588
12.7516    6.69588
12.7929    6.67702
12.8342    6.65816
12.8548    6.65816
12.8961    6.6393
12.9167    6.6393
12.9786    6.6393
