7.24244    5.62077
7.24244    5.62077
7.28371    5.62077
7.28371    5.63963
7.32497    5.63963
7.34561    5.65849
7.36624    5.67736
7.42814    5.71508
7.46941    5.71508
7.51068    5.7528
7.57258    5.7528
7.61385    5.79053
7.69638    5.80939
7.73765    5.80939
7.75828    5.80939
7.79955    5.82825
7.84082    5.82825
7.90272    5.82825
7.94398    5.82825
7.98525    5.82825
8.02652    5.82825
8.04715    5.80939
8.12969    5.80939
8.17096    5.80939
8.19159    5.80939
8.23286    5.80939
8.27412    5.80939
8.31539    5.82825
8.35666    5.84711
8.39793    5.84711
8.41856    5.84711
8.45983    5.86597
8.5011    5.88483
8.54236    5.9037
8.58363    5.9037
8.60426    5.92256
8.64553    5.92256
8.70743    5.96028
8.7487    5.96028
8.78997    5.97914
8.83124    5.97914
8.85187    5.998
8.9344    5.998
8.95504    5.998
8.99631    5.998
9.03757    5.998
9.05821    5.998
9.14074    5.998
9.18201    5.998
9.22328    5.97914
9.26454    5.97914
9.30581    5.97914
9.36771    5.97914
9.40898    5.97914
9.45025    5.97914
9.49151    5.998
9.53278    5.998
9.59468    6.01687
9.63595    6.03573
9.67722    6.03573
9.69785    6.05459
9.73912    6.07345
9.80102    6.09231
9.84229    6.11117
9.88356    6.13004
9.92482    6.13004
9.94546    6.1489
10.0074    6.18662
10.0486    6.20548
10.0693    6.20548
10.1105    6.20548
10.1518    6.22434
10.2137    6.22434
10.2343    6.2432
10.2756    6.2432
10.3169    6.2432
10.3375    6.26207
10.3994    6.28093
10.4407    6.28093
10.4819    6.28093
10.5232    6.29979
10.5645    6.29979
10.6264    6.31865
10.647    6.33751
10.6883    6.33751
10.7295    6.35637
10.7502    6.37524
10.8121    6.41296
10.8533    6.41296
10.874    6.43182
10.9152    6.45068
10.9359    6.46954
10.9978    6.50727
11.039    6.52613
11.0597    6.54499
11.1009    6.56385
11.1216    6.58271
11.1835    6.60158
11.2247    6.62044
11.2454    6.6393
11.266    6.65816
11.3073    6.65816
11.3692    6.67702
11.3898    6.69588
11.4105    6.69588
11.4517    6.71475
11.4724    6.71475
11.5343    6.73361
11.5755    6.75247
11.6168    6.75247
11.6374    6.75247
11.6787    6.77133
11.7406    6.79019
11.7612    6.79019
11.8025    6.80905
11.8231    6.80905
11.8644    6.82792
11.9263    6.84678
11.9676    6.84678
12.0088    6.86564
12.0295    6.86564
12.0707    6.8845
12.1326    6.8845
12.1739    6.90336
12.2152    6.90336
12.2358    6.90336
12.2771    6.90336
12.339    6.90336
12.3802    6.90336
12.4009    6.90336
12.4421    6.8845
12.4628    6.8845
12.5247    6.86564
12.5659    6.86564
12.5866    6.84678
12.6278    6.82792
12.6485    6.80905
12.731    6.79019
12.7516    6.77133
