6.41709    5.18695
6.41709    5.18695
6.41709    5.18695
6.41709    5.16809
6.41709    5.14923
6.41709    5.16809
6.41709    5.14923
6.43772    5.14923
6.43772    5.13037
6.43772    5.11151
6.43772    5.13037
6.43772    5.11151
6.45836    5.11151
6.45836    5.09264
6.47899    5.07378
6.47899    5.09264
6.49962    5.07378
6.52026    5.07378
6.54089    5.07378
6.56153    5.07378
6.58216    5.09264
6.62343    5.07378
6.66469    5.11151
6.70596    5.11151
6.74723    5.13037
6.7885    5.13037
6.80913    5.14923
6.89166    5.20581
6.93293    5.20581
6.9742    5.22468
7.01547    5.24354
7.0361    5.24354
7.11864    5.24354
7.1599    5.2624
7.20117    5.2624
7.2218    5.2624
7.26307    5.2624
7.36624    5.24354
7.40751    5.22468
7.44878    5.22468
7.49004    5.20581
7.53131    5.18695
7.61385    5.16809
7.65511    5.14923
7.69638    5.14923
7.73765    5.14923
7.75828    5.13037
7.84082    5.11151
7.88208    5.13037
7.92335    5.11151
7.94398    5.11151
7.98525    5.11151
8.06779    5.13037
8.10905    5.11151
8.15032    5.13037
8.19159    5.13037
8.25349    5.13037
8.33603    5.16809
8.37729    5.16809
8.41856    5.16809
8.45983    5.18695
8.5011    5.20581
8.563    5.18695
8.60426    5.20581
8.64553    5.18695
8.6868    5.20581
8.72807    5.18695
8.8106    5.18695
8.85187    5.18695
8.89314    5.16809
8.9344    5.14923
8.97567    5.14923
9.05821    5.13037
9.09947    5.11151
9.14074    5.13037
9.18201    5.11151
9.20264    5.13037
9.28518    5.11151
9.30581    5.13037
9.34708    5.11151
9.38835    5.13037
9.40898    5.13037
9.49151    5.13037
9.53278    5.14923
9.57405    5.16809
9.61532    5.16809
9.65658    5.18695
9.71849    5.20581
9.75975    5.20581
9.80102    5.22468
9.84229    5.2624
9.86292    5.2624
9.90419    5.30012
9.92482    5.30012
9.96609    5.31898
9.98672    5.31898
10.0074    5.31898
10.0486    5.33785
10.0899    5.35671
10.1105    5.33785
10.1312    5.35671
10.1724    5.35671
10.2137    5.35671
10.255    5.35671
10.2756    5.35671
10.2962    5.35671
10.3375    5.35671
10.3788    5.37557
10.42    5.39443
10.4407    5.39443
10.4613    5.39443
10.4819    5.41329
10.5232    5.46988
10.5438    5.46988
10.5438    5.48874
10.5645    5.52646
10.5851    5.54532
10.6057    5.56419
10.6264    5.60191
10.6264    5.62077
10.647    5.62077
10.6676    5.63963
10.6883    5.65849
10.7089    5.65849
10.7295    5.65849
10.7502    5.65849
10.7502    5.65849
10.7914    5.65849
10.8121    5.65849
10.8327    5.65849
10.8533    5.65849
10.874    5.65849
10.9152    5.63963
10.9359    5.65849
10.9359    5.63963
10.9565    5.65849
10.9771    5.65849
11.0184    5.65849
11.0184    5.65849
11.039    5.65849
11.0597    5.67736
11.0597    5.69622
11.0803    5.69622
11.1009    5.71508
11.1009    5.73394
11.1216    5.73394
11.1216    5.7528
11.1422    5.80939
11.1422    5.80939
11.1628    5.82825
11.1628    5.86597
11.1835    5.88483
11.2041    5.9037
11.2041    5.94142
11.2247    5.94142
11.2247    5.96028
11.2454    5.96028
11.2454    5.96028
11.266    5.96028
11.266    5.96028
11.266    5.96028
11.2866    5.94142
11.2866    5.94142
11.2866    5.94142
11.2866    5.92256
11.2866    5.88483
11.3073    5.86597
11.3073    5.84711
11.3279    5.80939
11.3485    5.79053
11.3692    5.79053
11.3692    5.77166
11.3898    5.73394
11.4105    5.71508
11.4311    5.73394
11.4311    5.71508
11.4517    5.73394
11.4517    5.73394
11.4724    5.7528
11.4724    5.77166
11.4724    5.77166
11.4724    5.79053
11.493    5.84711
11.493    5.84711
11.493    5.86597
11.493    5.88483
11.5136    5.88483
11.5136    5.92256
11.5136    5.92256
11.5343    5.94142
11.5343    5.96028
11.5343    5.96028
11.5549    5.96028
11.5755    5.96028
11.5755    5.96028
11.5962    5.96028
11.5962    5.96028
11.6168    5.94142
11.6374    5.94142
11.6581    5.94142
11.6787    5.94142
11.6787    5.94142
11.6993    5.94142
11.72    5.94142
11.72    5.96028
11.72    5.96028
11.72    5.96028
11.72    5.998
11.72    6.01687
11.72    6.03573
11.72    6.03573
11.6993    6.05459
11.6993    6.11117
11.6993    6.11117
11.6993    6.13004
11.6993    6.1489
11.6993    6.1489
11.6787    6.16776
11.6787    6.20548
11.6787    6.20548
11.6787    6.20548
11.6787    6.22434
11.6993    6.20548
11.6993    6.22434
11.72    6.20548
11.72    6.22434
11.72    6.20548
11.7406    6.22434
11.7612    6.20548
11.7612    6.22434
11.7612    6.20548
11.7819    6.22434
11.7819    6.22434
11.7819    6.22434
11.7819    6.22434
11.7819    6.2432
11.7819    6.26207
11.8025    6.28093
11.8025    6.31865
11.8025    6.31865
11.8025    6.33751
11.8231    6.31865
11.8438    6.35637
11.8438    6.35637
11.8644    6.35637
11.8644    6.35637
11.885    6.35637
11.9057    6.35637
11.9263    6.33751
11.9469    6.31865
11.9676    6.33751
11.9882    6.31865
12.0088    6.33751
12.0295    6.31865
12.0501    6.33751
12.0501    6.33751
12.0707    6.33751
12.0914    6.35637
12.0914    6.37524
12.0914    6.37524
12.0914    6.3941
12.112    6.41296
12.112    6.43182
12.112    6.46954
12.112    6.46954
12.112    6.48841
12.112    6.48841
12.112    6.48841
12.112    6.50727
12.112    6.52613
12.1326    6.50727
12.1326    6.52613
12.1326    6.52613
12.1533    6.52613
12.1533    6.52613
12.1533    6.52613
12.1739    6.52613
12.1945    6.52613
12.2152    6.52613
12.2152    6.50727
12.2358    6.52613
12.2358    6.50727
12.2771    6.50727
12.2977    6.50727
12.2977    6.50727
12.3183    6.50727
12.3183    6.50727
12.339    6.50727
12.3596    6.50727
12.3596    6.50727
12.3802    6.50727
12.3802    6.50727
12.4009    6.50727
12.4215    6.50727
12.4215    6.50727
12.4421    6.50727
12.4628    6.50727
12.4834    6.50727
12.504    6.50727
12.5247    6.48841
12.5453    6.46954
12.5659    6.48841
12.6072    6.46954
12.6485    6.48841
12.6691    6.46954
12.6897    6.48841
12.7104    6.46954
12.7723    6.48841
12.7929    6.46954
12.8135    6.48841
12.8342    6.46954
12.8548    6.46954
12.8961    6.46954
12.9373    6.46954
12.958    6.45068
12.9786    6.43182
