5.9144	8.9712
5.9186	8.9685
5.916	8.9734
5.9198	8.9673
5.9269	8.9704
5.9168	8.9711
5.9243	8.9662
5.9274	8.979
5.9226	8.9679
5.924	8.9681
5.936	8.9587
5.9364	8.9721
5.9514	8.9662
5.9571	8.9665
5.9668	8.9778
5.9702	8.9755
5.9796	8.9646
5.9801	8.9925
6.0067	8.991
6.0049	8.9962
6.0365	9.0123
6.0533	9.0097
6.0473	9.0123
6.0669	9.0085
6.1189	9.0238
6.1432	9.0216
6.1668	9.0299
6.196	9.0364
6.1989	9.0268
6.2383	9.0323
6.2897	9.0236
6.3171	9.0264
6.3519	9.0127
6.3832	9.0132
6.4002	9.0183
6.4276	9.0088
6.5028	9.0077
6.5199	8.9864
6.552	8.9842
6.6073	8.9805
6.6068	8.9753
6.6551	8.9648
6.7362	8.935
6.7932	8.9224
6.8365	8.9192
6.8899	8.9028
6.8811	8.9065
6.9258	8.8776
7.0238	8.8593
7.0906	8.8487
7.1376	8.8465
7.2131	8.8279
7.2071	8.8289
7.253	8.8164
7.3415	8.8145
7.3997	8.8115
7.4441	8.8101
7.4841	8.803
7.491	8.7937
7.5321	8.7846
7.6057	8.7808
7.6739	8.7858
7.7154	8.7722
7.7434	8.7587
7.7661	8.751
7.791	8.7297
7.8864	8.7283
7.9274	8.7169
7.9751	8.6905
8.0328	8.6936
8.028	8.6835
8.0764	8.6686
8.1783	8.6307
8.2177	8.6162
8.2613	8.6205
8.3037	8.5903
8.2988	8.586
8.3415	8.5804
8.4309	8.5879
8.4726	8.5676
8.5063	8.5847
8.5392	8.5766
8.536	8.5647
8.5858	8.5623
8.6527	8.5603
8.6872	8.558
8.7299	8.5561
8.7804	8.5539
8.7664	8.5548
8.8049	8.5596
8.8902	8.5499
8.9255	8.5523
8.9443	8.5498
8.997	8.5382
8.9895	8.5392
9.0151	8.5314
9.0715	8.5026
9.0919	8.5099
9.1344	8.4939
9.1465	8.4918
9.1561	8.486
9.191	8.4739
9.2372	8.4466
9.2742	8.4329
9.3089	8.4296
9.3205	8.3987
9.322	8.4018
9.3548	8.3942
9.4087	8.3662
9.4364	8.357
9.4635	8.3658
9.4875	8.3381
9.4889	8.3448
9.5069	8.339
9.5561	8.3151
9.5857	8.3105
9.6086	8.3046
9.6303	8.2981
9.6359	8.3034
9.647	8.297
9.7062	8.3121
9.7358	8.3065
9.751	8.3149
9.7788	8.3314
9.7898	8.317
9.8043	8.3234
9.8594	8.3512
9.901	8.3696
9.9139	8.3963
9.9448	8.3956
9.9384	8.3889
9.9621	8.4067
10.009	8.4283
10.0375	8.4333
10.0603	8.4512
10.0883	8.451
10.082	8.4511
10.0948	8.4534
10.1307	8.4791
10.1475	8.4678
10.1656	8.4799
10.1814	8.4796
10.1752	8.479
10.1982	8.4738
10.2273	8.4796
10.2524	8.462
10.2702	8.4654
10.2897	8.4601
10.2918	8.4562
10.3212	8.4584
10.3634	8.4565
10.3863	8.4572
10.4065	8.4604
10.4251	8.4497
10.4251	8.4557
10.4416	8.4508
10.4633	8.4628
10.4865	8.4618
10.5006	8.4697
10.5186	8.4807
10.5218	8.4831
10.5287	8.4985
10.5635	8.5128
10.5891	8.5153
10.6028	8.5317
10.6119	8.5307
10.6232	8.5272
10.6336	8.547
10.6877	8.5694
10.6904	8.5654
10.7137	8.5871
10.7487	8.5914
10.7466	8.5917
10.7624	8.6104
10.7999	8.63
10.8203	8.6281
10.8407	8.6232
10.8569	8.6159
10.8566	8.6214
10.8804	8.6076
10.9135	8.598
10.9506	8.5801
10.9459	8.5716
10.9576	8.5544
10.963	8.552
10.9904	8.5413
11.0008	8.5111
11.0226	8.5119
11.023	8.4831
11.0468	8.4604
11.0457	8.464
11.0677	8.4502
11.0919	8.4147
11.1158	8.4054
11.1247	8.3797
11.1461	8.3509
11.1356	8.3616
11.1434	8.3421
11.1705	8.3179
11.2047	8.3039
11.2168	8.2937
11.2338	8.2809
11.2304	8.2831
11.2414	8.2755
11.2845	8.248
11.3054	8.2381
11.3226	8.2427
11.3456	8.2308
11.3402	8.2175
11.358	8.2101
11.3943	8.196
11.408	8.1886
11.423	8.171
11.437	8.1734
11.4411	8.1641
11.4574	8.1575
11.475	8.1468
11.4879	8.1382
11.4932	8.1376
11.4993	8.1168
11.5083	8.1196
11.5146	8.0993
11.5235	8.0916
11.5295	8.0866
11.5439	8.081
11.5444	8.0606
11.5233	8.0612
11.5501	8.0644
11.5471	8.0471
11.547	8.0382
11.55	8.0305
11.5489	8.0225
11.5523	8.0207
11.549	8.0143
11.5388	8.0002
11.5353	8.0031
11.5315	7.9929
11.5184	7.9904
11.5076	7.9927
11.5033	7.9858
11.502	7.9872
11.4911	7.9701
11.4809	7.9603
11.4692	7.9566
11.4706	7.9625
11.4585	7.9499
11.4534	7.9194
11.4477	7.9113
11.4434	7.9036
11.4413	7.8892
11.4399	7.8867
11.442	7.8797
11.4483	7.8695
11.4419	7.8549
11.4439	7.8564
11.4457	7.8566
11.4547	7.8525
11.447	7.8491
11.4591	7.8498
11.464	7.8442
11.4746	7.8311
11.482	7.834
11.4741	7.8234
11.4995	7.8285
11.5333	7.8252
11.543	7.8288
11.5501	7.8219
11.5483	7.8152
11.5612	7.82
11.562	7.8272
11.5871	7.8128
11.582	7.8083
11.5959	7.7992
11.6036	7.8025
11.5969	7.7992
11.6027	7.7889
11.6029	7.7877
11.601	7.7801
11.6094	7.7747
11.5981	7.7625
11.5981	7.7715
11.6081	7.7653
11.6027	7.7504
11.6034	7.7464
11.5957	7.7325
11.6076	7.7208
11.5915	7.7221
11.6032	7.7181
11.5767	7.6923
11.5798	7.6756
11.564	7.6543
11.5638	7.638
11.5561	7.6521
11.5553	7.6285
11.5289	7.5877
11.5125	7.5637
11.5116	7.5311
11.4971	7.5357
11.4991	7.5272
11.4857	7.5045
11.4751	7.4714
11.4723	7.4556
11.4808	7.4457
11.4823	7.4327
11.4784	7.4252
11.4815	7.4146
11.4948	7.4131
11.5013	7.3954
11.5097	7.3827
11.5263	7.3902
11.5267	7.3753
11.5426	7.3762
11.5783	7.3634
11.5816	7.3549
11.6045	7.3704
11.6197	7.3548
11.6178	7.364
11.6466	7.3467
11.6876	7.343
11.6927	7.3478
11.7111	7.337
11.7172	7.3449
11.7196	7.3411
11.7434	7.3269
11.7792	7.3074
11.7979	7.3059
11.8073	7.295
11.831	7.2937
11.8266	7.2825
11.8504	7.2792
11.889	7.2621
11.9141	7.2485
11.9281	7.2368
11.9613	7.2408
11.9547	7.2398
11.9748	7.2156
12.0193	7.1899
12.0533	7.1865
12.0869	7.1779
12.1179	7.1638
12.1171	7.1696
12.1387	7.1546
12.201	7.1406
12.2375	7.1449
12.267	7.1508
12.3082	7.1445
12.2986	7.1585
12.3347	7.1621
12.3814	7.1703
12.4247	7.1935
12.4507	7.1971
12.4786	7.217
12.4797	7.2101
12.5184	7.2256
12.5838	7.2692
12.6247	7.289
12.6292	7.2937
12.6746	7.3041
12.6707	7.2989
12.707	7.3136
12.7621	7.3309
12.7905	7.3353
12.8225	7.3403
12.86	7.3576
