7.69638    4.56452
7.67575    4.56452
7.65511    4.58338
7.65511    4.60224
7.65511    4.60224
7.63448    4.60224
7.61385    4.60224
7.63448    4.6211
7.61385    4.63996
7.61385    4.6211
7.61385    4.63996
7.61385    4.6211
7.61385    4.63996
7.61385    4.6211
7.59321    4.6211
7.57258    4.6211
7.59321    4.6211
7.57258    4.6211
7.57258    4.6211
7.57258    4.6211
7.57258    4.6211
7.55194    4.6211
7.53131    4.6211
7.53131    4.6211
7.53131    4.6211
7.53131    4.6211
7.53131    4.6211
7.53131    4.6211
7.55194    4.60224
7.55194    4.58338
7.57258    4.60224
7.61385    4.58338
7.63448    4.58338
7.67575    4.58338
7.69638    4.56452
7.75828    4.54566
7.75828    4.54566
7.79955    4.54566
7.86145    4.54566
7.92335    4.54566
7.94398    4.54566
7.98525    4.54566
8.00589    4.54566
8.04715    4.54566
8.08842    4.56452
8.10905    4.54566
8.17096    4.58338
8.19159    4.58338
8.27412    4.60224
8.31539    4.60224
8.33603    4.6211
8.35666    4.65883
8.41856    4.67769
8.48046    4.69655
8.52173    4.71541
8.563    4.71541
8.60426    4.73427
8.6249    4.75313
8.6868    4.75313
8.7487    4.772
8.76933    4.79086
8.8106    4.772
8.85187    4.79086
8.9344    4.79086
8.97567    4.79086
9.01694    4.79086
9.05821    4.80972
9.09947    4.82858
9.20264    4.82858
9.22328    4.82858
9.26454    4.82858
9.30581    4.84744
9.34708    4.88517
9.40898    4.90403
9.42961    4.90403
9.49151    4.92289
9.51215    4.94175
9.57405    4.94175
9.61532    4.97947
9.65658    4.99834
9.69785    5.03606
9.73912    5.05492
9.78039    5.07378
9.86292    5.13037
9.90419    5.14923
9.94546    5.18695
9.96609    5.20581
10.028    5.20581
10.0899    5.22468
10.1312    5.2624
10.1724    5.28126
10.2137    5.28126
10.255    5.28126
10.3375    5.30012
10.3788    5.33785
10.42    5.35671
10.4613    5.33785
10.5026    5.37557
10.5645    5.41329
10.5851    5.43215
10.6264    5.43215
10.647    5.45102
10.6676    5.46988
10.7295    5.5076
10.7295    5.52646
10.7708    5.56419
10.7914    5.58305
10.8327    5.58305
10.874    5.63963
10.8946    5.67736
10.9152    5.69622
10.9359    5.71508
10.9565    5.7528
11.0184    5.79053
11.0184    5.80939
11.039    5.80939
11.0803    5.82825
11.1009    5.86597
11.1216    5.88483
11.1628    5.88483
11.2041    5.88483
11.2247    5.9037
11.2247    5.92256
11.2866    5.92256
11.3279    5.94142
11.3485    5.96028
11.3485    5.96028
11.3692    5.96028
11.4105    5.97914
11.4311    5.998
11.4311    5.998
11.4517    6.01687
11.4724    6.03573
11.4724    6.05459
11.493    6.07345
11.5136    6.07345
11.493    6.09231
11.5136    6.11117
11.5136    6.13004
11.5136    6.16776
11.5136    6.18662
11.5343    6.18662
11.5343    6.20548
11.5549    6.2432
11.5343    6.2432
11.5549    6.26207
11.5343    6.26207
11.5549    6.26207
11.5755    6.28093
11.5962    6.29979
11.5962    6.29979
11.5962    6.29979
11.5962    6.31865
11.6168    6.35637
11.6787    6.35637
11.6581    6.37524
11.6993    6.35637
11.72    6.3941
11.7406    6.3941
11.7819    6.41296
11.8025    6.41296
11.8231    6.41296
11.8438    6.43182
11.8644    6.45068
11.885    6.45068
11.885    6.45068
11.885    6.46954
11.9057    6.48841
11.9469    6.50727
11.9676    6.50727
11.9469    6.52613
11.9676    6.52613
11.9469    6.54499
11.9882    6.58271
12.0088    6.62044
12.0088    6.6393
12.0088    6.62044
12.0295    6.65816
12.0501    6.67702
12.0501    6.67702
12.0501    6.67702
12.0707    6.67702
12.0914    6.69588
12.112    6.71475
12.112    6.71475
12.1326    6.71475
12.1326    6.71475
12.1326    6.73361
12.1533    6.75247
12.1739    6.73361
12.1945    6.75247
12.2152    6.73361
12.2152    6.75247
12.2358    6.75247
12.2771    6.75247
12.2977    6.75247
12.3183    6.75247
12.3596    6.75247
12.4009    6.75247
12.4421    6.75247
12.4628    6.75247
12.4628    6.75247
12.504    6.75247
12.5453    6.75247
12.5659    6.77133
12.6072    6.77133
12.6278    6.77133
12.6485    6.79019
12.7104    6.79019
12.7104    6.79019
12.7516    6.79019
