6.89166    6.71475
6.89166    6.71475
6.89166    6.71475
6.89166    6.71475
6.89166    6.71475
6.89166    6.69588
6.89166    6.69588
6.9123    6.69588
6.93293    6.69588
6.9123    6.69588
6.93293    6.67702
6.93293    6.67702
6.93293    6.67702
6.93293    6.67702
6.95357    6.65816
6.9742    6.65816
6.9742    6.65816
6.9742    6.65816
7.01547    6.6393
7.0361    6.6393
7.05673    6.6393
7.05673    6.6393
7.07737    6.6393
7.13927    6.62044
7.1599    6.62044
7.20117    6.62044
7.2218    6.60158
7.24244    6.60158
7.32497    6.58271
7.36624    6.58271
7.40751    6.58271
7.44878    6.58271
7.46941    6.58271
7.53131    6.56385
7.57258    6.54499
7.61385    6.54499
7.63448    6.52613
7.65511    6.50727
7.73765    6.48841
7.77892    6.46954
7.79955    6.46954
7.82018    6.45068
7.88208    6.43182
7.92335    6.41296
7.96462    6.3941
7.98525    6.37524
8.04715    6.35637
8.06779    6.33751
8.12969    6.31865
8.15032    6.31865
8.21222    6.29979
8.23286    6.29979
8.29476    6.28093
8.33603    6.26207
8.37729    6.26207
8.41856    6.2432
8.45983    6.2432
8.5011    6.22434
8.58363    6.22434
8.6249    6.22434
8.66617    6.20548
8.6868    6.20548
8.7487    6.20548
8.8106    6.20548
8.85187    6.20548
8.89314    6.18662
8.9344    6.18662
8.97567    6.18662
9.05821    6.18662
9.09947    6.16776
9.12011    6.16776
9.14074    6.16776
9.18201    6.16776
9.24391    6.16776
9.26454    6.16776
9.30581    6.16776
9.34708    6.16776
9.36771    6.16776
9.40898    6.16776
9.45025    6.16776
9.47088    6.16776
9.53278    6.16776
9.53278    6.18662
9.59468    6.18662
9.63595    6.18662
9.67722    6.18662
9.69785    6.18662
9.71849    6.18662
9.80102    6.20548
9.82165    6.20548
9.84229    6.20548
9.88356    6.20548
9.90419    6.20548
9.94546    6.20548
9.98672    6.20548
10.0074    6.22434
10.0486    6.22434
10.0693    6.22434
10.0899    6.2432
10.1312    6.26207
10.1724    6.26207
10.1931    6.28093
10.1931    6.29979
10.2343    6.31865
10.255    6.33751
10.2962    6.35637
10.3169    6.35637
10.3169    6.37524
10.3581    6.41296
10.3788    6.41296
10.42    6.43182
10.4407    6.43182
10.4613    6.45068
10.5232    6.46954
10.5232    6.46954
10.5438    6.46954
10.5851    6.48841
10.6057    6.48841
10.6264    6.50727
10.6676    6.52613
10.6883    6.52613
10.6883    6.54499
10.7089    6.54499
10.7502    6.56385
10.7708    6.58271
10.7708    6.58271
10.7914    6.60158
10.8121    6.60158
10.8327    6.62044
10.874    6.6393
10.8946    6.6393
10.874    6.65816
10.9152    6.65816
10.9565    6.67702
10.9565    6.67702
10.9771    6.67702
10.9771    6.69588
10.9771    6.69588
11.0184    6.69588
11.0184    6.69588
11.039    6.69588
11.0803    6.69588
11.0803    6.69588
11.1216    6.69588
11.1009    6.69588
11.1216    6.69588
11.1422    6.69588
11.1422    6.69588
11.1835    6.69588
11.1835    6.71475
11.2041    6.71475
11.2247    6.71475
11.2247    6.71475
11.266    6.73361
11.2866    6.73361
11.3073    6.73361
11.3073    6.75247
11.3279    6.75247
11.3692    6.75247
11.3898    6.77133
11.3898    6.77133
11.4105    6.77133
11.4311    6.77133
11.4517    6.77133
11.4724    6.77133
11.4724    6.77133
11.4724    6.77133
11.493    6.77133
11.5343    6.77133
11.5549    6.75247
11.5549    6.75247
11.5549    6.75247
11.5549    6.75247
11.5962    6.77133
11.6168    6.77133
11.6374    6.77133
11.6168    6.77133
11.6581    6.77133
11.6787    6.77133
11.6787    6.79019
11.6787    6.79019
11.6787    6.79019
11.6993    6.79019
11.7406    6.80905
11.7406    6.80905
11.7406    6.80905
11.7612    6.80905
11.7612    6.82792
11.7819    6.82792
11.7819    6.80905
11.8025    6.82792
11.8025    6.82792
11.8025    6.82792
11.8231    6.82792
11.8644    6.82792
11.885    6.82792
11.8644    6.82792
11.9057    6.82792
11.9263    6.82792
11.9263    6.82792
11.9469    6.84678
11.9676    6.84678
11.9882    6.84678
12.0088    6.86564
12.0295    6.86564
12.0501    6.86564
12.0501    6.86564
12.0707    6.8845
12.112    6.8845
12.1326    6.8845
12.1326    6.8845
12.1533    6.8845
12.1739    6.86564
12.2152    6.86564
12.2358    6.86564
12.2771    6.86564
12.2977    6.86564
12.2977    6.86564
12.339    6.84678
12.3802    6.86564
12.4009    6.84678
12.4628    6.86564
12.4628    6.86564
12.5247    6.86564
12.5866    6.8845
12.6072    6.90336
12.6485    6.90336
12.6691    6.90336
12.7104    6.92222
12.7516    6.92222
12.7929    6.92222
12.8342    6.94109
12.8548    6.94109
12.9373    6.95995
