5.83934    6.99767
5.83934    6.99767
5.83934    6.99767
5.83934    6.99767
5.85998    6.99767
5.83934    6.99767
5.83934    6.99767
5.85998    6.99767
5.83934    6.99767
5.85998    6.99767
5.83934    6.99767
5.85998    6.99767
5.85998    6.97881
5.85998    6.95995
5.85998    6.97881
5.85998    6.95995
5.88061    6.97881
5.90125    6.95995
5.90125    6.95995
5.90125    6.95995
5.90125    6.94109
5.92188    6.92222
5.94251    6.94109
5.94251    6.90336
5.96315    6.90336
5.98378    6.90336
5.98378    6.8845
6.00441    6.90336
6.04568    6.8845
6.06632    6.90336
6.06632    6.8845
6.08695    6.8845
6.12822    6.8845
6.16948    6.8845
6.19012    6.8845
6.21075    6.90336
6.25202    6.8845
6.27265    6.90336
6.31392    6.8845
6.33455    6.90336
6.37582    6.8845
6.39646    6.8845
6.39646    6.8845
6.43772    6.86564
6.45836    6.84678
6.49962    6.84678
6.52026    6.82792
6.52026    6.79019
6.56153    6.77133
6.60279    6.77133
6.62343    6.77133
6.66469    6.77133
6.70596    6.75247
6.76786    6.73361
6.7885    6.75247
6.82976    6.73361
6.87103    6.73361
6.9123    6.73361
6.9742    6.75247
6.99483    6.73361
7.05673    6.75247
7.07737    6.73361
7.11864    6.75247
7.18054    6.73361
7.2218    6.73361
7.24244    6.73361
7.30434    6.73361
7.32497    6.71475
7.40751    6.67702
7.44878    6.65816
7.49004    6.65816
7.51068    6.65816
7.53131    6.6393
7.61385    6.60158
7.65511    6.60158
7.67575    6.60158
7.69638    6.58271
7.75828    6.60158
7.79955    6.56385
7.84082    6.56385
7.88208    6.54499
7.92335    6.56385
7.94398    6.54499
8.02652    6.56385
8.06779    6.54499
8.10905    6.54499
8.12969    6.54499
8.15032    6.52613
8.23286    6.50727
8.25349    6.50727
8.27412    6.48841
8.31539    6.46954
8.35666    6.46954
8.41856    6.43182
8.43919    6.41296
8.48046    6.37524
8.5011    6.35637
8.52173    6.35637
8.58363    6.33751
8.60426    6.31865
8.64553    6.31865
8.6868    6.31865
8.70743    6.29979
8.7487    6.28093
8.76933    6.28093
8.8106    6.28093
8.85187    6.28093
8.8725    6.28093
8.89314    6.28093
8.9344    6.26207
8.95504    6.2432
8.95504    6.26207
8.97567    6.2432
9.03757    6.2432
9.05821    6.22434
9.07884    6.20548
9.07884    6.20548
9.09947    6.18662
9.16137    6.1489
9.16137    6.1489
9.18201    6.13004
9.22328    6.1489
9.24391    6.13004
9.26454    6.13004
9.30581    6.13004
9.32644    6.13004
9.32644    6.13004
9.34708    6.13004
9.38835    6.13004
9.40898    6.13004
9.40898    6.13004
9.40898    6.13004
9.42961    6.13004
9.47088    6.13004
9.49151    6.11117
9.49151    6.09231
9.49151    6.11117
9.51215    6.09231
9.55342    6.07345
9.57405    6.05459
9.57405    6.05459
9.59468    6.03573
9.61532    6.01687
9.63595    6.01687
9.65658    6.01687
9.65658    6.01687
9.67722    6.01687
9.69785    6.01687
9.73912    6.01687
9.75975    6.01687
9.80102    6.01687
9.80102    6.01687
9.82165    6.03573
9.84229    6.03573
9.88356    6.03573
9.88356    6.05459
9.90419    6.07345
9.92482    6.07345
9.96609    6.07345
9.98672    6.07345
9.96609    6.09231
10.0074    6.11117
10.0074    6.09231
10.0486    6.09231
10.0486    6.09231
10.0693    6.09231
10.0486    6.09231
10.0899    6.09231
10.1105    6.09231
10.1105    6.07345
10.1105    6.05459
10.1105    6.07345
10.1105    6.05459
10.1312    6.07345
10.1724    6.07345
10.1724    6.07345
10.1724    6.07345
10.1931    6.07345
10.1724    6.09231
10.2137    6.11117
10.2137    6.11117
10.2137    6.11117
10.2137    6.13004
10.2343    6.1489
10.2137    6.1489
10.2343    6.16776
10.2343    6.18662
10.2343    6.18662
10.255    6.20548
10.2756    6.22434
10.2962    6.20548
10.3169    6.22434
10.3169    6.22434
10.3375    6.22434
10.3581    6.22434
10.3581    6.22434
10.3788    6.2432
10.3994    6.26207
10.3994    6.26207
10.42    6.26207
10.4407    6.28093
10.4407    6.29979
10.4613    6.29979
10.4819    6.31865
10.4819    6.33751
10.4613    6.33751
10.5026    6.33751
10.5026    6.35637
10.5232    6.3941
10.5026    6.3941
10.5232    6.41296
10.5232    6.41296
10.5232    6.3941
10.5232    6.43182
10.5232    6.43182
10.5438    6.43182
10.5438    6.43182
10.5645    6.43182
10.5438    6.43182
10.5645    6.43182
10.5438    6.41296
10.5645    6.41296
10.5438    6.3941
10.5645    6.3941
10.5645    6.3941
10.5645    6.3941
10.5645    6.37524
10.5645    6.35637
10.5645    6.35637
10.5645    6.35637
10.5645    6.33751
10.5851    6.33751
10.5851    6.31865
10.5851    6.33751
10.5851    6.29979
10.5851    6.29979
10.5851    6.29979
10.5851    6.29979
10.5851    6.29979
10.5851    6.29979
10.5851    6.28093
10.5851    6.29979
10.5851    6.28093
10.5851    6.29979
10.6057    6.28093
10.5851    6.29979
10.6057    6.28093
10.6057    6.29979
10.6057    6.29979
10.6057    6.29979
10.6057    6.29979
10.6264    6.31865
10.647    6.33751
10.647    6.33751
10.647    6.33751
10.647    6.33751
10.647    6.35637
10.6676    6.37524
10.6883    6.37524
10.6883    6.37524
10.6883    6.37524
10.6883    6.37524
10.7089    6.37524
10.7295    6.37524
10.7295    6.37524
10.7295    6.37524
10.7295    6.37524
10.7295    6.35637
10.7295    6.35637
10.7295    6.35637
10.7502    6.35637
10.7708    6.35637
10.7502    6.33751
10.7708    6.31865
10.7708    6.31865
10.7708    6.29979
10.7708    6.28093
10.7914    6.28093
10.8121    6.28093
10.8121    6.28093
10.8121    6.26207
10.8121    6.2432
10.8121    6.26207
10.8121    6.22434
10.8121    6.22434
10.8121    6.22434
10.8121    6.22434
10.8121    6.22434
10.8121    6.22434
10.8121    6.22434
10.8121    6.20548
10.8121    6.22434
10.8121    6.22434
10.8327    6.22434
10.8533    6.2432
10.8327    6.26207
10.8533    6.2432
10.8327    6.26207
10.8533    6.26207
10.8327    6.28093
10.8533    6.29979
10.8533    6.29979
10.8533    6.29979
10.8533    6.31865
10.8533    6.33751
10.8533    6.31865
10.8533    6.33751
10.874    6.33751
10.8946    6.33751
10.874    6.33751
10.8946    6.33751
10.874    6.33751
10.8946    6.33751
10.874    6.31865
10.8946    6.33751
10.8946    6.31865
10.8946    6.33751
10.8946    6.29979
10.8946    6.28093
10.8946    6.29979
10.9152    6.28093
10.9359    6.28093
10.9152    6.28093
10.9359    6.26207
10.9359    6.2432
10.9359    6.2432
10.9359    6.2432
10.9565    6.22434
10.9771    6.20548
10.9771    6.20548
10.9771    6.20548
10.9771    6.20548
10.9978    6.20548
11.0184    6.20548
10.9978    6.20548
11.039    6.20548
11.039    6.20548
11.039    6.20548
11.0597    6.20548
11.039    6.22434
11.0597    6.20548
11.0597    6.22434
11.0597    6.22434
11.0597    6.22434
11.0803    6.2432
11.1009    6.26207
11.0803    6.2432
11.1216    6.28093
11.1216    6.28093
11.1422    6.28093
11.1216    6.28093
11.1422    6.28093
11.1628    6.29979
11.1835    6.28093
11.1835    6.28093
11.1835    6.28093
11.2041    6.28093
11.2454    6.28093
11.2454    6.28093
11.266    6.28093
11.266    6.28093
11.266    6.28093
11.2866    6.26207
11.3073    6.26207
11.3073    6.26207
11.3279    6.26207
11.3485    6.26207
11.3485    6.26207
11.3485    6.26207
11.3692    6.26207
11.3898    6.26207
11.3692    6.28093
11.3898    6.29979
11.3898    6.29979
11.3898    6.29979
11.3898    6.31865
11.3898    6.33751
11.3898    6.33751
11.3898    6.35637
11.4105    6.3941
11.4311    6.3941
11.4105    6.41296
11.4517    6.41296
11.4517    6.41296
11.4724    6.43182
11.4517    6.45068
11.4724    6.45068
11.4724    6.45068
11.493    6.45068
11.5136    6.45068
11.5136    6.45068
11.5136    6.45068
11.5343    6.45068
11.5755    6.43182
11.5962    6.45068
11.5755    6.43182
11.6168    6.45068
11.6374    6.45068
11.6374    6.45068
11.6581    6.45068
11.6787    6.46954
11.6787    6.48841
11.6993    6.48841
11.72    6.50727
11.72    6.52613
11.72    6.52613
11.72    6.54499
11.7406    6.58271
11.7612    6.60158
11.7406    6.60158
11.7819    6.60158
11.7819    6.62044
11.8025    6.65816
11.8025    6.67702
11.8231    6.65816
11.8438    6.69588
11.8438    6.69588
11.885    6.71475
11.9057    6.69588
11.9263    6.71475
11.9263    6.69588
11.9469    6.71475
12.0088    6.69588
12.0295    6.71475
12.0501    6.69588
12.0707    6.71475
12.0914    6.69588
12.112    6.71475
12.1533    6.71475
12.1739    6.71475
12.1739    6.71475
12.1739    6.71475
12.2152    6.73361
12.2152    6.75247
12.2358    6.73361
12.2564    6.75247
12.2564    6.75247
12.2771    6.77133
12.3183    6.79019
12.339    6.79019
12.339    6.79019
12.3596    6.80905
12.4215    6.82792
12.4215    6.82792
12.4421    6.82792
12.4834    6.82792
12.504    6.82792
12.5453    6.82792
12.5659    6.82792
12.6072    6.82792
12.6278    6.80905
12.6485    6.82792
12.7104    6.77133
12.731    6.77133
12.7723    6.77133
12.7929    6.75247
