5.79808    7.54466
5.79808    7.54466
5.79808    7.54466
5.79808    7.54466
5.79808    7.54466
5.79808    7.5258
5.79808    7.54466
5.81871    7.5258
5.81871    7.5258
5.81871    7.5258
5.81871    7.5258
5.81871    7.50694
5.81871    7.48807
5.83934    7.48807
5.83934    7.48807
5.85998    7.46921
5.85998    7.45035
5.88061    7.46921
5.90125    7.45035
5.92188    7.46921
5.94251    7.45035
5.96315    7.46921
5.98378    7.46921
6.02505    7.48807
6.04568    7.50694
6.06632    7.50694
6.08695    7.5258
6.10758    7.56352
6.14885    7.58238
6.19012    7.58238
6.21075    7.58238
6.23139    7.60124
6.25202    7.62011
6.29329    7.60124
6.31392    7.62011
6.33455    7.60124
6.35519    7.60124
6.37582    7.60124
6.43772    7.58238
6.45836    7.54466
6.49962    7.54466
6.52026    7.5258
6.54089    7.5258
6.60279    7.48807
6.62343    7.46921
6.66469    7.45035
6.68533    7.45035
6.7266    7.43149
6.76786    7.39377
6.80913    7.39377
6.82976    7.39377
6.8504    7.3749
6.89166    7.39377
6.95357    7.3749
6.99483    7.39377
7.01547    7.3749
7.05673    7.39377
7.098    7.3749
7.1599    7.39377
7.20117    7.39377
7.24244    7.39377
7.28371    7.39377
7.30434    7.39377
7.36624    7.39377
7.40751    7.39377
7.44878    7.39377
7.46941    7.3749
7.51068    7.39377
7.57258    7.35604
7.61385    7.35604
7.65511    7.33718
7.69638    7.33718
7.73765    7.33718
7.79955    7.31832
7.84082    7.29946
7.88208    7.31832
7.90272    7.31832
7.94398    7.31832
8.00589    7.31832
8.02652    7.33718
8.06779    7.35604
8.08842    7.35604
8.12969    7.35604
8.19159    7.39377
8.23286    7.41263
8.25349    7.45035
8.29476    7.46921
8.31539    7.48807
8.37729    7.5258
8.39793    7.54466
8.43919    7.54466
8.45983    7.56352
8.48046    7.58238
8.54236    7.58238
8.58363    7.58238
8.60426    7.60124
8.64553    7.62011
8.66617    7.62011
8.72807    7.62011
8.76933    7.62011
8.8106    7.62011
8.83124    7.62011
8.8725    7.63897
8.91377    7.65783
8.9344    7.65783
8.97567    7.65783
8.99631    7.65783
9.01694    7.65783
9.05821    7.67669
9.07884    7.69555
9.09947    7.69555
9.12011    7.69555
9.12011    7.71441
9.14074    7.75214
9.16137    7.771
9.18201    7.771
9.20264    7.78986
9.22328    7.82758
9.24391    7.84644
9.26454    7.86531
9.26454    7.88417
9.28518    7.88417
9.28518    7.88417
9.30581    7.90303
9.32644    7.92189
9.32644    7.90303
9.34708    7.92189
9.36771    7.90303
9.38835    7.92189
9.40898    7.90303
9.42961    7.92189
9.45025    7.90303
9.45025    7.90303
9.49151    7.88417
9.51215    7.86531
9.53278    7.86531
9.55342    7.86531
9.57405    7.84644
9.61532    7.82758
9.63595    7.82758
9.63595    7.82758
9.65658    7.82758
9.67722    7.82758
9.71849    7.82758
9.71849    7.82758
9.73912    7.82758
9.75975    7.82758
9.75975    7.82758
9.80102    7.82758
9.82165    7.84644
9.84229    7.84644
9.84229    7.84644
9.88356    7.86531
9.90419    7.88417
9.92482    7.88417
9.94546    7.90303
9.94546    7.92189
9.96609    7.90303
9.98672    7.92189
10.0074    7.92189
10.0074    7.92189
10.028    7.92189
10.028    7.92189
10.0486    7.90303
10.0486    7.92189
10.0693    7.90303
10.0693    7.90303
10.0693    7.90303
10.0899    7.88417
10.0899    7.84644
10.0899    7.82758
10.0899    7.82758
10.0899    7.80872
10.0899    7.771
10.1105    7.75214
10.1105    7.73327
10.1105    7.71441
10.1105    7.69555
10.1105    7.63897
10.1105    7.63897
10.1105    7.62011
10.1312    7.60124
10.1312    7.60124
10.1518    7.58238
10.1312    7.56352
10.1312    7.56352
10.1518    7.54466
10.1518    7.54466
10.1724    7.5258
10.1724    7.5258
10.1931    7.5258
10.2137    7.5258
10.2137    7.5258
10.2343    7.5258
10.255    7.5258
10.2756    7.5258
10.2962    7.5258
10.2962    7.5258
10.3169    7.54466
10.3375    7.5258
10.3581    7.54466
10.3581    7.5258
10.3788    7.54466
10.3788    7.5258
10.3994    7.54466
10.3788    7.50694
10.3994    7.50694
10.3994    7.50694
10.3994    7.48807
10.3994    7.48807
10.42    7.48807
10.42    7.46921
10.42    7.43149
10.42    7.41263
10.42    7.39377
10.42    7.3749
10.42    7.35604
10.4407    7.33718
10.4407    7.29946
10.4407    7.2806
10.4407    7.24287
10.4407    7.22401
10.4407    7.22401
10.4407    7.18629
10.4407    7.16743
10.4613    7.14856
10.4613    7.14856
10.4613    7.14856
10.4613    7.1297
10.4613    7.11084
10.4819    7.11084
10.5026    7.11084
10.5026    7.11084
10.5232    7.11084
10.5232    7.11084
10.5232    7.11084
10.5438    7.11084
10.5438    7.11084
10.5645    7.1297
10.5851    7.11084
10.5851    7.1297
10.6057    7.11084
10.6057    7.1297
10.6264    7.1297
10.6264    7.1297
10.6264    7.1297
10.647    7.1297
10.647    7.11084
10.647    7.11084
10.647    7.11084
10.6676    7.11084
10.6676    7.11084
10.6676    7.09198
10.6676    7.05426
10.6676    7.03539
10.6676    7.03539
10.6676    7.03539
10.6676    7.01653
10.6676    6.95995
10.6676    6.95995
10.6883    6.95995
10.6883    6.94109
10.6883    6.90336
10.6883    6.8845
10.6883    6.8845
10.6883    6.8845
10.6883    6.86564
10.6883    6.84678
10.7089    6.84678
10.7089    6.84678
10.7089    6.84678
10.7089    6.84678
10.7089    6.84678
10.7295    6.84678
10.7295    6.84678
10.7295    6.84678
10.7502    6.84678
10.7502    6.84678
10.7502    6.86564
10.7708    6.86564
10.7708    6.86564
10.7708    6.86564
10.7708    6.8845
10.7914    6.90336
10.7914    6.90336
10.7914    6.90336
10.7914    6.92222
10.7914    6.94109
10.8121    6.94109
10.8121    6.94109
10.8121    6.94109
10.8121    6.94109
10.8121    6.95995
10.8121    6.97881
10.8121    6.95995
10.8121    6.97881
10.8121    6.95995
10.8121    6.97881
10.8121    6.95995
10.8121    6.95995
10.8327    6.95995
10.8327    6.95995
10.8327    6.95995
10.8327    6.94109
10.8327    6.92222
10.8327    6.92222
10.8327    6.90336
10.8533    6.8845
10.8533    6.8845
10.8533    6.86564
10.874    6.84678
10.874    6.84678
10.874    6.84678
10.874    6.80905
10.874    6.80905
10.874    6.79019
10.8946    6.77133
10.8946    6.77133
10.8946    6.77133
10.8946    6.77133
10.8946    6.75247
10.8946    6.73361
10.8946    6.75247
10.9152    6.73361
10.9152    6.73361
10.9359    6.73361
10.9359    6.73361
10.9359    6.75247
10.9565    6.73361
10.9565    6.75247
10.9565    6.75247
10.9565    6.77133
10.9771    6.79019
10.9771    6.79019
10.9771    6.80905
10.9978    6.82792
10.9978    6.82792
10.9978    6.84678
11.0184    6.86564
11.0184    6.86564
11.0184    6.86564
11.0184    6.8845
11.039    6.90336
11.039    6.90336
11.039    6.90336
11.0597    6.90336
11.0597    6.90336
11.0597    6.90336
11.0803    6.90336
11.0803    6.90336
11.1009    6.90336
11.1009    6.90336
11.1216    6.90336
11.1216    6.8845
11.1422    6.90336
11.1422    6.8845
11.1628    6.8845
11.1835    6.86564
11.1835    6.84678
11.2041    6.84678
11.2041    6.84678
11.2247    6.82792
11.2247    6.80905
11.2454    6.82792
11.2454    6.80905
11.266    6.80905
11.266    6.82792
11.266    6.80905
11.2866    6.82792
11.2866    6.80905
11.2866    6.82792
11.2866    6.82792
11.3073    6.84678
11.3073    6.86564
11.3073    6.86564
11.3073    6.8845
11.3073    6.90336
11.3279    6.92222
11.3279    6.94109
11.3279    6.94109
11.3279    6.95995
11.3485    6.97881
11.3485    6.97881
11.3485    6.97881
11.3692    6.97881
11.3692    6.97881
11.3898    6.97881
11.4105    6.97881
11.4311    6.97881
11.4517    6.95995
11.4517    6.97881
11.4724    6.95995
11.493    6.95995
11.5136    6.95995
11.5343    6.95995
11.5549    6.94109
11.5549    6.92222
11.5755    6.94109
11.5962    6.92222
11.6168    6.94109
11.6168    6.94109
11.6374    6.94109
11.6581    6.95995
11.6787    6.97881
11.6993    6.97881
11.72    6.99767
11.72    7.01653
11.7612    7.03539
11.7819    7.07312
11.8025    7.09198
11.8025    7.09198
11.8231    7.11084
11.8644    7.1297
11.885    7.1297
11.9057    7.1297
11.9263    7.1297
11.9469    7.1297
11.9882    7.1297
12.0088    7.11084
12.0295    7.11084
12.0501    7.11084
12.0914    7.09198
12.1326    7.05426
12.1739    7.03539
12.1945    7.03539
12.2152    7.03539
12.2358    7.03539
12.2977    7.01653
12.3183    6.99767
12.339    6.99767
12.3802    6.99767
12.4009    6.99767
12.4628    6.99767
12.4834    6.99767
12.5247    6.99767
12.5453    7.01653
12.5866    6.99767
12.6485    7.03539
12.6691    7.03539
12.6897    7.03539
12.731    7.03539
12.7516    7.03539
12.7929    7.03539
12.8135    7.01653
12.8548    6.99767
12.8754    6.99767
