5.75681    8.0162
5.75681    8.0162
5.75681    8.0162
5.75681    8.03506
5.77744    8.03506
5.75681    8.03506
5.77744    8.03506
5.75681    8.03506
5.79808    8.03506
5.79808    8.05392
5.79808    8.05392
5.81871    8.03506
5.79808    8.03506
5.83934    8.03506
5.85998    8.03506
5.85998    8.03506
5.88061    8.03506
5.90125    8.0162
5.92188    8.0162
5.96315    7.99734
5.98378    7.99734
5.98378    7.97848
6.00441    7.97848
6.06632    7.95961
6.08695    7.94075
6.12822    7.94075
6.14885    7.92189
6.16948    7.92189
6.23139    7.90303
6.23139    7.92189
6.25202    7.92189
6.29329    7.92189
6.31392    7.92189
6.33455    7.94075
6.37582    7.94075
6.39646    7.94075
6.41709    7.95961
6.43772    7.95961
6.45836    7.97848
6.49962    7.99734
6.52026    8.0162
6.52026    8.0162
6.54089    8.03506
6.58216    8.03506
6.60279    8.03506
6.62343    8.05392
6.64406    8.05392
6.66469    8.05392
6.7266    8.05392
6.74723    8.05392
6.7885    8.05392
6.80913    8.05392
6.82976    8.03506
6.9123    8.03506
6.93293    8.03506
6.95357    8.0162
6.99483    8.0162
7.0361    8.0162
7.098    7.99734
7.11864    7.99734
7.1599    7.99734
7.20117    7.99734
7.2218    7.99734
7.28371    7.99734
7.32497    7.99734
7.36624    7.99734
7.40751    8.0162
7.44878    8.0162
7.51068    8.03506
7.53131    8.03506
7.59321    8.05392
7.61385    8.05392
7.65511    8.07278
7.71701    8.07278
7.73765    8.07278
7.77892    8.07278
7.79955    8.07278
7.82018    8.07278
7.90272    8.07278
7.92335    8.07278
7.94398    8.05392
7.98525    8.05392
8.00589    8.05392
8.04715    8.03506
8.08842    8.03506
8.10905    8.03506
8.15032    8.03506
8.19159    8.03506
8.25349    8.03506
8.25349    8.03506
8.29476    8.03506
8.31539    8.03506
8.35666    8.03506
8.41856    8.05392
8.43919    8.05392
8.48046    8.05392
8.5011    8.07278
8.52173    8.07278
8.58363    8.07278
8.60426    8.09165
8.64553    8.09165
8.66617    8.09165
8.66617    8.09165
8.70743    8.11051
8.72807    8.11051
8.76933    8.11051
8.78997    8.11051
8.78997    8.11051
8.83124    8.11051
8.85187    8.11051
8.89314    8.11051
8.91377    8.11051
8.91377    8.11051
8.95504    8.11051
8.97567    8.11051
9.01694    8.12937
9.03757    8.12937
9.03757    8.12937
9.07884    8.14823
9.09947    8.16709
9.14074    8.16709
9.16137    8.18595
9.16137    8.18595
9.20264    8.20482
9.22328    8.22368
9.26454    8.22368
9.28518    8.24254
9.28518    8.24254
9.30581    8.2614
9.34708    8.2614
9.36771    8.28026
9.34708    8.28026
9.38835    8.28026
9.40898    8.28026
9.40898    8.28026
9.42961    8.28026
9.45025    8.28026
9.47088    8.28026
9.51215    8.28026
9.53278    8.28026
9.53278    8.2614
9.55342    8.2614
9.59468    8.2614
9.63595    8.24254
9.63595    8.24254
9.67722    8.22368
9.67722    8.22368
9.69785    8.20482
9.71849    8.20482
9.75975    8.20482
9.78039    8.20482
9.75975    8.20482
9.80102    8.20482
9.82165    8.18595
9.82165    8.20482
9.82165    8.18595
9.84229    8.18595
9.88356    8.18595
9.90419    8.18595
9.90419    8.20482
9.92482    8.20482
9.96609    8.20482
9.96609    8.20482
9.98672    8.20482
9.98672    8.20482
10.0074    8.20482
10.028    8.20482
10.028    8.22368
10.0486    8.22368
10.0899    8.20482
10.0899    8.20482
10.0899    8.20482
10.0899    8.20482
10.1105    8.20482
10.1105    8.20482
10.1105    8.20482
10.1105    8.20482
10.1312    8.20482
10.1518    8.18595
10.1312    8.18595
10.1518    8.18595
10.1518    8.16709
10.1518    8.16709
10.1724    8.14823
10.1724    8.14823
10.1724    8.12937
10.1931    8.12937
10.1724    8.12937
10.2137    8.09165
10.1931    8.07278
10.1931    8.07278
10.2137    8.05392
10.2343    8.03506
10.2137    8.0162
10.2343    8.0162
10.2343    7.99734
10.2343    7.97848
10.2343    7.97848
10.2343    7.95961
10.255    7.94075
10.2756    7.94075
10.255    7.92189
10.2962    7.92189
10.2962    7.90303
10.2962    7.90303
10.2962    7.88417
10.2962    7.88417
10.2962    7.88417
10.3169    7.86531
10.2962    7.86531
10.3169    7.86531
10.3169    7.86531
10.3169    7.84644
10.3169    7.84644
10.3169    7.84644
10.3375    7.84644
10.3581    7.84644
10.3581    7.84644
10.3581    7.84644
10.3581    7.86531
10.3581    7.84644
10.3788    7.86531
10.3994    7.84644
10.3788    7.86531
10.3994    7.86531
10.3994    7.86531
10.3994    7.86531
10.3994    7.86531
10.42    7.86531
10.4407    7.86531
10.42    7.86531
10.4613    7.86531
10.4613    7.86531
10.4613    7.86531
10.4613    7.84644
10.4819    7.86531
10.4613    7.84644
10.4819    7.84644
10.4819    7.84644
10.4819    7.84644
10.4819    7.82758
10.4819    7.82758
10.4819    7.82758
10.4819    7.80872
10.4819    7.78986
10.4819    7.78986
10.4819    7.771
10.4819    7.771
10.4819    7.73327
10.4819    7.73327
10.4819    7.71441
10.4819    7.71441
10.4819    7.69555
10.4613    7.67669
10.4819    7.65783
10.4613    7.63897
10.4819    7.62011
10.4613    7.62011
10.4819    7.58238
10.4613    7.58238
10.4819    7.56352
10.4613    7.54466
10.4819    7.54466
10.4613    7.5258
10.4819    7.5258
10.4613    7.50694
10.4819    7.50694
10.4613    7.50694
10.4819    7.48807
10.4819    7.48807
10.4819    7.48807
10.4819    7.48807
10.4819    7.48807
10.5026    7.48807
10.5232    7.46921
10.5026    7.46921
10.5232    7.46921
10.5232    7.46921
10.5232    7.46921
10.5438    7.46921
10.5645    7.46921
10.5438    7.46921
10.5645    7.46921
10.5645    7.46921
10.5645    7.46921
10.5851    7.46921
10.6057    7.46921
10.6057    7.46921
10.6057    7.46921
10.6057    7.46921
10.6057    7.46921
10.6057    7.46921
10.6264    7.46921
10.647    7.46921
10.6264    7.46921
10.647    7.46921
10.647    7.46921
10.647    7.46921
10.647    7.45035
10.647    7.45035
10.647    7.45035
10.647    7.45035
10.647    7.45035
10.6676    7.43149
10.6676    7.43149
10.6676    7.43149
10.6676    7.41263
10.6676    7.41263
10.6676    7.39377
10.6676    7.39377
10.6676    7.39377
10.6676    7.3749
10.6676    7.3749
10.6676    7.33718
10.6676    7.33718
10.6676    7.31832
10.6676    7.31832
10.647    7.29946
10.6264    7.2806
10.647    7.2806
10.6264    7.26173
10.647    7.26173
10.6264    7.24287
10.6264    7.22401
10.6264    7.22401
10.6264    7.20515
10.6264    7.18629
10.6264    7.16743
10.6264    7.16743
10.6264    7.16743
10.6264    7.14856
10.6264    7.14856
10.647    7.1297
10.6264    7.1297
10.647    7.1297
10.647    7.11084
10.647    7.11084
10.6676    7.09198
10.6883    7.11084
10.6883    7.09198
10.6883    7.09198
10.6883    7.09198
10.7089    7.09198
10.7295    7.09198
10.7295    7.09198
10.7295    7.09198
10.7295    7.09198
10.7502    7.11084
10.7708    7.11084
10.7708    7.11084
10.7708    7.11084
10.7708    7.11084
10.7914    7.11084
10.8121    7.11084
10.7914    7.11084
10.8121    7.11084
10.8121    7.11084
10.8121    7.11084
10.8121    7.11084
10.8327    7.11084
10.8533    7.11084
10.8327    7.11084
10.8533    7.11084
10.8533    7.11084
10.8533    7.11084
10.8533    7.11084
10.8533    7.11084
10.874    7.11084
10.8946    7.09198
10.874    7.09198
10.8946    7.09198
10.874    7.09198
10.9152    7.07312
10.9152    7.07312
10.9152    7.07312
10.9359    7.05426
10.9152    7.05426
10.9359    7.03539
10.9359    7.03539
10.9359    7.01653
10.9359    7.01653
10.9359    7.01653
10.9565    6.99767
10.9771    6.97881
10.9565    6.97881
10.9771    6.95995
10.9565    6.95995
10.9978    6.94109
10.9978    6.94109
10.9978    6.92222
10.9978    6.92222
11.0184    6.92222
10.9978    6.90336
11.0184    6.90336
11.0184    6.8845
11.0184    6.8845
11.0184    6.8845
11.039    6.8845
11.0597    6.8845
11.0597    6.86564
11.0597    6.86564
11.0597    6.86564
11.0803    6.8845
11.1009    6.8845
11.1009    6.8845
11.1009    6.8845
11.1216    6.8845
11.1628    6.8845
11.1628    6.90336
11.1835    6.90336
11.1835    6.90336
11.2041    6.92222
11.2454    6.92222
11.2454    6.92222
11.266    6.92222
11.266    6.92222
11.266    6.92222
11.3073    6.94109
11.3073    6.94109
11.3279    6.94109
11.3485    6.94109
11.3485    6.94109
11.3898    6.92222
11.4105    6.92222
11.4311    6.92222
11.4311    6.92222
11.4517    6.90336
11.493    6.90336
11.5136    6.8845
11.5136    6.8845
11.5343    6.8845
11.5755    6.8845
11.5962    6.8845
11.5962    6.86564
11.6168    6.86564
11.6374    6.86564
11.6374    6.86564
11.6787    6.86564
11.6993    6.86564
11.72    6.8845
11.72    6.8845
11.7406    6.8845
11.8025    6.8845
11.8025    6.90336
11.8231    6.90336
11.8644    6.92222
11.885    6.92222
11.9057    6.94109
11.9469    6.95995
11.9676    6.95995
11.9676    6.95995
11.9882    6.95995
12.0295    6.97881
12.0501    6.97881
12.0501    6.97881
12.0707    6.97881
12.112    6.97881
12.1533    6.97881
12.1739    6.97881
12.1739    6.97881
12.1945    6.95995
12.2358    6.95995
12.2771    6.94109
12.2977    6.94109
12.3183    6.94109
12.3596    6.92222
12.3802    6.92222
12.4215    6.92222
12.4421    6.90336
12.4834    6.90336
12.5247    6.90336
12.5453    6.90336
12.5866    6.90336
12.6278    6.90336
12.6691    6.90336
12.6897    6.90336
12.7516    6.90336
12.7929    6.92222
12.8342    6.92222
12.8754    6.92222
12.9167    6.92222
12.9373    6.92222
13.0199    6.92222
13.0405    6.92222
13.0611    6.92222
13.1024    6.92222
