6.7885    7.24287
6.7885    7.24287
6.7885    7.24287
6.7885    7.24287
6.7885    7.24287
6.7885    7.24287
6.7885    7.22401
6.7885    7.22401
6.7885    7.22401
6.80913    7.22401
6.7885    7.22401
6.80913    7.20515
6.7885    7.20515
6.80913    7.18629
6.80913    7.18629
6.80913    7.18629
6.80913    7.16743
6.82976    7.16743
6.8504    7.14856
6.8504    7.14856
6.8504    7.1297
6.87103    7.1297
6.9123    7.1297
6.93293    7.11084
6.93293    7.11084
6.95357    7.11084
6.99483    7.09198
7.01547    7.09198
7.0361    7.09198
7.098    7.09198
7.098    7.09198
7.13927    7.09198
7.1599    7.09198
7.24244    7.11084
7.26307    7.11084
7.28371    7.11084
7.32497    7.11084
7.36624    7.11084
7.42814    7.09198
7.44878    7.09198
7.49004    7.09198
7.53131    7.07312
7.55194    7.05426
7.61385    7.01653
7.65511    6.99767
7.69638    6.97881
7.73765    6.95995
7.77892    6.94109
7.84082    6.8845
7.86145    6.86564
7.90272    6.84678
7.94398    6.82792
7.98525    6.80905
8.04715    6.79019
8.06779    6.79019
8.10905    6.77133
8.15032    6.75247
8.17096    6.75247
8.21222    6.73361
8.25349    6.71475
8.27412    6.71475
8.31539    6.69588
8.35666    6.69588
8.41856    6.67702
8.41856    6.67702
8.45983    6.65816
8.48046    6.65816
8.52173    6.6393
8.58363    6.62044
8.60426    6.60158
8.64553    6.58271
8.66617    6.58271
8.6868    6.56385
8.7487    6.52613
8.7487    6.50727
8.76933    6.50727
8.8106    6.48841
8.85187    6.46954
8.89314    6.45068
8.91377    6.45068
8.9344    6.43182
8.97567    6.41296
8.99631    6.41296
9.03757    6.3941
9.05821    6.3941
9.09947    6.3941
9.12011    6.37524
9.12011    6.37524
9.16137    6.37524
9.18201    6.37524
9.22328    6.37524
9.26454    6.37524
9.28518    6.37524
9.30581    6.35637
9.36771    6.35637
9.36771    6.35637
9.38835    6.33751
9.42961    6.33751
9.49151    6.31865
9.49151    6.31865
9.51215    6.29979
9.55342    6.29979
9.57405    6.28093
9.59468    6.26207
9.63595    6.26207
9.65658    6.26207
9.67722    6.26207
9.69785    6.2432
9.73912    6.2432
9.75975    6.2432
9.78039    6.2432
9.78039    6.2432
9.80102    6.26207
9.84229    6.26207
9.86292    6.28093
9.86292    6.28093
9.88356    6.29979
9.90419    6.29979
9.92482    6.31865
9.96609    6.31865
9.98672    6.31865
9.98672    6.33751
10.0074    6.33751
10.0486    6.33751
10.0899    6.33751
10.1105    6.33751
10.1105    6.35637
10.1312    6.35637
10.1931    6.35637
10.2137    6.35637
10.2343    6.35637
10.255    6.35637
10.2962    6.37524
10.3375    6.37524
10.3581    6.3941
10.3581    6.3941
10.3581    6.41296
10.3788    6.43182
10.42    6.45068
10.4407    6.46954
10.4407    6.48841
10.4407    6.48841
10.4407    6.50727
10.4613    6.54499
10.4819    6.56385
10.4819    6.58271
10.4819    6.60158
10.4819    6.60158
10.5026    6.6393
10.5232    6.65816
10.5232    6.67702
10.5232    6.67702
10.5232    6.69588
10.5438    6.71475
10.5851    6.71475
10.5851    6.73361
10.5851    6.73361
10.6057    6.73361
10.6057    6.75247
10.6264    6.75247
10.647    6.75247
10.6676    6.75247
10.6676    6.75247
10.7089    6.75247
10.7089    6.75247
10.7295    6.75247
10.7295    6.75247
10.7502    6.77133
10.7914    6.77133
10.8121    6.77133
10.8121    6.77133
10.8121    6.77133
10.8121    6.77133
10.8533    6.79019
10.874    6.79019
10.9152    6.80905
10.9152    6.80905
10.9359    6.82792
10.9152    6.82792
10.9359    6.84678
10.9359    6.84678
10.9359    6.86564
10.9565    6.8845
10.9771    6.90336
10.9565    6.90336
10.9771    6.92222
10.9978    6.92222
11.0184    6.94109
11.0184    6.95995
11.0184    6.95995
11.039    6.95995
11.0597    6.95995
11.0597    6.95995
11.0597    6.97881
11.0803    6.97881
11.1009    6.97881
11.1009    6.97881
11.1009    6.97881
11.1009    6.97881
11.1009    6.95995
11.1009    6.95995
11.1009    6.95995
11.1216    6.95995
11.1216    6.94109
11.1422    6.94109
11.1216    6.94109
11.1422    6.94109
11.1216    6.94109
11.1422    6.92222
11.1216    6.92222
11.1628    6.92222
11.1628    6.92222
11.1628    6.90336
11.1835    6.90336
11.1835    6.90336
11.2041    6.92222
11.2247    6.92222
11.2247    6.92222
11.2247    6.92222
11.2454    6.94109
11.266    6.94109
11.266    6.95995
11.2866    6.95995
11.3279    6.97881
11.3485    6.97881
11.3485    6.99767
11.3485    6.99767
11.3485    6.99767
11.3692    6.99767
11.3898    6.99767
11.3898    6.99767
11.4105    6.99767
11.4311    6.99767
11.4311    6.99767
11.4311    6.99767
11.4311    6.99767
11.4311    6.99767
11.4517    6.99767
11.4724    6.97881
11.4724    6.97881
11.4724    6.97881
11.4724    6.95995
11.4724    6.95995
11.4724    6.95995
11.493    6.95995
11.5136    6.94109
11.493    6.94109
11.5136    6.94109
11.5136    6.94109
11.5136    6.94109
11.5136    6.94109
11.5343    6.94109
11.5549    6.94109
11.5343    6.94109
11.5549    6.94109
11.5549    6.95995
11.5549    6.95995
11.5755    6.95995
11.5962    6.95995
11.5962    6.97881
11.5962    6.97881
11.5962    6.97881
11.6168    6.97881
11.6374    6.99767
11.6374    6.99767
11.6374    6.99767
11.6374    6.99767
11.6374    6.99767
11.6581    6.99767
11.6787    6.99767
11.6581    6.99767
11.6787    7.01653
11.6581    7.01653
11.6787    7.01653
11.6581    7.01653
11.6787    7.01653
11.6581    7.01653
11.6787    7.01653
11.6581    7.01653
11.6787    7.01653
11.6581    7.01653
11.6787    7.01653
11.6787    7.03539
11.6787    7.03539
11.6787    7.03539
11.6993    7.03539
11.72    7.03539
11.72    7.03539
11.72    7.03539
11.7406    7.03539
11.7612    7.01653
11.7612    7.01653
11.7819    7.01653
11.8231    6.99767
11.8438    6.99767
11.8438    6.99767
11.8438    6.97881
11.8644    6.97881
11.9057    6.95995
11.9263    6.94109
11.9263    6.94109
11.9469    6.92222
11.9882    6.92222
12.0088    6.90336
12.0088    6.90336
12.0295    6.90336
12.0707    6.8845
12.0914    6.8845
12.112    6.8845
12.1533    6.8845
12.1739    6.8845
12.1739    6.8845
12.1945    6.8845
12.2564    6.8845
12.2771    6.8845
12.3183    6.8845
12.3596    6.90336
12.3802    6.90336
12.4215    6.92222
12.4628    6.92222
12.4834    6.92222
12.5453    6.92222
12.5659    6.92222
12.6278    6.92222
12.6485    6.92222
12.7104    6.90336
12.7104    6.90336
12.7723    6.90336
12.8342    6.90336
12.8548    6.8845
12.8961    6.8845
