6.89166    7.69555
6.89166    7.69555
6.89166    7.67669
6.9123    7.69555
6.93293    7.67669
6.93293    7.67669
6.93293    7.67669
6.95357    7.67669
6.9742    7.67669
6.9742    7.67669
6.99483    7.67669
7.01547    7.67669
7.01547    7.69555
7.05673    7.69555
7.07737    7.69555
7.11864    7.71441
7.13927    7.75214
7.13927    7.75214
7.20117    7.78986
7.24244    7.80872
7.28371    7.82758
7.30434    7.86531
7.32497    7.88417
7.40751    7.92189
7.42814    7.94075
7.42814    7.97848
7.46941    7.99734
7.49004    7.97848
7.55194    8.0162
7.57258    8.03506
7.61385    8.0162
7.65511    8.03506
7.67575    8.03506
7.71701    8.03506
7.75828    8.03506
7.77892    8.03506
7.84082    8.03506
7.86145    8.03506
7.94398    8.05392
7.98525    8.07278
8.00589    8.05392
8.02652    8.07278
8.06779    8.07278
8.12969    8.09165
8.12969    8.11051
8.17096    8.11051
8.19159    8.11051
8.25349    8.11051
8.29476    8.12937
8.33603    8.16709
8.35666    8.18595
8.41856    8.18595
8.43919    8.20482
8.54236    8.24254
8.563    8.2614
8.60426    8.2614
8.64553    8.28026
8.6868    8.29912
8.7487    8.31799
8.76933    8.33685
8.8106    8.33685
8.85187    8.33685
8.89314    8.33685
8.95504    8.33685
8.97567    8.33685
9.01694    8.33685
9.05821    8.31799
9.09947    8.33685
9.16137    8.29912
9.18201    8.29912
9.24391    8.28026
9.26454    8.29912
9.30581    8.28026
9.38835    8.28026
9.42961    8.28026
9.45025    8.28026
9.47088    8.28026
9.53278    8.28026
9.57405    8.28026
9.61532    8.28026
9.65658    8.2614
9.67722    8.24254
9.73912    8.2614
9.80102    8.24254
9.86292    8.2614
9.88356    8.24254
9.92482    8.2614
9.96609    8.24254
10.028    8.24254
10.0486    8.24254
10.0899    8.22368
10.1312    8.20482
10.1518    8.20482
10.1931    8.18595
10.2137    8.14823
10.255    8.12937
10.2756    8.12937
10.2756    8.11051
10.3169    8.03506
10.3375    8.0162
10.3788    8.0162
10.3994    7.97848
10.3994    7.95961
10.4407    7.90303
10.4613    7.90303
10.5026    7.88417
10.5232    7.86531
10.5438    7.86531
10.5851    7.84644
10.6264    7.80872
10.647    7.78986
10.647    7.80872
10.6676    7.771
10.7295    7.75214
10.7295    7.75214
10.7502    7.75214
10.7914    7.73327
10.8121    7.71441
10.8327    7.71441
10.874    7.69555
10.8946    7.67669
10.8946    7.69555
10.9152    7.67669
10.9565    7.67669
10.9565    7.65783
10.9771    7.63897
10.9565    7.65783
10.9978    7.62011
10.9978    7.60124
11.0184    7.62011
10.9978    7.58238
11.0184    7.58238
10.9978    7.56352
11.039    7.56352
11.039    7.56352
11.039    7.54466
11.039    7.5258
11.0597    7.54466
11.0597    7.5258
11.0597    7.54466
11.0803    7.5258
11.1009    7.54466
11.1009    7.54466
11.1422    7.54466
11.1422    7.54466
11.1628    7.56352
11.1835    7.58238
11.1628    7.56352
11.2041    7.58238
11.2247    7.58238
11.2247    7.58238
11.2247    7.58238
11.2247    7.58238
11.2454    7.60124
11.2866    7.62011
11.2866    7.60124
11.2866    7.62011
11.3073    7.60124
11.3073    7.62011
11.3073    7.60124
11.3073    7.62011
11.3279    7.60124
11.3279    7.60124
11.3485    7.58238
11.3073    7.56352
11.3279    7.56352
11.3279    7.56352
11.3485    7.56352
11.3279    7.54466
11.3485    7.48807
11.3279    7.48807
11.3279    7.46921
11.3279    7.45035
11.3279    7.43149
11.3279    7.41263
11.3279    7.41263
11.3279    7.39377
11.3279    7.3749
11.3279    7.35604
11.3279    7.33718
11.3279    7.35604
11.3279    7.31832
11.3485    7.31832
11.3485    7.31832
11.3279    7.31832
11.3485    7.31832
11.3692    7.31832
11.3898    7.33718
11.3898    7.35604
11.3898    7.33718
11.4105    7.3749
11.4311    7.3749
11.4311    7.3749
11.4311    7.39377
11.4517    7.39377
11.4724    7.39377
11.4724    7.39377
11.4724    7.39377
11.4724    7.41263
11.493    7.43149
11.5136    7.41263
11.493    7.43149
11.5343    7.43149
11.5343    7.43149
11.5343    7.43149
11.5343    7.43149
11.5343    7.43149
11.5549    7.43149
11.5343    7.45035
11.5549    7.45035
11.5549    7.46921
11.5549    7.45035
11.5549    7.45035
11.5549    7.45035
11.5549    7.45035
11.5549    7.45035
11.5549    7.45035
11.5755    7.45035
11.5962    7.43149
11.5755    7.41263
11.5962    7.41263
11.5962    7.41263
11.5962    7.39377
11.5962    7.35604
11.5962    7.35604
11.6168    7.35604
11.6374    7.33718
11.6168    7.33718
11.6374    7.31832
11.6168    7.2806
11.6374    7.26173
11.6374    7.2806
11.6374    7.26173
11.6374    7.26173
11.6374    7.24287
11.6581    7.22401
11.6581    7.24287
11.6787    7.22401
11.6787    7.22401
11.6787    7.22401
11.6787    7.22401
11.6787    7.22401
11.6787    7.22401
11.6993    7.22401
11.7406    7.22401
11.7406    7.22401
11.7612    7.22401
11.7612    7.22401
11.7819    7.22401
11.8025    7.22401
11.8025    7.22401
11.8231    7.22401
11.8644    7.22401
11.885    7.24287
11.885    7.22401
11.9057    7.24287
11.9263    7.22401
11.9263    7.24287
11.9469    7.22401
11.9676    7.24287
11.9676    7.22401
11.9676    7.24287
11.9676    7.22401
11.9676    7.24287
11.9676    7.22401
11.9676    7.24287
11.9676    7.22401
11.9676    7.24287
11.9676    7.22401
11.9676    7.22401
11.9676    7.22401
11.9676    7.22401
11.9676    7.22401
11.9882    7.22401
12.0088    7.20515
12.0088    7.18629
12.0088    7.20515
12.0295    7.18629
12.0914    7.20515
12.112    7.20515
12.1326    7.20515
12.1533    7.20515
12.1945    7.20515
12.2564    7.20515
12.2771    7.22401
12.339    7.24287
12.339    7.24287
12.3596    7.24287
12.4421    7.26173
12.4628    7.2806
12.4628    7.2806
12.4834    7.2806
12.5247    7.29946
12.5659    7.31832
12.5659    7.31832
12.5866    7.33718
12.5866    7.35604
12.5866    7.35604
12.6072    7.35604
12.6278    7.3749
12.6278    7.39377
12.6278    7.39377
12.6278    7.41263
12.6485    7.43149
12.6485    7.43149
12.6691    7.43149
12.6691    7.43149
12.6897    7.43149
12.731    7.43149
12.7723    7.43149
12.7929    7.43149
12.7929    7.43149
12.8342    7.43149
