7.59321    7.82758
7.59321    7.82758
7.59321    7.82758
7.61385    7.82758
7.63448    7.82758
7.63448    7.80872
7.63448    7.78986
7.63448    7.80872
7.63448    7.771
7.63448    7.771
7.63448    7.75214
7.63448    7.75214
7.61385    7.73327
7.63448    7.69555
7.61385    7.67669
7.61385    7.67669
7.63448    7.67669
7.61385    7.65783
7.65511    7.63897
7.65511    7.63897
7.67575    7.63897
7.67575    7.63897
7.69638    7.63897
7.73765    7.63897
7.75828    7.63897
7.75828    7.65783
7.79955    7.63897
7.82018    7.65783
7.88208    7.67669
7.90272    7.71441
7.94398    7.71441
7.96462    7.73327
7.96462    7.73327
8.00589    7.75214
8.04715    7.771
8.06779    7.771
8.10905    7.771
8.12969    7.771
8.15032    7.771
8.19159    7.771
8.21222    7.78986
8.23286    7.78986
8.27412    7.78986
8.31539    7.78986
8.35666    7.78986
8.37729    7.771
8.39793    7.75214
8.43919    7.771
8.5011    7.75214
8.52173    7.771
8.563    7.75214
8.58363    7.771
8.60426    7.771
8.6868    7.78986
8.72807    7.80872
8.7487    7.78986
8.76933    7.82758
8.83124    7.82758
8.8725    7.84644
8.91377    7.84644
8.95504    7.86531
8.99631    7.88417
9.01694    7.88417
9.09947    7.88417
9.14074    7.88417
9.16137    7.88417
9.18201    7.88417
9.22328    7.88417
9.28518    7.86531
9.30581    7.88417
9.34708    7.86531
9.38835    7.86531
9.42961    7.84644
9.49151    7.80872
9.51215    7.78986
9.57405    7.78986
9.57405    7.78986
9.61532    7.78986
9.67722    7.771
9.71849    7.75214
9.75975    7.771
9.78039    7.75214
9.80102    7.75214
9.88356    7.75214
9.92482    7.75214
9.96609    7.75214
9.98672    7.75214
10.0074    7.75214
10.0899    7.75214
10.1312    7.75214
10.1518    7.75214
10.1724    7.73327
10.2137    7.71441
10.255    7.71441
10.2962    7.69555
10.3169    7.67669
10.3375    7.67669
10.3788    7.65783
10.42    7.60124
10.4613    7.60124
10.4819    7.58238
10.4819    7.54466
10.5026    7.5258
10.5645    7.50694
10.5851    7.48807
10.6264    7.48807
10.647    7.46921
10.647    7.45035
10.6883    7.45035
10.7089    7.43149
10.7502    7.41263
10.7708    7.41263
10.7914    7.41263
10.8533    7.41263
10.8533    7.41263
10.874    7.41263
10.9152    7.39377
10.9359    7.39377
10.9565    7.3749
10.9978    7.39377
11.0184    7.3749
11.0184    7.3749
11.0184    7.3749
11.039    7.35604
11.0803    7.33718
11.0803    7.33718
11.0803    7.33718
11.1009    7.31832
11.0803    7.2806
11.1009    7.26173
11.1009    7.2806
11.1009    7.24287
11.1009    7.24287
11.1009    7.22401
11.1009    7.22401
11.1009    7.22401
11.1009    7.22401
11.1009    7.22401
11.1216    7.20515
11.1422    7.18629
11.1216    7.20515
11.1422    7.18629
11.1216    7.20515
11.1628    7.20515
11.1628    7.18629
11.1835    7.20515
11.1628    7.20515
11.1835    7.18629
11.2041    7.22401
11.2247    7.22401
11.2247    7.24287
11.2454    7.22401
11.266    7.24287
11.2866    7.24287
11.3279    7.24287
11.3485    7.24287
11.3485    7.26173
11.3692    7.2806
11.4105    7.26173
11.4311    7.2806
11.4105    7.2806
11.4517    7.2806
11.4517    7.2806
11.4724    7.26173
11.4517    7.2806
11.4724    7.26173
11.4724    7.26173
11.493    7.26173
11.5136    7.24287
11.493    7.20515
11.5136    7.20515
11.493    7.18629
11.5136    7.20515
11.5136    7.16743
11.5136    7.16743
11.5343    7.14856
11.5343    7.16743
11.5549    7.14856
11.5343    7.14856
11.5549    7.14856
11.5343    7.14856
11.5549    7.1297
11.5549    7.1297
11.5549    7.11084
11.5549    7.1297
11.5549    7.11084
11.5755    7.1297
11.5962    7.1297
11.5962    7.1297
11.5962    7.1297
11.6168    7.1297
11.6374    7.1297
11.6374    7.1297
11.6374    7.14856
11.6581    7.16743
11.6787    7.16743
11.6787    7.16743
11.6787    7.18629
11.6993    7.20515
11.72    7.20515
11.72    7.20515
11.72    7.20515
11.7406    7.22401
11.7612    7.24287
11.7819    7.24287
11.7819    7.22401
11.8025    7.24287
11.8025    7.22401
11.8231    7.24287
11.8438    7.20515
11.8438    7.20515
11.8438    7.20515
11.8438    7.18629
11.885    7.18629
11.885    7.16743
11.9057    7.14856
11.9263    7.14856
11.9469    7.14856
11.9882    7.1297
12.0088    7.1297
12.0295    7.11084
12.0707    7.1297
12.0914    7.11084
12.1326    7.1297
12.1533    7.11084
12.2152    7.14856
12.2358    7.14856
12.2771    7.16743
12.339    7.16743
12.3596    7.18629
12.4215    7.20515
12.4421    7.20515
12.4834    7.20515
12.5453    7.20515
12.5453    7.20515
12.5866    7.20515
12.6072    7.20515
12.6691    7.20515
12.7104    7.20515
12.7516    7.20515
12.7929    7.20515
12.8135    7.20515
12.8754    7.20515
12.9167    7.20515
12.958    7.22401
12.9992    7.24287
13.0199    7.24287
