6.60279    8.22368
6.60279    8.22368
6.60279    8.20482
6.62343    8.22368
6.66469    8.20482
6.66469    8.20482
6.66469    8.20482
6.68533    8.20482
6.68533    8.20482
6.68533    8.22368
6.70596    8.20482
6.7266    8.22368
6.7266    8.20482
6.74723    8.24254
6.76786    8.2614
6.76786    8.2614
6.7885    8.28026
6.80913    8.29912
6.82976    8.31799
6.8504    8.33685
6.8504    8.33685
6.87103    8.33685
6.9123    8.35571
6.95357    8.37457
6.9742    8.35571
6.9742    8.37457
6.99483    8.35571
7.0361    8.35571
7.07737    8.33685
7.098    8.29912
7.11864    8.28026
7.1599    8.29912
7.18054    8.28026
7.20117    8.28026
7.24244    8.2614
7.26307    8.24254
7.26307    8.2614
7.28371    8.24254
7.34561    8.24254
7.34561    8.24254
7.36624    8.24254
7.40751    8.24254
7.42814    8.24254
7.44878    8.22368
7.49004    8.20482
7.51068    8.20482
7.51068    8.20482
7.53131    8.18595
7.59321    8.14823
7.61385    8.14823
7.65511    8.12937
7.67575    8.12937
7.69638    8.11051
7.75828    8.07278
7.77892    8.05392
7.82018    8.05392
7.84082    8.03506
7.84082    7.99734
7.90272    7.97848
7.94398    7.99734
7.96462    7.95961
7.98525    7.95961
8.02652    7.95961
8.06779    7.95961
8.10905    7.95961
8.12969    7.95961
8.15032    7.95961
8.19159    7.97848
8.27412    8.0162
8.31539    8.0162
8.33603    8.03506
8.35666    8.03506
8.39793    8.03506
8.48046    8.05392
8.52173    8.09165
8.54236    8.09165
8.563    8.09165
8.6249    8.11051
8.66617    8.09165
8.70743    8.11051
8.72807    8.09165
8.78997    8.11051
8.8106    8.09165
8.89314    8.09165
8.9344    8.09165
8.95504    8.09165
8.97567    8.09165
9.01694    8.09165
9.05821    8.09165
9.07884    8.09165
9.09947    8.09165
9.14074    8.09165
9.16137    8.09165
9.18201    8.11051
9.22328    8.09165
9.24391    8.11051
9.24391    8.09165
9.26454    8.11051
9.32644    8.09165
9.32644    8.11051
9.34708    8.09165
9.38835    8.09165
9.40898    8.09165
9.42961    8.07278
9.47088    8.05392
9.49151    8.05392
9.49151    8.03506
9.51215    8.0162
9.55342    7.99734
9.59468    7.97848
9.61532    7.97848
9.61532    7.95961
9.63595    7.94075
9.67722    7.92189
9.69785    7.90303
9.69785    7.92189
9.71849    7.88417
9.75975    7.88417
9.80102    7.86531
9.82165    7.88417
9.82165    7.86531
9.84229    7.88417
9.88356    7.86531
9.92482    7.86531
9.96609    7.86531
9.98672    7.86531
9.98672    7.86531
10.0074    7.86531
10.0486    7.84644
10.0693    7.82758
10.0693    7.84644
10.0899    7.80872
10.1105    7.80872
10.1312    7.78986
10.1518    7.78986
10.1518    7.78986
10.1518    7.771
10.1724    7.75214
10.2137    7.75214
10.2137    7.75214
10.2137    7.73327
10.2343    7.71441
10.2137    7.73327
10.2343    7.69555
10.2137    7.67669
10.2343    7.69555
10.2137    7.65783
10.2343    7.63897
10.2343    7.65783
10.2343    7.62011
10.2343    7.62011
10.2343    7.60124
10.255    7.62011
10.2756    7.58238
10.2756    7.58238
10.2756    7.58238
10.2962    7.58238
10.3375    7.56352
10.3581    7.56352
10.3581    7.58238
10.3581    7.56352
10.3788    7.56352
10.3994    7.56352
10.42    7.54466
10.4407    7.5258
10.4613    7.54466
10.4819    7.5258
10.4819    7.54466
10.5026    7.50694
10.5438    7.48807
10.5438    7.46921
10.5438    7.45035
10.5438    7.45035
10.5645    7.43149
10.5645    7.39377
10.5645    7.3749
10.5645    7.35604
10.5645    7.31832
10.5645    7.2806
10.5645    7.26173
10.5645    7.24287
10.5645    7.20515
10.5851    7.20515
10.6057    7.16743
10.5851    7.14856
10.6057    7.14856
10.6057    7.14856
10.6057    7.14856
10.6264    7.1297
10.647    7.09198
10.647    7.09198
10.6676    7.09198
10.6883    7.09198
10.6883    7.09198
10.6883    7.09198
10.7089    7.09198
10.7295    7.09198
10.7295    7.11084
10.7502    7.1297
10.7708    7.11084
10.7708    7.1297
10.7708    7.11084
10.8121    7.1297
10.8121    7.11084
10.8327    7.1297
10.8533    7.11084
10.8533    7.1297
10.8533    7.1297
10.8533    7.1297
10.8533    7.11084
10.874    7.1297
10.8946    7.11084
10.874    7.1297
10.8946    7.11084
10.874    7.11084
10.8946    7.11084
10.874    7.09198
10.8946    7.07312
10.874    7.07312
10.8946    7.07312
10.874    7.05426
10.8946    7.03539
10.8946    7.03539
10.8946    7.01653
10.8946    6.99767
10.8946    6.99767
10.8946    6.97881
10.8946    6.95995
10.8946    6.95995
10.8946    6.95995
10.8946    6.94109
10.9152    6.94109
10.9152    6.92222
10.9359    6.94109
10.9152    6.92222
10.9359    6.94109
10.9359    6.92222
10.9359    6.94109
10.9565    6.94109
10.9771    6.94109
10.9771    6.94109
10.9771    6.95995
10.9771    6.97881
10.9978    6.97881
11.0184    6.97881
11.0184    6.97881
11.0184    6.99767
11.039    7.01653
11.0597    7.01653
11.0597    7.01653
11.0597    7.01653
11.0803    7.03539
11.1009    7.05426
11.1009    7.05426
11.1009    7.05426
11.1009    7.05426
11.1216    7.05426
11.1422    7.07312
11.1422    7.09198
11.1422    7.07312
11.1628    7.09198
11.1835    7.07312
11.1628    7.09198
11.2041    7.07312
11.2041    7.09198
11.2041    7.07312
11.2247    7.09198
11.2041    7.05426
11.2247    7.05426
11.2247    7.03539
11.2247    7.05426
11.2247    7.03539
11.2247    7.03539
11.2247    7.03539
11.2247    7.03539
11.2247    7.03539
11.2454    7.03539
11.2454    7.01653
11.266    7.01653
11.2454    7.01653
11.266    7.01653
11.2454    7.01653
11.266    7.01653
11.266    7.03539
11.266    7.05426
11.266    7.03539
11.266    7.05426
11.266    7.05426
11.2866    7.05426
11.3073    7.05426
11.2866    7.05426
11.3073    7.05426
11.3073    7.05426
11.3073    7.05426
11.3073    7.05426
11.3073    7.03539
11.3073    7.05426
11.3073    7.03539
11.3073    7.03539
11.3073    7.01653
11.3073    6.99767
11.3073    7.01653
11.3073    6.99767
11.3279    6.99767
11.3279    6.99767
11.3279    6.99767
11.3279    6.97881
11.3485    6.97881
11.3279    6.95995
11.3485    6.97881
11.3279    6.95995
11.3485    6.97881
11.3485    6.95995
11.3485    6.95995
11.3692    6.97881
11.3898    6.95995
11.3692    6.97881
11.3898    6.95995
11.3898    6.97881
11.4105    6.97881
11.4311    6.97881
11.4311    6.97881
11.4517    6.97881
11.493    6.99767
11.5136    7.01653
11.5136    6.99767
11.5136    7.01653
11.5549    7.01653
11.5755    7.01653
11.5962    7.01653
11.5962    7.01653
11.6168    7.01653
11.6581    7.01653
11.6787    7.01653
11.6787    7.01653
11.6993    7.01653
11.7406    7.01653
11.7612    6.99767
11.7612    7.01653
11.7819    6.99767
11.8231    7.01653
11.8438    6.99767
11.8644    7.01653
11.9057    6.99767
11.9263    7.01653
11.9263    6.99767
11.9469    7.01653
12.0088    7.01653
12.0295    7.01653
12.0707    7.03539
12.0914    7.05426
12.112    7.05426
12.1739    7.09198
12.1945    7.09198
12.2358    7.11084
12.2771    7.14856
12.2977    7.14856
12.339    7.16743
12.3596    7.16743
12.4009    7.16743
12.4421    7.16743
12.4628    7.16743
12.504    7.16743
12.5453    7.14856
12.5866    7.16743
12.6278    7.14856
12.6485    7.14856
12.7516    7.1297
12.7723    7.09198
12.8342    7.07312
12.8548    7.07312
