6.19012    8.41229
6.19012    8.41229
6.19012    8.43116
6.21075    8.43116
6.25202    8.45002
6.27265    8.45002
6.25202    8.45002
6.29329    8.46888
6.31392    8.46888
6.33455    8.48774
6.35519    8.46888
6.35519    8.46888
6.37582    8.46888
6.43772    8.46888
6.43772    8.45002
6.45836    8.45002
6.49962    8.45002
6.52026    8.45002
6.54089    8.45002
6.56153    8.45002
6.56153    8.45002
6.58216    8.45002
6.60279    8.46888
6.62343    8.46888
6.66469    8.48774
6.66469    8.48774
6.68533    8.5066
6.70596    8.5066
6.74723    8.52546
6.76786    8.54433
6.76786    8.56319
6.7885    8.58205
6.82976    8.60091
6.87103    8.63863
6.89166    8.6575
6.9123    8.67636
6.95357    8.69522
6.9742    8.69522
7.01547    8.73294
7.0361    8.73294
7.07737    8.7518
7.11864    8.7518
7.13927    8.7518
7.18054    8.77067
7.20117    8.77067
7.24244    8.77067
7.26307    8.77067
7.28371    8.7518
7.34561    8.73294
7.36624    8.73294
7.40751    8.73294
7.42814    8.73294
7.44878    8.73294
7.51068    8.73294
7.51068    8.73294
7.53131    8.73294
7.57258    8.73294
7.59321    8.73294
7.63448    8.7518
7.65511    8.77067
7.69638    8.77067
7.73765    8.77067
7.75828    8.78953
7.79955    8.80839
7.84082    8.82725
7.86145    8.82725
7.90272    8.82725
7.92335    8.82725
7.96462    8.84611
8.00589    8.84611
8.02652    8.84611
8.08842    8.84611
8.08842    8.82725
8.15032    8.82725
8.21222    8.80839
8.21222    8.78953
8.25349    8.78953
8.27412    8.77067
8.35666    8.7518
8.39793    8.7518
8.41856    8.73294
8.43919    8.73294
8.48046    8.73294
8.54236    8.73294
8.563    8.73294
8.60426    8.73294
8.64553    8.73294
8.66617    8.73294
8.70743    8.73294
8.7487    8.73294
8.76933    8.7518
8.83124    8.7518
8.85187    8.7518
8.9344    8.77067
8.97567    8.77067
8.99631    8.77067
9.01694    8.77067
9.05821    8.77067
9.12011    8.77067
9.14074    8.77067
9.18201    8.7518
9.22328    8.7518
9.26454    8.7518
9.30581    8.73294
9.34708    8.71408
9.36771    8.69522
9.38835    8.67636
9.42961    8.67636
9.47088    8.6575
9.51215    8.6575
9.53278    8.6575
9.53278    8.6575
9.55342    8.63863
9.61532    8.63863
9.63595    8.63863
9.67722    8.61977
9.69785    8.61977
9.71849    8.61977
9.80102    8.61977
9.82165    8.61977
9.84229    8.61977
9.88356    8.61977
9.90419    8.61977
9.94546    8.60091
9.98672    8.60091
10.0074    8.58205
10.0486    8.56319
10.0899    8.56319
10.1312    8.52546
10.1518    8.52546
10.1724    8.5066
10.1931    8.48774
10.1931    8.48774
10.2343    8.45002
10.255    8.45002
10.2962    8.43116
10.3169    8.43116
10.3169    8.43116
10.3581    8.41229
10.3581    8.41229
10.3788    8.39343
10.42    8.39343
10.42    8.39343
10.4613    8.39343
10.4613    8.39343
10.4819    8.39343
10.4819    8.39343
10.4819    8.37457
10.5026    8.37457
10.5438    8.37457
10.5438    8.37457
10.5438    8.35571
10.5438    8.35571
10.5645    8.33685
10.5438    8.33685
10.5438    8.31799
10.5438    8.31799
10.5438    8.31799
10.5438    8.28026
10.5232    8.28026
10.5026    8.2614
10.5232    8.2614
10.5026    8.24254
10.5026    8.20482
10.5026    8.20482
10.5232    8.18595
10.5026    8.18595
10.5232    8.18595
10.5232    8.16709
10.5438    8.14823
10.5645    8.14823
10.5438    8.14823
10.5645    8.14823
10.5851    8.14823
10.6057    8.12937
10.6057    8.12937
10.6057    8.11051
10.6264    8.09165
10.6264    8.07278
10.647    8.05392
10.6264    8.05392
10.6264    8.0162
10.647    8.0162
10.6264    7.97848
10.6264    7.95961
10.6264    7.94075
10.647    7.92189
10.6264    7.90303
10.6264    7.88417
10.6264    7.84644
10.6264    7.84644
10.647    7.82758
10.6264    7.80872
10.647    7.78986
10.647    7.78986
10.647    7.771
10.6676    7.771
10.6883    7.771
10.6883    7.771
10.7089    7.75214
10.7295    7.75214
10.7295    7.75214
10.7502    7.75214
10.7708    7.73327
10.7708    7.71441
10.7502    7.69555
10.7914    7.69555
10.7914    7.67669
10.8121    7.63897
10.7914    7.62011
10.8121    7.62011
10.7914    7.60124
10.8121    7.56352
10.8121    7.54466
10.7914    7.5258
10.8121    7.50694
10.8121    7.48807
10.8121    7.46921
10.8121    7.45035
10.8121    7.45035
10.8121    7.43149
10.8121    7.43149
10.8121    7.41263
10.8327    7.41263
10.8533    7.41263
10.8533    7.41263
10.8533    7.41263
10.8533    7.41263
10.874    7.41263
10.8946    7.41263
10.874    7.39377
10.9152    7.39377
10.9152    7.3749
10.9152    7.3749
10.9152    7.35604
10.9152    7.33718
10.9152    7.31832
10.9152    7.29946
10.9152    7.2806
10.9152    7.26173
10.9152    7.24287
10.9152    7.22401
10.9152    7.22401
10.9152    7.20515
10.9359    7.18629
10.9152    7.18629
10.9359    7.18629
10.9359    7.18629
10.9359    7.18629
10.9359    7.18629
10.9565    7.18629
10.9771    7.20515
10.9771    7.20515
10.9771    7.22401
10.9771    7.22401
10.9978    7.22401
11.0184    7.24287
11.0184    7.24287
11.0184    7.24287
11.039    7.26173
11.0597    7.26173
11.039    7.26173
11.0597    7.26173
11.0597    7.26173
11.0597    7.26173
11.0597    7.24287
11.0597    7.24287
11.0597    7.24287
11.0803    7.22401
11.1009    7.22401
11.0803    7.22401
11.1009    7.20515
11.0803    7.20515
11.1009    7.18629
11.0803    7.18629
11.1009    7.18629
11.0803    7.16743
11.1009    7.16743
11.0803    7.14856
11.1009    7.14856
11.0803    7.14856
11.1009    7.1297
11.0803    7.1297
11.1009    7.1297
11.1009    7.1297
11.1009    7.1297
11.1009    7.1297
11.1009    7.1297
11.1216    7.1297
11.1422    7.1297
11.1216    7.14856
11.1422    7.14856
11.1422    7.14856
11.1422    7.16743
11.1422    7.16743
11.1628    7.16743
11.1835    7.16743
11.1628    7.16743
11.1835    7.16743
11.1835    7.16743
11.1835    7.16743
11.1835    7.16743
11.1835    7.16743
11.1835    7.14856
11.1835    7.14856
11.1835    7.14856
11.1835    7.1297
11.1835    7.1297
11.1835    7.11084
11.1835    7.11084
11.1835    7.11084
11.1835    7.09198
11.2041    7.09198
11.2247    7.09198
11.2041    7.09198
11.2247    7.09198
11.2247    7.09198
11.2247    7.09198
11.2454    7.09198
11.266    7.11084
11.266    7.11084
11.2866    7.11084
11.3073    7.11084
11.3073    7.1297
11.3279    7.1297
11.3485    7.1297
11.3485    7.1297
11.3692    7.1297
11.3898    7.1297
11.3898    7.1297
11.3898    7.1297
11.4105    7.1297
11.4311    7.11084
11.4311    7.11084
11.4311    7.11084
11.4517    7.09198
11.4724    7.09198
11.4724    7.05426
11.4724    7.05426
11.493    7.03539
11.5136    7.01653
11.5136    6.99767
11.5136    6.95995
11.5343    6.94109
11.5549    6.94109
11.5549    6.92222
11.5549    6.90336
11.5755    6.8845
11.5962    6.86564
11.5962    6.86564
11.6168    6.84678
11.6374    6.84678
11.6374    6.84678
11.6374    6.84678
11.6581    6.84678
11.6787    6.84678
11.6787    6.84678
11.6787    6.86564
11.6993    6.86564
11.72    6.8845
11.72    6.8845
11.72    6.8845
11.7406    6.8845
11.7612    6.90336
11.7819    6.8845
11.8025    6.8845
11.8025    6.8845
11.8231    6.8845
11.8644    6.86564
11.885    6.86564
11.885    6.84678
11.9057    6.84678
11.9676    6.82792
11.9882    6.80905
12.0295    6.79019
12.0501    6.77133
12.0707    6.75247
12.1326    6.73361
12.1533    6.71475
12.1739    6.71475
12.1945    6.71475
12.2358    6.69588
12.2771    6.69588
12.3183    6.69588
12.339    6.69588
12.339    6.69588
12.3596    6.69588
12.4215    6.69588
12.4215    6.69588
12.4421    6.67702
12.4834    6.67702
12.5247    6.67702
12.5866    6.6393
12.5866    6.62044
12.6278    6.60158
12.6485    6.58271
12.6897    6.56385
12.7516    6.54499
12.7723    6.52613
12.8135    6.52613
12.8548    6.50727
12.8754    6.50727
