6.80913    8.71408
6.80913    8.71408
6.80913    8.73294
6.82976    8.7518
6.8504    8.7518
6.82976    8.7518
6.8504    8.7518
6.8504    8.7518
6.8504    8.7518
6.87103    8.7518
6.89166    8.7518
6.87103    8.73294
6.89166    8.7518
6.89166    8.71408
6.9123    8.69522
6.93293    8.69522
6.93293    8.67636
6.93293    8.6575
6.95357    8.63863
6.9742    8.61977
6.9742    8.61977
6.9742    8.60091
6.99483    8.58205
7.0361    8.58205
7.05673    8.56319
7.05673    8.54433
7.07737    8.56319
7.098    8.54433
7.11864    8.54433
7.1599    8.56319
7.18054    8.54433
7.20117    8.56319
7.24244    8.56319
7.28371    8.58205
7.30434    8.60091
7.30434    8.58205
7.32497    8.60091
7.34561    8.60091
7.36624    8.60091
7.40751    8.60091
7.42814    8.60091
7.42814    8.60091
7.44878    8.60091
7.51068    8.58205
7.51068    8.60091
7.53131    8.58205
7.57258    8.58205
7.59321    8.56319
7.61385    8.52546
7.65511    8.5066
7.67575    8.52546
7.69638    8.48774
7.73765    8.48774
7.77892    8.46888
7.79955    8.46888
7.82018    8.46888
7.84082    8.48774
7.84082    8.46888
7.88208    8.48774
7.92335    8.48774
7.94398    8.48774
7.98525    8.48774
8.00589    8.5066
8.04715    8.54433
8.06779    8.56319
8.10905    8.54433
8.12969    8.56319
8.15032    8.56319
8.21222    8.56319
8.23286    8.54433
8.27412    8.56319
8.31539    8.54433
8.33603    8.54433
8.37729    8.52546
8.39793    8.5066
8.43919    8.5066
8.48046    8.5066
8.5011    8.5066
8.54236    8.5066
8.58363    8.5066
8.60426    8.5066
8.64553    8.5066
8.6868    8.5066
8.7487    8.5066
8.76933    8.52546
8.8106    8.5066
8.85187    8.52546
8.8725    8.52546
8.91377    8.54433
8.9344    8.54433
8.97567    8.54433
9.01694    8.54433
9.03757    8.54433
9.05821    8.52546
9.09947    8.5066
9.14074    8.5066
9.16137    8.5066
9.16137    8.5066
9.22328    8.5066
9.26454    8.5066
9.28518    8.5066
9.30581    8.5066
9.34708    8.5066
9.40898    8.5066
9.42961    8.5066
9.47088    8.5066
9.51215    8.5066
9.55342    8.5066
9.61532    8.5066
9.63595    8.5066
9.65658    8.5066
9.67722    8.5066
9.71849    8.5066
9.75975    8.48774
9.78039    8.45002
9.78039    8.43116
9.80102    8.43116
9.82165    8.41229
9.84229    8.37457
9.88356    8.35571
9.88356    8.35571
9.90419    8.35571
9.92482    8.33685
9.96609    8.31799
10.0074    8.31799
10.028    8.29912
10.028    8.29912
10.0486    8.28026
10.1105    8.29912
10.1312    8.28026
10.1724    8.29912
10.1931    8.28026
10.1931    8.28026
10.2343    8.2614
10.255    8.24254
10.2756    8.24254
10.2756    8.22368
10.2962    8.20482
10.3375    8.18595
10.3581    8.14823
10.3581    8.12937
10.3788    8.12937
10.3994    8.11051
10.42    8.07278
10.42    8.07278
10.4407    8.05392
10.4407    8.07278
10.4407    8.03506
10.4613    8.03506
10.5026    8.03506
10.5026    8.03506
10.5026    8.03506
10.5232    8.0162
10.5232    8.0162
10.5438    8.0162
10.5645    7.99734
10.5645    7.97848
10.5645    7.97848
10.5851    7.94075
10.6057    7.94075
10.5851    7.92189
10.6264    7.90303
10.6264    7.88417
10.6264    7.84644
10.6264    7.82758
10.647    7.82758
10.6264    7.80872
10.6676    7.78986
10.6676    7.78986
10.6883    7.771
10.6883    7.75214
10.6676    7.75214
10.6883    7.73327
10.6883    7.71441
10.7089    7.73327
10.7295    7.71441
10.7295    7.73327
10.7502    7.71441
10.7708    7.71441
10.7708    7.73327
10.7914    7.71441
10.8121    7.71441
10.8121    7.73327
10.8533    7.71441
10.8533    7.73327
10.8533    7.71441
10.8946    7.73327
10.8946    7.71441
10.9152    7.73327
10.9152    7.69555
10.9359    7.69555
10.9359    7.69555
10.9359    7.67669
10.9359    7.69555
10.9565    7.67669
10.9771    7.67669
10.9565    7.67669
10.9771    7.65783
10.9565    7.62011
10.9771    7.60124
10.9565    7.60124
10.9771    7.58238
10.9771    7.56352
10.9565    7.54466
10.9771    7.50694
10.9565    7.48807
10.9771    7.48807
10.9565    7.48807
10.9771    7.46921
10.9565    7.45035
10.9771    7.45035
10.9565    7.45035
10.9771    7.43149
10.9565    7.41263
10.9771    7.43149
10.9771    7.41263
10.9771    7.43149
10.9771    7.41263
10.9771    7.41263
10.9978    7.43149
11.0184    7.41263
11.0184    7.43149
11.0184    7.41263
11.039    7.43149
11.0597    7.43149
11.0597    7.43149
11.0597    7.43149
11.0803    7.43149
11.1009    7.43149
11.1009    7.43149
11.1009    7.41263
11.1216    7.43149
11.1216    7.41263
11.1422    7.41263
11.1216    7.39377
11.1422    7.3749
11.1216    7.3749
11.1422    7.35604
11.1216    7.31832
11.1422    7.29946
11.1216    7.31832
11.1422    7.2806
11.1216    7.2806
11.1422    7.2806
11.1422    7.2806
11.1422    7.2806
11.1422    7.2806
11.1422    7.2806
11.1628    7.2806
11.1835    7.2806
11.1835    7.29946
11.1835    7.31832
11.1835    7.29946
11.2041    7.33718
11.2247    7.33718
11.2247    7.33718
11.2247    7.33718
11.2454    7.33718
11.266    7.35604
11.2454    7.33718
11.266    7.35604
11.266    7.33718
11.266    7.35604
11.266    7.33718
11.266    7.33718
11.266    7.33718
11.2866    7.33718
11.3073    7.31832
11.2866    7.29946
11.3073    7.29946
11.2866    7.29946
11.3073    7.29946
11.3073    7.29946
11.3073    7.29946
11.3073    7.29946
11.3073    7.29946
11.4724    7.33718
11.4724    7.33718
11.493    7.35604
11.5136    7.35604
11.5136    7.35604
11.5136    7.35604
11.5343    7.3749
11.5549    7.39377
11.5549    7.3749
11.5549    7.39377
11.5549    7.3749
11.5755    7.39377
11.5755    7.3749
11.5755    7.39377
11.5755    7.3749
11.5755    7.3749
11.5962    7.3749
11.5962    7.3749
11.5962    7.35604
11.5962    7.33718
11.5962    7.33718
11.5962    7.31832
11.5962    7.2806
11.5962    7.26173
11.6168    7.2806
11.6168    7.26173
11.6168    7.26173
11.6374    7.24287
11.6374    7.22401
11.6374    7.22401
11.6581    7.20515
11.6581    7.20515
11.6787    7.18629
11.6993    7.20515
11.72    7.20515
11.72    7.18629
11.7406    7.20515
11.7819    7.20515
11.8025    7.20515
11.8231    7.22401
11.8438    7.24287
11.8644    7.22401
11.9057    7.24287
11.9263    7.24287
11.9469    7.24287
11.9676    7.24287
11.9882    7.24287
12.0295    7.24287
12.0501    7.22401
12.0707    7.24287
12.0914    7.20515
12.1326    7.18629
12.1533    7.20515
12.1739    7.16743
12.1945    7.16743
12.2152    7.14856
12.2771    7.16743
12.2977    7.14856
12.339    7.16743
12.3596    7.14856
12.3802    7.14856
12.4421    7.16743
12.4834    7.14856
12.5247    7.16743
12.5659    7.16743
12.6072    7.18629
12.6897    7.22401
12.7104    7.24287
12.7516    7.24287
12.7929    7.26173
12.8342    7.2806
12.8961    7.2806
12.9167    7.2806
12.958    7.2806
12.9786    7.2806
13.0199    7.2806
13.0818    7.2806
13.1231    7.2806
13.1437    7.2806
13.185    7.2806
