7.63448    5.43215
7.63448    5.43215
7.63448    5.43215
7.63448    5.45102
7.65511    5.46988
7.67575    5.46988
7.65511    5.46988
7.67575    5.46988
7.69638    5.46988
7.71701    5.46988
7.71701    5.46988
7.73765    5.46988
7.77892    5.46988
7.82018    5.46988
7.86145    5.46988
7.88208    5.45102
7.90272    5.46988
7.94398    5.45102
8.00589    5.45102
8.00589    5.43215
8.04715    5.41329
8.06779    5.43215
8.12969    5.41329
8.17096    5.43215
8.21222    5.41329
8.23286    5.43215
8.29476    5.41329
8.31539    5.43215
8.39793    5.41329
8.43919    5.43215
8.48046    5.43215
8.52173    5.45102
8.563    5.46988
8.64553    5.46988
8.6868    5.48874
8.72807    5.5076
8.76933    5.5076
8.8106    5.5076
8.89314    5.52646
8.9344    5.54532
8.97567    5.52646
9.01694    5.54532
9.05821    5.52646
9.14074    5.54532
9.20264    5.52646
9.22328    5.54532
9.28518    5.52646
9.32644    5.54532
9.42961    5.52646
9.49151    5.54532
9.51215    5.54532
9.57405    5.54532
9.61532    5.56419
9.69785    5.60191
9.73912    5.60191
9.78039    5.62077
9.82165    5.60191
9.86292    5.62077
9.92482    5.63963
9.98672    5.65849
10.028    5.65849
10.0693    5.67736
10.1105    5.69622
10.1724    5.71508
10.2343    5.73394
10.255    5.73394
10.3169    5.73394
10.3375    5.7528
10.42    5.79053
10.4613    5.79053
10.5026    5.80939
10.5438    5.79053
10.5645    5.80939
10.6264    5.80939
10.6883    5.80939
10.7089    5.82825
10.7502    5.84711
10.7914    5.84711
10.8533    5.88483
10.8533    5.9037
10.874    5.92256
10.9359    5.92256
10.9359    5.94142
10.9771    5.998
11.0184    5.998
11.039    6.01687
11.0803    6.05459
11.1009    6.07345
11.1216    6.09231
11.1628    6.13004
11.1835    6.1489
11.1835    6.1489
11.2041    6.16776
11.266    6.22434
11.266    6.22434
11.2866    6.2432
11.3279    6.28093
11.3485    6.29979
11.3692    6.31865
11.4105    6.33751
11.4517    6.33751
11.4724    6.35637
11.493    6.3941
11.5549    6.41296
11.5755    6.41296
11.6168    6.43182
11.6374    6.46954
11.6374    6.48841
11.6787    6.50727
11.6993    6.52613
11.7406    6.52613
11.7612    6.54499
11.7612    6.58271
11.7819    6.62044
11.8231    6.62044
11.8231    6.6393
11.8438    6.6393
11.8438    6.65816
11.8644    6.69588
11.885    6.71475
11.885    6.71475
11.9057    6.71475
11.9469    6.73361
11.9882    6.77133
12.0088    6.77133
12.0295    6.79019
12.0501    6.77133
12.0707    6.79019
12.1326    6.79019
12.1533    6.79019
12.1945    6.79019
12.2358    6.79019
12.2564    6.79019
12.2977    6.79019
12.339    6.79019
12.3802    6.79019
12.4009    6.79019
12.4421    6.79019
12.5247    6.79019
12.5453    6.79019
12.5659    6.79019
12.6072    6.79019
12.6485    6.79019
12.7104    6.79019
12.7104    6.77133
12.7516    6.79019
12.7723    6.79019
12.8342    6.77133
12.8961    6.79019
12.9373    6.77133
