5.61237    9.8835
5.61237    9.86464
5.63301    9.86464
5.67427    9.84578
5.69491    9.82692
5.67427    9.82692
5.69491    9.80806
5.69491    9.80806
5.71554    9.78919
5.73618    9.78919
5.73618    9.77033
5.73618    9.77033
5.73618    9.77033
5.77744    9.77033
5.77744    9.77033
5.79808    9.77033
5.81871    9.77033
5.81871    9.77033
5.83934    9.78919
5.88061    9.78919
5.90125    9.78919
5.90125    9.78919
5.92188    9.80806
5.96315    9.82692
5.98378    9.84578
5.98378    9.84578
6.00441    9.86464
6.04568    9.8835
6.06632    9.90236
6.08695    9.92123
6.10758    9.94009
6.10758    9.94009
6.12822    9.95895
6.16948    9.95895
6.19012    9.95895
6.19012    9.95895
6.21075    9.95895
6.23139    9.95895
6.25202    9.95895
6.27265    9.95895
6.27265    9.94009
6.29329    9.94009
6.33455    9.92123
6.37582    9.90236
6.39646    9.8835
6.39646    9.86464
6.41709    9.84578
6.45836    9.80806
6.49962    9.77033
6.54089    9.73261
6.56153    9.71375
6.58216    9.67602
6.62343    9.65716
6.68533    9.60058
6.70596    9.58172
6.74723    9.56285
6.7885    9.54399
6.80913    9.52513
6.87103    9.48741
6.93293    9.46855
6.95357    9.44968
6.99483    9.43082
7.0361    9.43082
7.098    9.3931
7.11864    9.3931
7.1599    9.37424
7.20117    9.35538
7.2218    9.35538
7.24244    9.31765
7.28371    9.29879
7.30434    9.29879
7.32497    9.26107
7.34561    9.24221
7.38687    9.20448
7.40751    9.16676
7.44878    9.1479
7.46941    9.11018
7.46941    9.09131
7.51068    9.03473
7.55194    8.99701
7.57258    8.95928
7.61385    8.94042
7.63448    8.92156
7.67575    8.88384
7.69638    8.88384
7.73765    8.86497
7.75828    8.84611
7.77892    8.84611
7.84082    8.82725
7.86145    8.80839
7.90272    8.80839
7.94398    8.80839
7.96462    8.80839
8.00589    8.80839
8.04715    8.80839
8.06779    8.80839
8.10905    8.78953
8.12969    8.78953
8.15032    8.78953
8.19159    8.77067
8.21222    8.77067
8.21222    8.7518
8.23286    8.7518
8.29476    8.71408
8.29476    8.69522
8.31539    8.67636
8.35666    8.6575
8.37729    8.63863
8.39793    8.61977
8.43919    8.60091
8.48046    8.58205
8.5011    8.56319
8.5011    8.54433
8.54236    8.52546
8.563    8.52546
8.60426    8.52546
8.6249    8.5066
8.64553    8.5066
8.70743    8.5066
8.70743    8.5066
8.72807    8.5066
8.76933    8.5066
8.78997    8.5066
8.83124    8.52546
8.85187    8.52546
8.89314    8.54433
8.91377    8.56319
8.9344    8.56319
8.97567    8.58205
9.01694    8.60091
9.03757    8.60091
9.03757    8.60091
9.05821    8.61977
9.09947    8.61977
9.12011    8.61977
9.12011    8.63863
9.12011    8.63863
9.14074    8.63863
9.18201    8.63863
9.18201    8.63863
9.20264    8.63863
9.20264    8.63863
9.20264    8.63863
9.22328    8.63863
9.24391    8.61977
9.24391    8.61977
9.24391    8.61977
9.24391    8.60091
9.26454    8.60091
9.28518    8.58205
9.26454    8.58205
9.28518    8.56319
9.28518    8.54433
9.28518    8.5066
9.30581    8.48774
9.30581    8.46888
9.30581    8.43116
9.32644    8.41229
9.32644    8.35571
9.32644    8.33685
9.32644    8.31799
9.34708    8.29912
9.36771    8.28026
9.36771    8.24254
9.36771    8.22368
9.38835    8.20482
9.40898    8.20482
9.40898    8.20482
9.40898    8.18595
9.42961    8.18595
9.45025    8.16709
9.42961    8.16709
9.45025    8.16709
9.45025    8.18595
9.45025    8.18595
9.47088    8.18595
9.49151    8.20482
9.49151    8.20482
9.49151    8.22368
9.51215    8.22368
9.53278    8.24254
9.53278    8.22368
9.53278    8.24254
9.55342    8.24254
9.57405    8.24254
9.55342    8.24254
9.59468    8.24254
9.59468    8.24254
9.61532    8.24254
9.59468    8.22368
9.61532    8.22368
9.61532    8.22368
9.61532    8.20482
9.63595    8.18595
9.65658    8.18595
9.65658    8.16709
9.65658    8.14823
9.67722    8.12937
9.69785    8.11051
9.69785    8.09165
9.69785    8.09165
9.71849    8.07278
9.73912    8.05392
9.73912    8.0162
9.75975    8.0162
9.78039    7.99734
9.78039    7.99734
9.78039    7.99734
9.80102    7.97848
9.82165    7.97848
9.82165    7.97848
9.82165    7.97848
9.84229    7.97848
9.86292    7.97848
9.86292    7.97848
9.88356    7.99734
9.90419    7.99734
9.90419    7.99734
9.92482    8.0162
9.94546    8.03506
9.94546    8.03506
9.96609    8.05392
9.98672    8.03506
9.98672    8.05392
9.98672    8.07278
10.0074    8.09165
10.028    8.09165
10.028    8.09165
10.028    8.11051
10.028    8.11051
10.0486    8.11051
10.0693    8.12937
10.0486    8.12937
10.0693    8.14823
10.0693    8.12937
10.0693    8.14823
10.0693    8.14823
10.0693    8.14823
10.0899    8.14823
10.1105    8.14823
10.0899    8.12937
10.1105    8.12937
10.0899    8.12937
10.0899    8.11051
10.1105    8.11051
10.0899    8.09165
10.0899    8.09165
10.0899    8.09165
10.0899    8.05392
10.0899    8.05392
10.0899    8.03506
10.0899    8.03506
10.0899    8.0162
10.0899    7.99734
10.0899    7.97848
10.0899    7.97848
10.0899    7.95961
10.0899    7.94075
10.0899    7.92189
10.0899    7.92189
10.0899    7.90303
10.0899    7.88417
10.0899    7.88417
10.0693    7.86531
10.0486    7.86531
10.0693    7.84644
10.0486    7.84644
10.0693    7.82758
10.0486    7.82758
10.0693    7.80872
10.0486    7.80872
10.0693    7.80872
10.0486    7.80872
10.0693    7.78986
10.0486    7.78986
10.0693    7.78986
10.0693    7.78986
10.0693    7.78986
10.0693    7.78986
10.0899    7.78986
10.1105    7.78986
10.0899    7.78986
10.1105    7.78986
10.1105    7.78986
10.1312    7.78986
10.1518    7.78986
10.1518    7.78986
10.1518    7.78986
10.1724    7.78986
10.1931    7.78986
10.1724    7.78986
10.1931    7.78986
10.1931    7.78986
10.2137    7.80872
10.2343    7.80872
10.2343    7.80872
10.2343    7.80872
10.2343    7.80872
10.255    7.80872
10.2756    7.80872
10.2756    7.80872
10.2756    7.80872
10.2756    7.80872
10.2962    7.82758
10.3169    7.80872
10.3169    7.82758
10.3169    7.80872
10.3169    7.82758
10.3169    7.82758
10.3375    7.82758
10.3581    7.82758
10.3375    7.82758
10.3581    7.82758
10.3375    7.82758
10.3581    7.82758
10.3581    7.82758
10.3581    7.82758
10.3581    7.80872
10.3581    7.80872
10.3581    7.80872
10.3581    7.80872
10.3581    7.78986
10.3581    7.78986
10.3581    7.771
10.3581    7.771
10.3581    7.75214
10.3375    7.75214
10.3581    7.73327
10.3375    7.71441
10.3581    7.71441
10.3375    7.69555
10.3581    7.69555
10.3375    7.67669
10.3375    7.65783
10.3375    7.63897
10.3375    7.63897
10.3375    7.62011
10.3169    7.60124
10.3169    7.58238
10.2962    7.58238
10.3169    7.56352
10.2962    7.56352
10.3169    7.5258
10.2962    7.5258
10.3169    7.50694
10.2962    7.50694
10.3169    7.50694
10.2962    7.48807
10.3169    7.46921
10.3169    7.46921
10.3169    7.46921
10.3169    7.46921
10.3375    7.45035
10.3581    7.45035
10.3581    7.45035
10.3581    7.45035
10.3581    7.45035
10.3788    7.45035
10.3994    7.45035
10.3994    7.45035
10.42    7.45035
10.4407    7.45035
10.4407    7.45035
10.4613    7.45035
10.4819    7.45035
10.4819    7.45035
10.5026    7.45035
10.5438    7.45035
10.5438    7.45035
10.5645    7.45035
10.5645    7.45035
10.5645    7.45035
10.5851    7.43149
10.6057    7.43149
10.6057    7.43149
10.6057    7.43149
10.6057    7.43149
10.6057    7.41263
10.6057    7.41263
10.6057    7.39377
10.6264    7.39377
10.647    7.3749
10.6264    7.35604
10.647    7.33718
10.6264    7.33718
10.647    7.31832
10.6264    7.29946
10.647    7.26173
10.6264    7.26173
10.647    7.24287
10.6264    7.22401
10.647    7.20515
10.6264    7.16743
10.647    7.14856
10.6264    7.1297
10.647    7.11084
10.6264    7.11084
10.647    7.09198
10.647    7.07312
10.647    7.07312
10.647    7.07312
10.6676    7.05426
10.6883    7.05426
10.6883    7.05426
10.6883    7.05426
10.7089    7.05426
10.7295    7.05426
10.7295    7.05426
10.7502    7.07312
10.7708    7.07312
10.7708    7.07312
10.7914    7.07312
10.8121    7.09198
10.8121    7.09198
10.8327    7.09198
10.8533    7.11084
10.8533    7.11084
10.874    7.11084
10.8946    7.1297
10.874    7.1297
10.8946    7.1297
10.8946    7.1297
10.9152    7.1297
10.9359    7.11084
10.9359    7.11084
10.9359    7.11084
10.9565    7.09198
10.9771    7.07312
10.9771    7.05426
10.9771    7.05426
10.9771    7.03539
10.9978    7.01653
11.0184    6.97881
11.0184    6.95995
11.039    6.94109
11.0597    6.92222
11.0597    6.92222
11.0803    6.90336
11.1216    6.8845
11.1422    6.8845
11.1422    6.8845
11.1628    6.86564
11.2041    6.86564
11.2247    6.86564
11.2454    6.86564
11.266    6.86564
11.266    6.8845
11.3073    6.90336
11.3279    6.90336
11.3692    6.92222
11.3898    6.92222
11.3898    6.94109
11.4311    6.95995
11.4311    6.97881
11.4517    6.97881
11.493    6.99767
11.5136    6.99767
11.5343    7.01653
11.5549    7.01653
11.5755    7.01653
11.5962    7.01653
11.5962    7.01653
11.6374    7.01653
11.6581    7.01653
11.6993    7.01653
11.72    7.01653
11.72    6.99767
11.7819    6.99767
11.8231    6.97881
11.8438    6.97881
11.8644    6.95995
11.9057    6.95995
11.9676    6.94109
11.9676    6.94109
11.9882    6.94109
12.0295    6.94109
12.0707    6.94109
12.112    6.94109
12.1326    6.94109
12.1533    6.94109
12.1945    6.94109
12.2152    6.94109
12.2564    6.95995
12.2771    6.97881
12.3183    6.97881
12.3596    6.99767
12.4009    7.01653
12.4628    7.03539
12.4834    7.05426
12.5247    7.05426
12.5453    7.07312
12.5659    7.07312
12.6278    7.09198
12.6485    7.09198
12.6897    7.09198
12.731    7.09198
