6.16948    9.18562
6.16948    9.18562
6.16948    9.20448
6.16948    9.20448
6.19012    9.20448
6.19012    9.22335
6.19012    9.22335
6.19012    9.24221
6.19012    9.24221
6.21075    9.26107
6.21075    9.26107
6.21075    9.27993
6.21075    9.27993
6.23139    9.29879
6.23139    9.31765
6.23139    9.31765
6.25202    9.31765
6.25202    9.33651
6.27265    9.33651
6.29329    9.35538
6.29329    9.33651
6.31392    9.35538
6.33455    9.35538
6.35519    9.35538
6.37582    9.35538
6.39646    9.35538
6.43772    9.37424
6.45836    9.37424
6.49962    9.3931
6.54089    9.41196
6.58216    9.43082
6.60279    9.43082
6.64406    9.44968
6.70596    9.46855
6.7266    9.46855
6.76786    9.48741
6.7885    9.48741
6.82976    9.48741
6.89166    9.48741
6.93293    9.48741
6.9742    9.48741
7.01547    9.48741
7.05673    9.48741
7.11864    9.46855
7.1599    9.46855
7.20117    9.46855
7.24244    9.46855
7.28371    9.46855
7.34561    9.46855
7.38687    9.46855
7.42814    9.46855
7.46941    9.46855
7.51068    9.46855
7.59321    9.46855
7.63448    9.46855
7.67575    9.46855
7.71701    9.46855
7.75828    9.46855
7.84082    9.44968
7.88208    9.44968
7.92335    9.44968
7.96462    9.43082
8.00589    9.43082
8.06779    9.41196
8.10905    9.3931
8.15032    9.37424
8.19159    9.37424
8.23286    9.35538
8.29476    9.33651
8.33603    9.33651
8.35666    9.33651
8.39793    9.33651
8.43919    9.31765
8.5011    9.31765
8.54236    9.31765
8.58363    9.29879
8.60426    9.29879
8.64553    9.29879
8.72807    9.29879
8.76933    9.29879
8.8106    9.29879
8.83124    9.29879
8.8725    9.27993
8.9344    9.27993
8.97567    9.26107
9.01694    9.24221
9.03757    9.24221
9.07884    9.22335
9.14074    9.20448
9.16137    9.18562
9.20264    9.16676
9.22328    9.1479
9.26454    9.12904
9.32644    9.11018
9.36771    9.09131
9.38835    9.09131
9.42961    9.07245
9.45025    9.07245
9.51215    9.03473
9.55342    9.03473
9.59468    9.01587
9.61532    9.01587
9.65658    8.99701
9.71849    8.97814
9.75975    8.97814
9.80102    8.95928
9.82165    8.95928
9.86292    8.94042
9.92482    8.92156
9.94546    8.9027
9.98672    8.88384
10.0074    8.86497
10.0486    8.84611
10.0899    8.80839
10.1312    8.78953
10.1518    8.77067
10.1724    8.7518
10.2137    8.73294
10.255    8.71408
10.2756    8.69522
10.3169    8.67636
10.3375    8.67636
10.3581    8.6575
10.42    8.61977
10.4613    8.61977
10.4819    8.60091
10.5026    8.58205
10.5438    8.58205
10.5851    8.56319
10.6264    8.54433
10.647    8.52546
10.6676    8.52546
10.6883    8.5066
10.7295    8.48774
10.7502    8.46888
10.7708    8.45002
10.7708    8.45002
10.7914    8.43116
10.8121    8.41229
10.8121    8.39343
10.8327    8.39343
10.8327    8.37457
10.8533    8.37457
10.874    8.35571
10.874    8.35571
10.8946    8.35571
10.9152    8.33685
10.9152    8.33685
10.9359    8.33685
10.9565    8.31799
10.9771    8.31799
10.9771    8.31799
10.9771    8.31799
10.9978    8.31799
11.0184    8.31799
11.0184    8.31799
11.0184    8.31799
11.039    8.31799
11.039    8.31799
11.039    8.31799
11.039    8.31799
11.0597    8.31799
11.0597    8.31799
11.0597    8.29912
11.0597    8.29912
11.0803    8.29912
11.0803    8.28026
11.1009    8.29912
11.1216    8.29912
11.1422    8.28026
11.1628    8.28026
11.1628    8.28026
11.1835    8.28026
11.2041    8.28026
11.2247    8.28026
11.2454    8.28026
11.2454    8.28026
11.266    8.28026
11.266    8.28026
11.2866    8.28026
11.2866    8.28026
11.2866    8.2614
11.3073    8.2614
11.3073    8.2614
11.2866    8.2614
11.2866    8.24254
11.3073    8.24254
11.3073    8.24254
11.3073    8.24254
11.2866    8.22368
11.2866    8.22368
11.3073    8.22368
11.2866    8.20482
11.2866    8.20482
11.3073    8.20482
11.3073    8.18595
11.3073    8.18595
11.3279    8.16709
11.3279    8.14823
11.3485    8.14823
11.3692    8.14823
11.3692    8.12937
11.3898    8.12937
11.4105    8.11051
11.4311    8.11051
11.4311    8.11051
11.4517    8.09165
11.4517    8.11051
11.4724    8.09165
11.4724    8.09165
11.493    8.09165
11.493    8.09165
11.493    8.07278
11.493    8.07278
11.493    8.07278
11.493    8.07278
11.493    8.07278
11.493    8.07278
11.4724    8.07278
11.4724    8.07278
11.4517    8.07278
11.4517    8.07278
11.4517    8.07278
11.4311    8.07278
11.4105    8.07278
11.4105    8.07278
11.4105    8.05392
11.3898    8.05392
11.3692    8.03506
11.3692    8.03506
11.3692    8.03506
11.3692    8.03506
11.3692    8.0162
11.3692    8.0162
11.3692    7.99734
11.3692    8.0162
11.3692    7.99734
11.3692    7.99734
11.3898    7.99734
11.3898    7.99734
11.4105    7.99734
11.4105    7.99734
11.4105    7.99734
11.3898    7.97848
11.4105    7.97848
11.3898    7.97848
11.3898    7.97848
11.3898    7.95961
11.3898    7.95961
11.3692    7.95961
11.3692    7.95961
11.3692    7.95961
11.3692    7.94075
11.3485    7.94075
11.3485    7.92189
11.3279    7.92189
11.3279    7.92189
11.3279    7.90303
11.3073    7.90303
11.3073    7.90303
11.3073    7.88417
11.2866    7.88417
11.2866    7.88417
11.2866    7.88417
11.2866    7.88417
11.2866    7.88417
11.2866    7.88417
11.2866    7.88417
11.2866    7.88417
11.2866    7.88417
11.2866    7.88417
11.3073    7.88417
11.3073    7.88417
11.3073    7.88417
11.3073    7.86531
11.3073    7.86531
11.3073    7.86531
11.3073    7.86531
11.2866    7.86531
11.2866    7.84644
11.2866    7.84644
11.266    7.84644
11.266    7.82758
11.2454    7.80872
11.2247    7.80872
11.2247    7.78986
11.2041    7.78986
11.2041    7.78986
11.1835    7.771
11.1835    7.771
11.1628    7.75214
11.1628    7.75214
11.1628    7.75214
11.1628    7.73327
11.1628    7.73327
11.1628    7.73327
11.1628    7.73327
11.1628    7.73327
11.1628    7.73327
11.1628    7.73327
11.1628    7.73327
11.1628    7.73327
11.1835    7.73327
11.1835    7.73327
11.1835    7.71441
11.2041    7.73327
11.2041    7.71441
11.2041    7.73327
11.2247    7.73327
11.2247    7.73327
11.2454    7.73327
11.2454    7.71441
11.2454    7.71441
11.2454    7.69555
11.266    7.69555
11.266    7.69555
11.266    7.67669
11.266    7.65783
11.266    7.63897
11.266    7.63897
11.266    7.62011
11.266    7.60124
11.266    7.58238
11.266    7.56352
11.266    7.56352
11.266    7.54466
11.266    7.5258
11.266    7.5258
11.2866    7.50694
11.2866    7.50694
11.2866    7.50694
11.2866    7.48807
11.3073    7.48807
11.3073    7.48807
11.3073    7.48807
11.3279    7.48807
11.3279    7.48807
11.3485    7.46921
11.3485    7.46921
11.3692    7.46921
11.3692    7.46921
11.3898    7.46921
11.3898    7.45035
11.4105    7.45035
11.4105    7.45035
11.4105    7.43149
11.4105    7.43149
11.4311    7.41263
11.4311    7.39377
11.4311    7.39377
11.4517    7.3749
11.4517    7.3749
11.4724    7.35604
11.4724    7.33718
11.493    7.33718
11.493    7.33718
11.5136    7.31832
11.5343    7.31832
11.5343    7.31832
11.5549    7.31832
11.5549    7.29946
11.5755    7.29946
11.5962    7.29946
11.6168    7.29946
11.6168    7.29946
11.6374    7.29946
11.6374    7.29946
11.6787    7.29946
11.6787    7.29946
11.6993    7.2806
11.6993    7.2806
11.6993    7.2806
11.72    7.26173
11.7406    7.24287
11.7406    7.24287
11.7406    7.24287
11.7612    7.22401
11.7819    7.22401
11.8025    7.20515
11.8231    7.18629
11.8438    7.18629
11.8644    7.16743
11.885    7.16743
11.9057    7.14856
11.9263    7.14856
11.9469    7.14856
11.9676    7.14856
12.0088    7.14856
12.0295    7.14856
12.0501    7.14856
12.0707    7.1297
12.0914    7.1297
12.1326    7.1297
12.1533    7.11084
12.1533    7.11084
12.1739    7.11084
12.1945    7.09198
12.2358    7.09198
12.2564    7.09198
12.2771    7.09198
12.2977    7.09198
12.3183    7.09198
12.3596    7.09198
12.4009    7.09198
12.4215    7.09198
12.4421    7.09198
12.4834    7.09198
12.5247    7.09198
12.5659    7.11084
12.5866    7.11084
12.6072    7.11084
12.6278    7.11084
12.6691    7.09198
12.6897    7.09198
12.7104    7.09198
12.731    7.07312
12.7516    7.07312
