6.87103    9.61944
6.87103    9.61944
6.89166    9.61944
6.9123    9.6383
6.95357    9.65716
6.95357    9.6383
6.9742    9.67602
6.99483    9.67602
7.0361    9.69489
7.07737    9.69489
7.098    9.69489
7.098    9.71375
7.11864    9.73261
7.18054    9.73261
7.18054    9.73261
7.20117    9.73261
7.24244    9.73261
7.26307    9.73261
7.28371    9.73261
7.30434    9.71375
7.30434    9.73261
7.32497    9.69489
7.36624    9.69489
7.40751    9.67602
7.42814    9.65716
7.42814    9.6383
7.44878    9.61944
7.49004    9.58172
7.53131    9.54399
7.57258    9.52513
7.59321    9.50627
7.61385    9.46855
7.65511    9.44968
7.71701    9.43082
7.71701    9.3931
7.75828    9.3931
7.79955    9.37424
7.82018    9.3931
7.90272    9.35538
7.94398    9.35538
7.96462    9.33651
7.98525    9.35538
8.04715    9.33651
8.10905    9.33651
8.17096    9.33651
8.19159    9.33651
8.25349    9.33651
8.27412    9.33651
8.35666    9.31765
8.39793    9.27993
8.43919    9.26107
8.45983    9.26107
8.48046    9.24221
8.563    9.20448
8.60426    9.16676
8.64553    9.1479
8.6868    9.1479
8.72807    9.12904
8.78997    9.05359
8.83124    9.03473
8.8725    9.03473
8.91377    9.01587
8.95504    8.97814
9.01694    8.95928
9.07884    8.97814
9.09947    8.95928
9.16137    8.95928
9.18201    8.95928
9.26454    8.95928
9.30581    8.94042
9.34708    8.92156
9.40898    8.94042
9.42961    8.92156
9.53278    8.94042
9.57405    8.92156
9.61532    8.94042
9.65658    8.92156
9.69785    8.92156
9.78039    8.9027
9.82165    8.88384
9.86292    8.88384
9.90419    8.86497
9.94546    8.82725
10.0074    8.78953
10.0693    8.77067
10.1105    8.7518
10.1518    8.71408
10.1931    8.69522
10.2756    8.67636
10.3169    8.63863
10.3581    8.61977
10.3994    8.61977
10.4407    8.61977
10.5232    8.60091
10.5645    8.56319
10.6057    8.56319
10.647    8.54433
10.6883    8.54433
10.7708    8.5066
10.8121    8.48774
10.8533    8.46888
10.8946    8.46888
10.9359    8.45002
10.9978    8.39343
11.0597    8.39343
11.0803    8.37457
11.1216    8.33685
11.1422    8.29912
11.1628    8.2614
11.2041    8.22368
11.2454    8.20482
11.266    8.18595
11.266    8.14823
11.3073    8.07278
11.3279    8.05392
11.3692    8.03506
11.3898    7.97848
11.3898    7.97848
11.4311    7.92189
11.4517    7.88417
11.4724    7.86531
11.493    7.86531
11.5136    7.84644
11.5343    7.80872
11.5755    7.78986
11.5962    7.78986
11.5962    7.771
11.6168    7.75214
11.6581    7.73327
11.6787    7.71441
11.6787    7.71441
11.6993    7.69555
11.7406    7.67669
11.7819    7.67669
11.7819    7.65783
11.8025    7.63897
11.8025    7.63897
11.8025    7.62011
11.8231    7.58238
11.8438    7.56352
11.8231    7.56352
11.8438    7.56352
11.8438    7.54466
11.8438    7.48807
11.8231    7.48807
11.8438    7.46921
11.8231    7.45035
11.8438    7.43149
11.8231    7.39377
11.8438    7.3749
11.8438    7.3749
11.8231    7.35604
11.8438    7.33718
11.8644    7.31832
11.9057    7.29946
11.9057    7.31832
11.9057    7.29946
11.9469    7.29946
11.9676    7.29946
11.9676    7.29946
11.9882    7.29946
12.0295    7.29946
12.0295    7.29946
12.0707    7.2806
12.0707    7.26173
12.0914    7.2806
12.0914    7.26173
12.112    7.2806
12.1326    7.26173
12.1326    7.26173
12.1533    7.24287
12.1533    7.22401
12.1739    7.22401
12.1739    7.20515
12.1945    7.18629
12.2152    7.18629
12.1945    7.16743
12.2358    7.14856
12.2564    7.14856
12.2564    7.14856
12.2564    7.14856
12.2771    7.14856
12.3183    7.16743
12.3596    7.14856
12.3802    7.18629
12.4009    7.18629
12.4421    7.20515
12.4834    7.20515
12.5453    7.24287
12.5453    7.24287
12.5866    7.26173
12.6278    7.2806
12.6485    7.2806
12.731    7.2806
12.7723    7.29946
12.8135    7.29946
12.8342    7.31832
12.8548    7.29946
