7.1599    9.09131
7.1599    9.07245
7.1599    9.07245
7.1599    9.05359
7.1599    9.03473
7.1599    9.01587
7.1599    9.01587
7.1599    8.99701
7.13927    8.97814
7.1599    8.97814
7.1599    8.97814
7.1599    8.95928
7.13927    8.95928
7.1599    8.94042
7.1599    8.94042
7.1599    8.92156
7.18054    8.92156
7.18054    8.9027
7.20117    8.88384
7.2218    8.88384
7.2218    8.86497
7.24244    8.86497
7.26307    8.86497
7.28371    8.84611
7.30434    8.82725
7.32497    8.82725
7.34561    8.82725
7.36624    8.82725
7.40751    8.80839
7.42814    8.78953
7.44878    8.78953
7.46941    8.77067
7.51068    8.77067
7.55194    8.7518
7.57258    8.73294
7.61385    8.71408
7.63448    8.71408
7.65511    8.69522
7.71701    8.67636
7.73765    8.6575
7.77892    8.63863
7.79955    8.63863
7.82018    8.63863
7.88208    8.61977
7.90272    8.61977
7.94398    8.61977
7.98525    8.61977
8.02652    8.60091
8.08842    8.60091
8.12969    8.60091
8.17096    8.61977
8.21222    8.61977
8.25349    8.61977
8.33603    8.63863
8.35666    8.63863
8.39793    8.63863
8.41856    8.63863
8.45983    8.63863
8.5011    8.63863
8.54236    8.63863
8.563    8.63863
8.60426    8.63863
8.6249    8.63863
8.66617    8.61977
8.6868    8.61977
8.70743    8.60091
8.7487    8.58205
8.76933    8.58205
8.8106    8.56319
8.85187    8.54433
8.8725    8.54433
8.89314    8.54433
8.9344    8.52546
8.97567    8.52546
9.01694    8.52546
9.05821    8.5066
9.07884    8.5066
9.12011    8.5066
9.16137    8.48774
9.20264    8.48774
9.22328    8.48774
9.24391    8.46888
9.26454    8.46888
9.32644    8.45002
9.34708    8.43116
9.36771    8.41229
9.38835    8.39343
9.40898    8.37457
9.45025    8.33685
9.47088    8.31799
9.49151    8.29912
9.51215    8.29912
9.53278    8.28026
9.57405    8.28026
9.59468    8.28026
9.61532    8.28026
9.63595    8.2614
9.65658    8.2614
9.71849    8.2614
9.73912    8.28026
9.78039    8.28026
9.80102    8.28026
9.84229    8.28026
9.88356    8.29912
9.92482    8.29912
9.94546    8.29912
9.96609    8.29912
9.98672    8.29912
10.0486    8.28026
10.0693    8.28026
10.0899    8.2614
10.1105    8.2614
10.1312    8.24254
10.1724    8.22368
10.2137    8.20482
10.2343    8.18595
10.255    8.16709
10.2756    8.16709
10.3169    8.14823
10.3375    8.12937
10.3581    8.12937
10.3788    8.11051
10.3994    8.11051
10.4407    8.09165
10.4613    8.09165
10.4819    8.09165
10.5026    8.09165
10.5232    8.09165
10.5851    8.09165
10.6057    8.09165
10.647    8.09165
10.6676    8.09165
10.6883    8.11051
10.7295    8.11051
10.7502    8.11051
10.7708    8.11051
10.7914    8.11051
10.7914    8.11051
10.8327    8.11051
10.8327    8.11051
10.8327    8.11051
10.8533    8.09165
10.8533    8.09165
10.874    8.09165
10.8533    8.07278
10.8533    8.07278
10.8533    8.07278
10.8533    8.07278
10.874    8.07278
10.874    8.07278
10.874    8.09165
10.874    8.09165
10.874    8.09165
10.8946    8.11051
10.9152    8.11051
10.9152    8.11051
10.9152    8.11051
10.9152    8.12937
10.9359    8.12937
10.9359    8.12937
10.9359    8.12937
10.9565    8.12937
10.9359    8.12937
10.9359    8.11051
10.9359    8.11051
10.9565    8.11051
10.9565    8.09165
10.9565    8.11051
10.9771    8.09165
10.9771    8.07278
10.9771    8.05392
10.9565    8.05392
10.9565    8.03506
10.9771    8.03506
10.9771    8.0162
10.9978    8.0162
10.9978    8.0162
11.0184    8.0162
11.0184    7.99734
11.039    7.99734
11.039    7.99734
11.0597    7.99734
11.0597    7.99734
11.0803    7.99734
11.0803    7.99734
11.0803    7.97848
11.1009    7.97848
11.1009    7.97848
11.1216    7.97848
11.1009    7.95961
11.1009    7.95961
11.1216    7.95961
11.1009    7.94075
11.1009    7.92189
11.1009    7.92189
11.1009    7.92189
11.1009    7.90303
11.1009    7.90303
11.0803    7.88417
11.0803    7.88417
11.1009    7.88417
11.1009    7.88417
11.1216    7.88417
11.1216    7.88417
11.1422    7.88417
11.1422    7.88417
11.1422    7.88417
11.1628    7.88417
11.1628    7.88417
11.1628    7.88417
11.1835    7.88417
11.1835    7.88417
11.1835    7.86531
11.1835    7.86531
11.1835    7.84644
11.1835    7.84644
11.1835    7.84644
11.1835    7.82758
11.1835    7.80872
11.1835    7.80872
11.1835    7.78986
11.1835    7.78986
11.1835    7.771
11.1835    7.75214
11.1835    7.75214
11.1835    7.75214
11.1835    7.73327
11.1835    7.73327
11.2041    7.73327
11.2041    7.73327
11.2247    7.71441
11.2454    7.73327
11.2454    7.71441
11.266    7.71441
11.266    7.71441
11.2866    7.71441
11.2866    7.71441
11.2866    7.71441
11.3073    7.71441
11.3279    7.71441
11.3279    7.71441
11.3279    7.71441
11.3279    7.71441
11.3279    7.71441
11.3279    7.69555
11.3279    7.69555
11.3279    7.69555
11.3279    7.69555
11.3279    7.67669
11.3279    7.67669
11.3279    7.67669
11.3279    7.67669
11.3279    7.67669
11.3279    7.65783
11.3279    7.65783
11.3279    7.65783
11.3279    7.65783
11.3279    7.65783
11.3279    7.65783
11.3485    7.65783
11.3485    7.65783
11.3485    7.65783
11.3692    7.65783
11.3898    7.67669
11.3898    7.67669
11.3898    7.67669
11.4105    7.67669
11.4105    7.67669
11.4311    7.69555
11.4311    7.69555
11.4311    7.69555
11.4311    7.69555
11.4311    7.69555
11.4517    7.69555
11.4517    7.69555
11.4517    7.69555
11.4517    7.69555
11.4517    7.69555
11.4517    7.69555
11.4517    7.69555
11.4517    7.69555
11.4517    7.69555
11.4517    7.69555
11.4311    7.69555
11.4311    7.69555
11.4311    7.67669
11.4311    7.67669
11.4311    7.67669
11.4105    7.67669
11.4105    7.65783
11.4105    7.65783
11.3898    7.65783
11.3898    7.65783
11.3898    7.63897
11.3898    7.63897
11.3898    7.63897
11.3898    7.63897
11.4105    7.63897
11.4105    7.63897
11.4311    7.63897
11.4311    7.63897
11.4517    7.63897
11.4517    7.63897
11.4724    7.63897
11.4724    7.62011
11.493    7.63897
11.493    7.62011
11.5136    7.63897
11.5343    7.62011
11.5343    7.62011
11.5343    7.62011
11.5343    7.62011
11.5549    7.62011
11.5549    7.60124
11.5549    7.60124
11.5549    7.58238
11.5549    7.58238
11.5549    7.56352
11.5549    7.56352
11.5549    7.54466
11.5549    7.54466
11.5549    7.5258
11.5549    7.5258
11.5549    7.50694
11.5549    7.48807
11.5755    7.48807
11.5755    7.48807
11.5962    7.46921
11.6168    7.46921
11.6168    7.45035
11.6374    7.45035
11.6581    7.45035
11.6787    7.43149
11.6993    7.43149
11.6993    7.43149
11.72    7.41263
11.72    7.41263
11.7406    7.39377
11.7612    7.39377
11.7612    7.3749
11.7819    7.3749
11.7819    7.3749
11.7819    7.35604
11.7819    7.33718
11.7819    7.33718
11.7819    7.31832
11.7819    7.31832
11.7819    7.29946
11.7819    7.29946
11.8025    7.29946
11.8025    7.2806
11.8231    7.2806
11.8438    7.2806
11.8438    7.26173
11.8644    7.26173
11.885    7.26173
11.9057    7.26173
11.9469    7.26173
11.9676    7.26173
11.9882    7.26173
12.0088    7.24287
12.0295    7.24287
12.0501    7.22401
12.0707    7.20515
12.0914    7.20515
12.112    7.18629
12.1326    7.16743
12.1739    7.1297
12.1945    7.11084
12.2152    7.09198
12.2358    7.07312
12.2564    7.03539
12.2977    6.99767
12.3183    6.97881
12.339    6.97881
12.3596    6.95995
12.3802    6.94109
12.4421    6.92222
12.4628    6.92222
12.4834    6.92222
12.5247    6.90336
12.5453    6.90336
12.6072    6.90336
12.6278    6.90336
12.6691    6.90336
12.6897    6.90336
12.7104    6.90336
12.7723    6.90336
