7.75828    9.1479
7.77892    9.1479
7.79955    9.1479
7.82018    9.12904
7.86145    9.12904
7.88208    9.12904
7.88208    9.11018
7.90272    9.11018
7.96462    9.09131
7.96462    9.07245
7.98525    9.05359
8.02652    9.03473
8.04715    9.01587
8.06779    8.97814
8.10905    8.95928
8.12969    8.92156
8.12969    8.9027
8.15032    8.86497
8.23286    8.80839
8.25349    8.78953
8.25349    8.77067
8.29476    8.7518
8.31539    8.73294
8.39793    8.69522
8.43919    8.67636
8.45983    8.6575
8.48046    8.6575
8.54236    8.63863
8.58363    8.60091
8.6249    8.60091
8.66617    8.58205
8.70743    8.56319
8.7487    8.56319
8.8106    8.52546
8.8725    8.52546
8.8725    8.5066
8.91377    8.5066
8.9344    8.48774
9.01694    8.45002
9.03757    8.43116
9.05821    8.41229
9.09947    8.39343
9.14074    8.37457
9.20264    8.33685
9.22328    8.31799
9.26454    8.29912
9.30581    8.28026
9.32644    8.2614
9.38835    8.22368
9.42961    8.22368
9.47088    8.20482
9.51215    8.20482
9.53278    8.18595
9.59468    8.16709
9.63595    8.16709
9.67722    8.14823
9.71849    8.14823
9.75975    8.12937
9.84229    8.11051
9.88356    8.11051
9.90419    8.11051
9.92482    8.09165
9.98672    8.07278
10.028    8.05392
10.0486    8.05392
10.0899    8.03506
10.1312    8.0162
10.1518    7.99734
10.1931    7.95961
10.2343    7.94075
10.255    7.92189
10.2962    7.90303
10.3375    7.88417
10.3994    7.84644
10.42    7.82758
10.4613    7.80872
10.4819    7.78986
10.5026    7.78986
10.5851    7.771
10.6057    7.75214
10.6264    7.73327
10.6676    7.73327
10.7089    7.71441
10.7708    7.69555
10.7914    7.69555
10.8533    7.67669
10.874    7.65783
10.9152    7.65783
10.9771    7.62011
10.9978    7.60124
11.039    7.60124
11.0803    7.58238
11.1009    7.56352
11.1422    7.5258
11.1835    7.48807
11.2247    7.46921
11.2454    7.45035
11.3073    7.41263
11.3485    7.35604
11.3898    7.33718
11.4311    7.31832
11.4517    7.29946
11.5136    7.29946
11.5755    7.26173
11.6168    7.24287
11.6581    7.22401
11.6993    7.22401
11.72    7.20515
11.7819    7.18629
11.8438    7.16743
11.8644    7.16743
11.9263    7.16743
11.9469    7.16743
12.0501    7.14856
12.0707    7.14856
12.1326    7.14856
12.1326    7.1297
12.1739    7.1297
12.2358    7.11084
12.2977    7.11084
12.3183    7.11084
12.3596    7.09198
12.4009    7.09198
12.4834    7.07312
12.5247    7.07312
12.5659    7.05426
12.5866    7.05426
12.6072    7.05426
12.6897    7.05426
