8.45983    9.07245
8.45983    9.07245
8.48046    9.05359
8.5011    9.01587
8.52173    9.01587
8.54236    8.99701
8.563    9.01587
8.58363    8.99701
8.6249    8.99701
8.66617    8.99701
8.6868    8.97814
8.72807    8.95928
8.7487    8.95928
8.83124    8.95928
8.85187    8.94042
8.89314    8.92156
8.9344    8.92156
8.97567    8.9027
9.03757    8.86497
9.07884    8.84611
9.09947    8.84611
9.14074    8.82725
9.18201    8.78953
9.24391    8.7518
9.28518    8.71408
9.30581    8.69522
9.34708    8.69522
9.38835    8.6575
9.45025    8.60091
9.49151    8.56319
9.53278    8.52546
9.57405    8.5066
9.61532    8.5066
9.67722    8.46888
9.71849    8.43116
9.75975    8.41229
9.80102    8.37457
9.84229    8.35571
9.90419    8.33685
9.94546    8.29912
9.98672    8.28026
10.028    8.2614
10.0693    8.22368
10.1312    8.18595
10.1724    8.14823
10.2137    8.12937
10.2343    8.12937
10.2756    8.09165
10.3375    8.03506
10.3788    7.99734
10.42    7.95961
10.4613    7.92189
10.4819    7.90303
10.5645    7.86531
10.6057    7.82758
10.647    7.80872
10.6676    7.771
10.7089    7.73327
10.7708    7.69555
10.8121    7.65783
10.8533    7.63897
10.8946    7.63897
10.9359    7.62011
11.0184    7.56352
11.0597    7.56352
11.1009    7.5258
11.1422    7.50694
11.1835    7.46921
11.2454    7.43149
11.2866    7.41263
11.3073    7.39377
11.3485    7.35604
11.3692    7.33718
11.4311    7.29946
11.4517    7.2806
11.493    7.24287
11.5136    7.22401
11.5549    7.20515
11.6168    7.16743
11.6374    7.14856
11.6787    7.14856
11.6993    7.1297
11.7406    7.11084
11.8025    7.11084
11.8231    7.11084
11.8644    7.09198
11.9057    7.07312
11.9263    7.09198
12.0088    7.07312
12.0501    7.09198
12.0914    7.07312
12.1326    7.09198
12.1739    7.07312
12.2358    7.09198
12.2977    7.07312
12.339    7.09198
12.3802    7.07312
12.4215    7.07312
12.4834    7.07312
12.5247    7.07312
12.5659    7.07312
12.6072    7.07312
12.6485    7.07312
12.731    7.07312
12.7723    7.09198
12.8135    7.07312
12.8548    7.09198
12.8961    7.09198
