6.54089    5.35671
6.54089    5.35671
6.54089    5.35671
6.54089    5.35671
6.56153    5.35671
6.54089    5.35671
6.56153    5.35671
6.54089    5.35671
6.58216    5.35671
6.58216    5.35671
6.60279    5.35671
6.58216    5.35671
6.60279    5.35671
6.62343    5.35671
6.64406    5.35671
6.64406    5.33785
6.66469    5.33785
6.70596    5.33785
6.7266    5.31898
6.7266    5.31898
6.74723    5.31898
6.7885    5.31898
6.80913    5.31898
6.82976    5.31898
6.87103    5.31898
6.89166    5.31898
6.89166    5.31898
6.9123    5.33785
6.9742    5.33785
6.99483    5.33785
7.0361    5.33785
7.05673    5.33785
7.07737    5.35671
7.13927    5.33785
7.1599    5.33785
7.20117    5.33785
7.24244    5.31898
7.26307    5.31898
7.32497    5.30012
7.36624    5.28126
7.40751    5.28126
7.44878    5.2624
7.49004    5.24354
7.57258    5.22468
7.61385    5.20581
7.65511    5.20581
7.69638    5.18695
7.73765    5.18695
7.82018    5.16809
7.86145    5.16809
7.90272    5.16809
7.94398    5.16809
7.98525    5.14923
8.06779    5.14923
8.10905    5.14923
8.15032    5.14923
8.19159    5.14923
8.25349    5.14923
8.31539    5.14923
8.37729    5.14923
8.39793    5.14923
8.45983    5.14923
8.48046    5.14923
8.58363    5.14923
8.6249    5.13037
8.66617    5.13037
8.70743    5.13037
8.7487    5.13037
8.83124    5.13037
8.8725    5.14923
8.91377    5.14923
8.95504    5.14923
8.97567    5.16809
9.07884    5.18695
9.09947    5.18695
9.16137    5.20581
9.18201    5.20581
9.22328    5.22468
9.30581    5.24354
9.34708    5.2624
9.36771    5.28126
9.38835    5.30012
9.45025    5.30012
9.49151    5.33785
9.53278    5.33785
9.55342    5.35671
9.61532    5.35671
9.63595    5.37557
9.69785    5.39443
9.71849    5.39443
9.78039    5.41329
9.80102    5.41329
9.84229    5.43215
9.90419    5.45102
9.92482    5.45102
9.96609    5.46988
9.98672    5.46988
9.98672    5.48874
10.028    5.5076
10.0693    5.52646
10.0899    5.52646
10.1312    5.54532
10.1518    5.56419
10.1931    5.58305
10.2137    5.60191
10.255    5.62077
10.2756    5.63963
10.2756    5.65849
10.3169    5.69622
10.3375    5.69622
10.3788    5.71508
10.3994    5.71508
10.3994    5.73394
10.4407    5.7528
10.4613    5.77166
10.5026    5.77166
10.5232    5.79053
10.5232    5.80939
10.5645    5.82825
10.5851    5.82825
10.6057    5.84711
10.6264    5.86597
10.647    5.86597
10.6676    5.88483
10.7089    5.9037
10.7295    5.92256
10.7089    5.94142
10.7502    5.94142
10.7708    5.97914
10.7708    5.998
10.7708    6.01687
10.7914    6.01687
10.8121    6.03573
10.8121    6.05459
10.8327    6.07345
10.8533    6.09231
10.8327    6.11117
10.874    6.11117
10.8946    6.1489
10.874    6.16776
10.8946    6.16776
10.8946    6.18662
10.8946    6.18662
10.9152    6.20548
10.9359    6.20548
10.9359    6.22434
10.9359    6.22434
10.9359    6.22434
10.9771    6.2432
10.9771    6.2432
10.9978    6.26207
10.9978    6.26207
11.0184    6.26207
11.0184    6.26207
11.039    6.26207
11.0597    6.26207
11.039    6.28093
11.0803    6.28093
11.1009    6.29979
11.0803    6.29979
11.1009    6.31865
11.1009    6.31865
11.1009    6.33751
11.1216    6.33751
11.1422    6.35637
11.1216    6.35637
11.1422    6.37524
11.1422    6.3941
11.1422    6.41296
11.1628    6.41296
11.1835    6.41296
11.1628    6.43182
11.1835    6.45068
11.1835    6.46954
11.2041    6.48841
11.2454    6.48841
11.2454    6.48841
11.266    6.50727
11.266    6.50727
11.2866    6.52613
11.3073    6.52613
11.3073    6.52613
11.3073    6.52613
11.3279    6.52613
11.3485    6.52613
11.3485    6.52613
11.3692    6.54499
11.3898    6.54499
11.3898    6.56385
11.3898    6.54499
11.4105    6.56385
11.4311    6.56385
11.4105    6.56385
11.4311    6.58271
11.4311    6.58271
11.4311    6.58271
11.4517    6.60158
11.4724    6.60158
11.4517    6.62044
11.493    6.62044
11.493    6.62044
11.493    6.6393
11.5136    6.6393
11.5136    6.6393
11.5343    6.6393
11.5343    6.6393
11.5549    6.6393
11.5549    6.65816
11.5755    6.65816
11.5962    6.65816
11.5962    6.65816
11.6168    6.65816
11.6374    6.65816
11.6374    6.65816
11.6581    6.65816
11.6787    6.67702
11.6787    6.67702
11.6993    6.67702
11.72    6.67702
11.72    6.69588
11.7406    6.69588
11.7612    6.71475
11.7612    6.71475
11.7819    6.73361
11.8025    6.73361
11.8025    6.75247
11.8231    6.75247
11.8438    6.77133
11.8644    6.77133
11.885    6.79019
11.885    6.79019
11.9057    6.80905
11.9469    6.80905
11.9882    6.80905
12.0088    6.80905
12.0088    6.80905
12.0295    6.80905
12.0707    6.80905
12.1326    6.80905
12.1533    6.80905
12.1945    6.80905
12.2152    6.80905
12.2358    6.80905
12.2977    6.80905
12.3183    6.80905
12.3596    6.82792
12.4009    6.82792
12.4215    6.82792
12.4628    6.82792
12.4834    6.84678
12.5247    6.84678
12.5659    6.84678
12.5866    6.84678
12.6485    6.86564
12.6897    6.86564
12.731    6.86564
12.7723    6.86564
12.7929    6.86564
