5.69491    5.63963
5.69491    5.63963
5.69491    5.63963
5.71554    5.65849
5.73618    5.65849
5.73618    5.67736
5.73618    5.67736
5.75681    5.69622
5.75681    5.71508
5.77744    5.73394
5.77744    5.73394
5.77744    5.7528
5.79808    5.7528
5.81871    5.79053
5.81871    5.79053
5.81871    5.80939
5.83934    5.80939
5.83934    5.80939
5.85998    5.82825
5.85998    5.82825
5.88061    5.82825
5.88061    5.82825
5.90125    5.82825
5.92188    5.82825
5.94251    5.80939
5.96315    5.80939
5.98378    5.79053
6.00441    5.79053
6.02505    5.7528
6.04568    5.73394
6.06632    5.71508
6.08695    5.69622
6.12822    5.67736
6.16948    5.62077
6.19012    5.60191
6.21075    5.58305
6.23139    5.56419
6.25202    5.54532
6.29329    5.52646
6.33455    5.52646
6.35519    5.5076
6.39646    5.5076
6.41709    5.5076
6.47899    5.48874
6.52026    5.48874
6.56153    5.48874
6.58216    5.48874
6.62343    5.5076
6.70596    5.52646
6.74723    5.52646
6.7885    5.54532
6.82976    5.54532
6.8504    5.54532
6.93293    5.54532
6.9742    5.54532
6.99483    5.52646
7.0361    5.52646
7.07737    5.5076
7.1599    5.48874
7.20117    5.48874
7.24244    5.46988
7.28371    5.45102
7.32497    5.43215
7.40751    5.39443
7.44878    5.37557
7.49004    5.35671
7.53131    5.35671
7.57258    5.35671
7.65511    5.33785
7.71701    5.31898
7.75828    5.31898
7.79955    5.31898
7.84082    5.30012
7.94398    5.30012
7.98525    5.30012
8.02652    5.30012
8.08842    5.30012
8.12969    5.30012
8.21222    5.28126
8.25349    5.28126
8.27412    5.28126
8.31539    5.2624
8.35666    5.2624
8.41856    5.24354
8.45983    5.22468
8.5011    5.20581
8.54236    5.18695
8.58363    5.16809
8.64553    5.13037
8.6868    5.11151
8.72807    5.09264
8.76933    5.07378
8.78997    5.05492
8.8725    5.03606
8.89314    5.03606
8.9344    5.0172
8.97567    5.0172
8.99631    5.0172
9.07884    5.0172
9.09947    5.0172
9.14074    5.0172
9.18201    5.0172
9.20264    5.03606
9.26454    5.05492
9.28518    5.05492
9.32644    5.05492
9.34708    5.07378
9.36771    5.07378
9.40898    5.07378
9.42961    5.07378
9.45025    5.07378
9.47088    5.07378
9.49151    5.07378
9.53278    5.05492
9.55342    5.05492
9.57405    5.03606
9.59468    5.03606
9.61532    5.03606
9.65658    5.03606
9.67722    5.03606
9.67722    5.03606
9.69785    5.05492
9.71849    5.05492
9.75975    5.07378
9.78039    5.09264
9.80102    5.11151
9.82165    5.13037
9.82165    5.14923
9.86292    5.20581
9.88356    5.22468
9.88356    5.2624
9.90419    5.30012
9.92482    5.31898
9.94546    5.37557
9.96609    5.39443
9.96609    5.41329
9.98672    5.43215
10.0074    5.45102
10.028    5.46988
10.0486    5.48874
10.0486    5.48874
10.0693    5.5076
10.0693    5.5076
10.1105    5.52646
10.1105    5.52646
10.1518    5.52646
10.1518    5.52646
10.1724    5.52646
10.2137    5.52646
10.2343    5.52646
10.255    5.52646
10.2756    5.52646
10.2962    5.52646
10.3169    5.54532
10.3375    5.54532
10.3581    5.54532
10.3581    5.56419
10.3788    5.56419
10.3994    5.58305
10.3994    5.60191
10.42    5.62077
10.4407    5.62077
10.42    5.63963
10.4407    5.65849
10.4407    5.67736
10.4407    5.69622
10.4407    5.71508
10.4613    5.73394
10.4613    5.77166
10.4613    5.77166
10.4819    5.77166
10.4613    5.79053
10.4819    5.79053
10.5026    5.80939
10.5232    5.82825
10.5232    5.82825
10.5232    5.82825
10.5645    5.84711
10.5645    5.84711
10.5851    5.84711
10.6057    5.84711
10.6264    5.84711
10.647    5.84711
10.6676    5.84711
10.6883    5.84711
10.7089    5.84711
10.7295    5.84711
10.7502    5.84711
10.7708    5.84711
10.7708    5.82825
10.8121    5.84711
10.8121    5.84711
10.8327    5.84711
10.8533    5.84711
10.8533    5.86597
10.874    5.86597
10.874    5.86597
10.874    5.86597
10.874    5.88483
10.8946    5.88483
10.8946    5.9037
10.8946    5.92256
10.9152    5.92256
10.8946    5.94142
10.9152    5.96028
10.8946    5.97914
10.9152    5.97914
10.9152    6.01687
10.9152    6.03573
10.9152    6.03573
10.9152    6.05459
10.9152    6.07345
10.9152    6.07345
10.9359    6.07345
10.9359    6.07345
10.9359    6.09231
10.9565    6.09231
10.9565    6.09231
10.9771    6.09231
10.9771    6.09231
10.9978    6.09231
11.0184    6.09231
11.0184    6.09231
11.039    6.07345
11.0597    6.07345
11.0803    6.07345
11.0803    6.07345
11.1009    6.07345
11.1216    6.05459
11.1422    6.05459
11.1422    6.03573
11.1628    6.03573
11.1835    6.03573
11.2041    6.03573
11.2041    6.03573
11.2247    6.03573
11.2247    6.03573
11.2247    6.03573
11.2454    6.03573
11.266    6.03573
11.266    6.03573
11.266    6.05459
11.266    6.05459
11.2866    6.07345
11.2866    6.07345
11.2866    6.09231
11.2866    6.09231
11.2866    6.11117
11.2866    6.13004
11.2866    6.1489
11.2866    6.16776
11.2866    6.18662
11.2866    6.18662
11.2866    6.22434
11.266    6.22434
11.266    6.2432
11.266    6.2432
11.266    6.26207
11.266    6.28093
11.266    6.28093
11.266    6.28093
11.266    6.28093
11.266    6.29979
11.2866    6.29979
11.2866    6.29979
11.2866    6.29979
11.3073    6.29979
11.3073    6.29979
11.3073    6.29979
11.3279    6.29979
11.3279    6.29979
11.3279    6.29979
11.3485    6.29979
11.3485    6.29979
11.3692    6.28093
11.3692    6.28093
11.3692    6.28093
11.3898    6.28093
11.4105    6.28093
11.4105    6.26207
11.4105    6.26207
11.4311    6.26207
11.4311    6.26207
11.4517    6.2432
11.4517    6.2432
11.4724    6.2432
11.4724    6.2432
11.4724    6.2432
11.493    6.2432
11.493    6.2432
11.493    6.22434
11.493    6.22434
11.493    6.22434
11.5136    6.22434
11.5136    6.2432
11.5136    6.2432
11.5136    6.2432
11.5136    6.2432
11.5136    6.2432
11.5136    6.2432
11.5136    6.26207
11.5136    6.26207
11.5136    6.26207
11.5136    6.28093
11.5136    6.29979
11.493    6.29979
11.493    6.29979
11.493    6.31865
11.493    6.33751
11.4724    6.35637
11.4724    6.35637
11.4724    6.37524
11.4724    6.37524
11.4517    6.3941
11.4517    6.41296
11.4517    6.41296
11.4517    6.43182
11.4517    6.43182
11.4517    6.45068
11.4517    6.46954
11.4517    6.46954
11.4517    6.46954
11.4517    6.46954
11.4517    6.48841
11.4517    6.48841
11.4517    6.48841
11.4517    6.48841
11.4724    6.48841
11.493    6.48841
11.493    6.48841
11.5136    6.48841
11.5136    6.48841
11.5343    6.48841
11.5549    6.48841
11.5755    6.46954
11.5755    6.46954
11.5962    6.46954
11.6168    6.45068
11.6374    6.45068
11.6581    6.45068
11.6581    6.45068
11.6787    6.45068
11.6993    6.45068
11.6993    6.46954
11.6993    6.46954
11.6993    6.46954
11.72    6.48841
11.72    6.48841
11.72    6.50727
11.72    6.50727
11.72    6.52613
11.72    6.52613
11.72    6.54499
11.6993    6.56385
11.6993    6.56385
11.6993    6.58271
11.6993    6.58271
11.6993    6.60158
11.6787    6.60158
11.6787    6.62044
11.6787    6.62044
11.6787    6.6393
11.6787    6.6393
11.6787    6.65816
11.6787    6.65816
11.6993    6.65816
11.6993    6.65816
11.72    6.65816
11.72    6.65816
11.7406    6.65816
11.7612    6.65816
11.7612    6.65816
11.8025    6.65816
11.8231    6.65816
11.8438    6.6393
11.8644    6.6393
11.885    6.6393
11.9057    6.6393
11.9263    6.6393
11.9469    6.6393
11.9469    6.6393
11.9676    6.65816
11.9882    6.65816
12.0088    6.67702
12.0295    6.67702
12.0295    6.67702
12.0501    6.69588
12.0707    6.71475
12.0914    6.71475
12.0914    6.73361
12.112    6.73361
12.1326    6.75247
12.1739    6.75247
12.1945    6.75247
12.2152    6.75247
12.2358    6.75247
12.2564    6.75247
12.2977    6.75247
12.3183    6.73361
12.339    6.73361
12.3596    6.71475
12.4009    6.71475
12.4421    6.69588
12.4834    6.69588
12.504    6.69588
12.5247    6.69588
12.5453    6.69588
12.6072    6.69588
12.6278    6.71475
12.6485    6.71475
12.6897    6.71475
12.7104    6.71475
12.7723    6.71475
12.7929    6.71475
12.8342    6.71475
12.8548    6.71475
12.8961    6.71475
12.9373    6.69588
12.958    6.67702
