5.81871    6.31865
5.81871    6.31865
5.81871    6.31865
5.81871    6.31865
5.81871    6.31865
5.81871    6.31865
5.81871    6.31865
5.81871    6.31865
5.81871    6.31865
5.81871    6.31865
5.81871    6.31865
5.81871    6.31865
5.81871    6.31865
5.81871    6.31865
5.83934    6.31865
5.85998    6.31865
5.83934    6.29979
5.85998    6.29979
5.85998    6.28093
5.85998    6.28093
5.88061    6.26207
5.90125    6.26207
5.88061    6.2432
5.92188    6.22434
5.94251    6.22434
5.92188    6.20548
5.96315    6.20548
5.98378    6.20548
6.00441    6.18662
6.04568    6.18662
6.06632    6.18662
6.06632    6.18662
6.08695    6.20548
6.16948    6.20548
6.21075    6.22434
6.23139    6.22434
6.25202    6.2432
6.29329    6.2432
6.35519    6.26207
6.37582    6.26207
6.41709    6.28093
6.45836    6.28093
6.49962    6.28093
6.56153    6.28093
6.58216    6.26207
6.64406    6.26207
6.66469    6.26207
6.7266    6.2432
6.7885    6.20548
6.8504    6.18662
6.87103    6.16776
6.93293    6.16776
6.95357    6.1489
7.05673    6.11117
7.07737    6.11117
7.13927    6.09231
7.1599    6.09231
7.20117    6.07345
7.28371    6.05459
7.32497    6.05459
7.36624    6.05459
7.40751    6.05459
7.46941    6.05459
7.53131    6.05459
7.59321    6.05459
7.63448    6.05459
7.67575    6.05459
7.71701    6.05459
7.79955    6.05459
7.84082    6.03573
7.88208    6.03573
7.92335    6.01687
7.96462    6.01687
8.02652    5.97914
8.08842    5.97914
8.10905    5.96028
8.17096    5.94142
8.19159    5.92256
8.27412    5.88483
8.31539    5.86597
8.35666    5.84711
8.39793    5.84711
8.41856    5.84711
8.48046    5.82825
8.52173    5.82825
8.563    5.82825
8.60426    5.80939
8.64553    5.80939
8.70743    5.80939
8.72807    5.80939
8.78997    5.80939
8.8106    5.80939
8.85187    5.80939
8.91377    5.82825
8.9344    5.82825
8.97567    5.80939
9.01694    5.80939
9.03757    5.80939
9.05821    5.79053
9.09947    5.79053
9.12011    5.79053
9.12011    5.79053
9.14074    5.77166
9.18201    5.7528
9.20264    5.7528
9.22328    5.7528
9.24391    5.73394
9.26454    5.73394
9.32644    5.73394
9.32644    5.73394
9.36771    5.7528
9.38835    5.7528
9.42961    5.7528
9.47088    5.77166
9.51215    5.79053
9.53278    5.80939
9.53278    5.80939
9.57405    5.80939
9.61532    5.82825
9.63595    5.82825
9.69785    5.82825
9.69785    5.84711
9.71849    5.84711
9.80102    5.84711
9.82165    5.84711
9.84229    5.82825
9.88356    5.82825
9.90419    5.82825
9.92482    5.82825
9.96609    5.82825
9.98672    5.84711
9.98672    5.84711
10.0074    5.84711
10.0486    5.84711
10.0693    5.84711
10.0693    5.86597
10.0899    5.86597
10.1312    5.88483
10.1518    5.9037
10.1518    5.92256
10.1724    5.92256
10.2137    5.94142
10.2137    5.96028
10.255    5.97914
10.255    5.998
10.2962    5.998
10.2962    6.01687
10.3169    6.01687
10.3375    6.01687
10.3581    6.01687
10.3788    6.03573
10.3994    6.03573
10.3994    6.03573
10.42    6.03573
10.4613    6.03573
10.4819    6.03573
10.4819    6.03573
10.5026    6.03573
10.5438    6.03573
10.5645    6.03573
10.5645    6.05459
10.5851    6.05459
10.6057    6.05459
10.6264    6.07345
10.647    6.07345
10.647    6.09231
10.647    6.09231
10.6676    6.11117
10.6883    6.1489
10.6883    6.1489
10.6883    6.16776
10.6883    6.18662
10.6883    6.18662
10.7089    6.22434
10.7502    6.2432
10.7502    6.26207
10.7502    6.26207
10.7708    6.28093
10.7502    6.28093
10.7914    6.29979
10.7914    6.29979
10.8121    6.29979
10.8121    6.31865
10.8327    6.31865
10.8533    6.31865
10.8533    6.31865
10.874    6.31865
10.8946    6.31865
10.9152    6.31865
10.9359    6.31865
10.9359    6.31865
10.9359    6.31865
10.9359    6.31865
10.9565    6.33751
10.9771    6.35637
10.9771    6.35637
10.9771    6.35637
10.9771    6.37524
10.9771    6.3941
10.9771    6.3941
10.9771    6.41296
10.9771    6.43182
10.9978    6.45068
10.9978    6.45068
11.0184    6.46954
10.9771    6.46954
10.9978    6.48841
11.0184    6.48841
10.9978    6.50727
11.0184    6.50727
11.0184    6.50727
11.0184    6.50727
11.0184    6.50727
11.039    6.50727
11.0597    6.50727
11.0597    6.50727
11.0803    6.50727
11.1009    6.50727
11.0803    6.50727
11.1216    6.50727
11.1216    6.48841
11.1216    6.48841
11.1216    6.48841
11.1422    6.48841
11.1216    6.46954
11.1422    6.48841
11.1422    6.46954
11.1422    6.46954
11.1422    6.46954
11.1422    6.46954
11.1422    6.46954
11.1628    6.48841
11.1628    6.46954
11.1835    6.48841
11.1628    6.48841
11.1835    6.48841
11.1835    6.50727
11.1835    6.50727
11.1835    6.52613
11.2041    6.54499
11.2247    6.54499
11.2041    6.54499
11.2247    6.56385
11.2247    6.58271
11.2454    6.60158
11.266    6.60158
11.2454    6.60158
11.2866    6.62044
11.2866    6.62044
11.2866    6.62044
11.3073    6.6393
11.2866    6.6393
11.3073    6.6393
11.3073    6.6393
11.3279    6.6393
11.3485    6.6393
11.3485    6.6393
11.3485    6.62044
11.3692    6.62044
11.3898    6.62044
11.3898    6.62044
11.4105    6.60158
11.4311    6.60158
11.4517    6.58271
11.4724    6.58271
11.4724    6.56385
11.493    6.56385
11.5136    6.56385
11.5136    6.56385
11.5136    6.56385
11.5343    6.56385
11.5549    6.56385
11.5343    6.56385
11.5549    6.56385
11.5549    6.56385
11.5549    6.58271
11.5549    6.58271
11.5549    6.58271
11.5549    6.60158
11.5549    6.60158
11.5549    6.60158
11.5549    6.60158
11.5549    6.60158
11.5549    6.60158
11.5755    6.60158
11.5962    6.60158
11.5755    6.60158
11.5962    6.60158
11.5962    6.60158
11.5962    6.60158
11.5962    6.58271
11.5962    6.58271
11.6168    6.58271
11.6581    6.58271
11.6581    6.58271
11.6787    6.56385
11.6581    6.56385
11.6787    6.56385
11.6787    6.56385
11.6787    6.56385
11.6993    6.56385
11.72    6.56385
11.6993    6.56385
11.7406    6.56385
11.7406    6.56385
11.7406    6.56385
11.7406    6.56385
11.7612    6.58271
11.7612    6.58271
11.7819    6.58271
11.8025    6.60158
11.8025    6.60158
11.8231    6.60158
11.8438    6.62044
11.8644    6.6393
11.885    6.6393
11.885    6.65816
11.9057    6.65816
11.9469    6.67702
11.9676    6.67702
11.9882    6.67702
12.0295    6.67702
12.0501    6.67702
12.0707    6.67702
12.112    6.67702
12.1533    6.67702
12.1739    6.65816
12.2152    6.65816
12.2358    6.65816
12.2771    6.65816
12.2977    6.65816
12.3183    6.65816
12.3802    6.6393
12.3802    6.6393
12.4009    6.6393
12.4421    6.6393
12.4628    6.6393
12.4834    6.6393
12.5247    6.6393
12.5453    6.6393
12.5453    6.6393
12.5659    6.6393
12.6278    6.6393
12.6485    6.6393
12.6897    6.6393
12.7104    6.6393
12.7104    6.6393
12.7723    6.6393
12.8135    6.6393
12.8548    6.6393
12.8754    6.6393
12.8961    6.62044
12.958    6.60158
12.9786    6.58271
