6.76786    6.13004
6.76786    6.13004
6.76786    6.13004
6.74723    6.13004
6.76786    6.13004
6.74723    6.13004
6.74723    6.11117
6.76786    6.11117
6.74723    6.11117
6.76786    6.11117
6.74723    6.11117
6.76786    6.09231
6.74723    6.11117
6.7885    6.09231
6.80913    6.09231
6.7885    6.09231
6.82976    6.07345
6.8504    6.05459
6.87103    6.03573
6.89166    6.01687
6.89166    6.01687
6.9123    5.998
6.95357    5.96028
6.99483    5.94142
7.01547    5.94142
7.01547    5.92256
7.0361    5.9037
7.07737    5.9037
7.11864    5.88483
7.1599    5.86597
7.18054    5.86597
7.20117    5.84711
7.24244    5.82825
7.30434    5.82825
7.32497    5.82825
7.36624    5.80939
7.40751    5.80939
7.42814    5.79053
7.49004    5.80939
7.53131    5.79053
7.57258    5.80939
7.59321    5.79053
7.61385    5.79053
7.67575    5.79053
7.69638    5.77166
7.73765    5.7528
7.77892    5.7528
7.82018    5.7528
7.88208    5.71508
7.90272    5.71508
7.94398    5.69622
7.98525    5.65849
8.02652    5.63963
8.08842    5.62077
8.10905    5.60191
8.15032    5.60191
8.19159    5.58305
8.21222    5.56419
8.25349    5.56419
8.29476    5.56419
8.33603    5.54532
8.35666    5.52646
8.41856    5.54532
8.45983    5.5076
8.5011    5.5076
8.52173    5.5076
8.58363    5.5076
8.60426    5.5076
8.6868    5.5076
8.72807    5.5076
8.7487    5.5076
8.76933    5.5076
8.8106    5.5076
8.8725    5.48874
8.89314    5.5076
8.9344    5.48874
8.95504    5.48874
8.97567    5.48874
9.03757    5.46988
9.05821    5.43215
9.09947    5.43215
9.12011    5.41329
9.12011    5.43215
9.16137    5.41329
9.18201    5.43215
9.22328    5.41329
9.26454    5.43215
9.28518    5.41329
9.30581    5.45102
9.34708    5.45102
9.36771    5.45102
9.38835    5.45102
9.42961    5.46988
9.47088    5.45102
9.49151    5.46988
9.49151    5.45102
9.51215    5.46988
9.53278    5.45102
9.57405    5.45102
9.59468    5.45102
9.63595    5.43215
9.65658    5.41329
9.65658    5.41329
9.69785    5.37557
9.73912    5.35671
9.75975    5.31898
9.80102    5.30012
9.82165    5.31898
9.84229    5.28126
9.88356    5.2624
9.92482    5.28126
9.94546    5.2624
9.94546    5.2624
9.98672    5.2624
10.0074    5.2624
10.0486    5.2624
10.0693    5.2624
10.0693    5.28126
10.1105    5.28126
10.1312    5.28126
10.1724    5.30012
10.1931    5.31898
10.1931    5.31898
10.2343    5.33785
10.255    5.35671
10.2962    5.35671
10.3169    5.35671
10.3169    5.37557
10.3581    5.39443
10.3994    5.37557
10.42    5.41329
10.4613    5.41329
10.5026    5.41329
10.5438    5.41329
10.5851    5.41329
10.6057    5.41329
10.6264    5.41329
10.6676    5.41329
10.7295    5.43215
10.7295    5.41329
10.7502    5.43215
10.7914    5.41329
10.8121    5.45102
10.8327    5.45102
10.8533    5.45102
10.8533    5.46988
10.874    5.46988
10.8946    5.46988
10.8946    5.48874
10.9152    5.52646
10.9359    5.54532
10.9152    5.54532
10.9359    5.54532
10.9359    5.58305
10.9565    5.60191
10.9771    5.62077
10.9565    5.62077
10.9978    5.63963
11.0184    5.67736
10.9978    5.69622
11.0184    5.69622
11.039    5.69622
11.0597    5.71508
11.0597    5.73394
11.0597    5.73394
11.0803    5.73394
11.1216    5.73394
11.1422    5.7528
11.1628    5.77166
11.2041    5.7528
11.2247    5.77166
11.2041    5.7528
11.2454    5.77166
11.2866    5.77166
11.3073    5.77166
11.3073    5.79053
11.3279    5.80939
11.3692    5.80939
11.3692    5.80939
11.3898    5.82825
11.3692    5.84711
11.4105    5.84711
11.4105    5.84711
11.4311    5.86597
11.4105    5.9037
11.4311    5.9037
11.4311    5.92256
11.4311    5.92256
11.4311    5.94142
11.4105    5.96028
11.4311    5.96028
11.4311    5.97914
11.4105    5.998
11.4311    6.01687
11.4105    6.05459
11.4311    6.05459
11.4105    6.07345
11.4311    6.05459
11.4105    6.09231
11.4311    6.11117
11.4311    6.09231
11.4311    6.13004
11.4517    6.13004
11.4724    6.1489
11.4724    6.13004
11.4724    6.1489
11.493    6.1489
11.5136    6.1489
11.5136    6.1489
11.5136    6.1489
11.5343    6.1489
11.5755    6.16776
11.5755    6.16776
11.5962    6.16776
11.5962    6.18662
11.6168    6.16776
11.6374    6.18662
11.6374    6.18662
11.6374    6.18662
11.6581    6.18662
11.6787    6.18662
11.6581    6.20548
11.6787    6.22434
11.6787    6.22434
11.6787    6.22434
11.6787    6.2432
11.6787    6.26207
11.6787    6.2432
11.6787    6.28093
11.6787    6.28093
11.6787    6.29979
11.6787    6.29979
11.6787    6.29979
11.6787    6.31865
11.6787    6.35637
11.6787    6.37524
11.6787    6.35637
11.6787    6.3941
11.6787    6.41296
11.6993    6.41296
11.72    6.41296
11.6993    6.41296
11.72    6.43182
11.72    6.46954
11.7406    6.46954
11.7612    6.48841
11.7612    6.46954
11.7819    6.50727
11.8231    6.50727
11.8438    6.52613
11.8438    6.52613
11.8644    6.52613
11.885    6.54499
11.9057    6.58271
11.9263    6.60158
11.9263    6.60158
11.9263    6.60158
11.9469    6.62044
11.9676    6.65816
11.9676    6.67702
11.9882    6.67702
12.0088    6.67702
11.9882    6.67702
12.0088    6.69588
12.0088    6.71475
12.0088    6.69588
12.0088    6.71475
12.0088    6.69588
12.0295    6.69588
12.0501    6.69588
12.0501    6.69588
12.0707    6.69588
12.0914    6.67702
12.112    6.65816
12.1533    6.67702
12.1739    6.65816
12.1739    6.67702
12.1945    6.65816
12.2358    6.69588
12.2771    6.71475
12.2977    6.71475
12.2977    6.73361
12.3183    6.77133
12.3802    6.79019
12.4009    6.79019
12.4421    6.79019
12.4628    6.79019
12.4834    6.79019
12.5659    6.79019
12.5866    6.79019
12.6072    6.77133
12.6485    6.77133
12.6897    6.75247
12.7516    6.71475
12.7723    6.69588
12.8135    6.69588
12.8548    6.67702
12.8754    6.65816
12.9373    6.6393
12.9786    6.62044
13.0199    6.6393
13.0611    6.60158
13.1024    6.60158
13.185    6.58271
