7.34561    6.03573
7.34561    6.03573
7.34561    6.05459
7.36624    6.09231
7.36624    6.09231
7.38687    6.11117
7.38687    6.09231
7.40751    6.11117
7.42814    6.11117
7.44878    6.11117
7.46941    6.09231
7.49004    6.11117
7.51068    6.09231
7.55194    6.09231
7.57258    6.07345
7.61385    6.05459
7.63448    6.05459
7.65511    6.03573
7.71701    6.01687
7.73765    6.01687
7.77892    6.01687
7.79955    6.01687
7.82018    6.01687
7.88208    6.01687
7.92335    6.01687
7.96462    6.01687
8.00589    6.03573
8.02652    6.01687
8.08842    6.05459
8.12969    6.05459
8.15032    6.05459
8.19159    6.05459
8.21222    6.05459
8.27412    6.03573
8.29476    6.01687
8.31539    6.01687
8.35666    5.998
8.37729    5.96028
8.41856    5.92256
8.43919    5.88483
8.48046    5.86597
8.5011    5.86597
8.52173    5.82825
8.58363    5.80939
8.60426    5.77166
8.64553    5.77166
8.66617    5.77166
8.6868    5.7528
8.7487    5.77166
8.78997    5.7528
8.8106    5.77166
8.85187    5.77166
8.8725    5.77166
8.95504    5.80939
8.97567    5.82825
9.01694    5.84711
9.03757    5.84711
9.07884    5.84711
9.14074    5.84711
9.18201    5.86597
9.20264    5.88483
9.24391    5.86597
9.28518    5.88483
9.34708    5.86597
9.38835    5.88483
9.42961    5.86597
9.47088    5.88483
9.51215    5.88483
9.59468    5.88483
9.63595    5.9037
9.65658    5.94142
9.69785    5.96028
9.71849    5.96028
9.78039    5.998
9.82165    6.01687
9.84229    6.05459
9.86292    6.07345
9.90419    6.09231
9.94546    6.1489
9.96609    6.16776
9.98672    6.20548
10.028    6.2432
10.0486    6.26207
10.1105    6.28093
10.1312    6.29979
10.1724    6.29979
10.1931    6.29979
10.2343    6.31865
10.2756    6.33751
10.3169    6.31865
10.3375    6.33751
10.3788    6.31865
10.42    6.31865
10.4819    6.31865
10.5232    6.31865
10.5438    6.31865
10.5645    6.31865
10.6057    6.31865
10.647    6.33751
10.6883    6.31865
10.7089    6.35637
10.7295    6.37524
10.7502    6.35637
10.7914    6.41296
10.8121    6.41296
10.8327    6.43182
10.8533    6.46954
10.8533    6.48841
10.8946    6.50727
10.9152    6.52613
10.9359    6.52613
10.9565    6.54499
10.9771    6.56385
11.0184    6.56385
11.039    6.56385
11.0597    6.58271
11.0803    6.60158
11.1216    6.58271
11.1628    6.60158
11.1835    6.58271
11.2041    6.58271
11.2247    6.58271
11.2454    6.60158
11.2866    6.58271
11.3073    6.60158
11.3073    6.60158
11.3279    6.60158
11.3279    6.60158
11.3485    6.62044
11.3692    6.6393
11.3692    6.6393
11.3898    6.65816
11.3898    6.67702
11.4105    6.69588
11.4105    6.71475
11.4105    6.71475
11.4311    6.73361
11.4311    6.75247
11.4517    6.75247
11.4724    6.77133
11.493    6.79019
11.5136    6.77133
11.5136    6.79019
11.5549    6.79019
11.5549    6.77133
11.5962    6.79019
11.6168    6.77133
11.6374    6.77133
11.6787    6.75247
11.6993    6.73361
11.72    6.75247
11.7406    6.73361
11.7612    6.73361
11.8025    6.73361
11.8231    6.73361
11.8438    6.73361
11.8644    6.75247
11.885    6.73361
11.9263    6.77133
11.9469    6.77133
11.9676    6.79019
12.0088    6.79019
12.0088    6.80905
12.0501    6.82792
12.0707    6.82792
12.112    6.82792
12.1326    6.82792
12.1739    6.82792
12.2358    6.82792
12.2771    6.80905
12.2977    6.80905
12.3183    6.79019
12.3596    6.77133
12.4421    6.75247
12.4834    6.73361
12.5247    6.73361
12.5453    6.73361
12.5866    6.73361
12.6485    6.73361
12.6897    6.73361
12.7104    6.73361
12.7516    6.73361
12.7929    6.73361
12.8754    6.73361
