7.84082    6.13004
7.86145    6.13004
7.88208    6.13004
7.92335    6.11117
7.96462    6.11117
7.98525    6.09231
8.00589    6.09231
8.04715    6.07345
8.10905    6.05459
8.15032    6.03573
8.17096    6.01687
8.21222    5.998
8.25349    5.97914
8.31539    5.96028
8.35666    5.96028
8.39793    5.94142
8.43919    5.94142
8.5011    5.94142
8.58363    5.92256
8.6249    5.92256
8.6868    5.92256
8.72807    5.94142
8.78997    5.94142
8.89314    5.96028
8.9344    5.96028
8.99631    5.96028
9.03757    5.97914
9.09947    5.97914
9.20264    5.97914
9.26454    5.97914
9.30581    5.97914
9.36771    5.97914
9.42961    5.97914
9.53278    5.97914
9.59468    5.97914
9.63595    5.97914
9.69785    5.998
9.75975    5.998
9.86292    6.03573
9.92482    6.03573
9.96609    6.05459
10.028    6.07345
10.0693    6.09231
10.1724    6.13004
10.2343    6.1489
10.2962    6.18662
10.3375    6.20548
10.3994    6.22434
10.5026    6.28093
10.5645    6.29979
10.6264    6.31865
10.6883    6.33751
10.7502    6.35637
10.8533    6.3941
10.9152    6.3941
10.9771    6.41296
11.039    6.43182
11.0803    6.43182
11.1835    6.46954
11.2454    6.48841
11.2866    6.50727
11.3485    6.52613
11.3898    6.54499
11.4724    6.60158
11.5343    6.62044
11.5755    6.6393
11.6168    6.65816
11.6581    6.69588
11.7406    6.73361
11.8025    6.75247
11.8438    6.77133
11.885    6.79019
11.9469    6.80905
12.0295    6.82792
12.0707    6.84678
12.112    6.84678
12.1533    6.84678
12.2152    6.86564
12.2977    6.86564
12.3596    6.86564
12.4009    6.86564
12.4421    6.86564
12.4834    6.86564
12.5659    6.86564
12.6278    6.86564
12.6691    6.86564
12.7104    6.86564
12.7516    6.86564
12.8342    6.84678
