7.59321    6.94109
7.59321    6.94109
7.59321    6.94109
7.61385    6.95995
7.65511    6.95995
7.65511    6.95995
7.67575    6.95995
7.67575    6.95995
7.69638    6.95995
7.73765    6.95995
7.75828    6.94109
7.75828    6.92222
7.77892    6.90336
7.82018    6.8845
7.84082    6.86564
7.86145    6.82792
7.90272    6.80905
7.92335    6.79019
7.94398    6.75247
7.98525    6.73361
8.00589    6.69588
8.02652    6.67702
8.06779    6.65816
8.12969    6.62044
8.15032    6.60158
8.19159    6.58271
8.23286    6.56385
8.27412    6.54499
8.33603    6.52613
8.37729    6.52613
8.39793    6.50727
8.45983    6.50727
8.48046    6.48841
8.563    6.46954
8.60426    6.46954
8.64553    6.45068
8.6868    6.43182
8.72807    6.41296
8.78997    6.3941
8.83124    6.37524
8.8725    6.35637
8.91377    6.33751
8.95504    6.31865
9.01694    6.28093
9.07884    6.26207
9.12011    6.2432
9.14074    6.2432
9.20264    6.22434
9.28518    6.22434
9.32644    6.20548
9.36771    6.20548
9.40898    6.18662
9.47088    6.18662
9.57405    6.18662
9.61532    6.16776
9.65658    6.16776
9.71849    6.16776
9.75975    6.16776
9.84229    6.16776
9.88356    6.16776
9.92482    6.18662
9.96609    6.18662
10.028    6.18662
10.0899    6.18662
10.1518    6.18662
10.1724    6.18662
10.2343    6.18662
10.255    6.18662
10.3375    6.20548
10.3788    6.20548
10.42    6.22434
10.4407    6.2432
10.4613    6.26207
10.5232    6.28093
10.5438    6.29979
10.5851    6.31865
10.6057    6.33751
10.6264    6.37524
10.6676    6.41296
10.7089    6.45068
10.7295    6.46954
10.7295    6.48841
10.7502    6.50727
10.8121    6.54499
10.8327    6.56385
10.874    6.58271
10.9152    6.60158
10.9359    6.60158
10.9771    6.62044
10.9978    6.62044
11.039    6.6393
11.0597    6.65816
11.0597    6.65816
11.1009    6.69588
11.1216    6.71475
11.1422    6.73361
11.1422    6.73361
11.1628    6.75247
11.2041    6.79019
11.2041    6.80905
11.2247    6.82792
11.2247    6.84678
11.2247    6.86564
11.266    6.8845
11.2866    6.90336
11.3279    6.90336
11.3485    6.90336
11.3485    6.90336
11.3692    6.92222
11.4105    6.92222
11.4311    6.92222
11.4311    6.92222
11.4311    6.94109
11.4517    6.95995
11.4724    6.95995
11.4724    6.95995
11.4724    6.97881
11.493    6.97881
11.5136    6.99767
11.5136    6.99767
11.5136    6.99767
11.5343    6.99767
11.5549    6.99767
11.5549    6.99767
11.5549    6.99767
11.5549    6.99767
11.5755    6.97881
11.5962    6.97881
11.5962    6.95995
11.6168    6.95995
11.6374    6.95995
11.6374    6.95995
11.6581    6.95995
11.72    6.94109
11.72    6.94109
11.7406    6.95995
11.7819    6.95995
11.8025    6.95995
11.8438    6.97881
11.8644    6.99767
11.9057    6.99767
11.9469    6.99767
11.9676    6.99767
12.0295    6.99767
12.0501    6.99767
12.0707    6.97881
12.112    6.97881
12.1326    6.95995
12.1945    6.94109
12.2358    6.94109
12.2771    6.94109
12.2977    6.92222
12.3183    6.92222
12.4009    6.92222
12.4628    6.92222
12.4834    6.94109
12.5247    6.94109
12.5866    6.95995
12.6485    6.97881
12.6897    6.99767
12.731    7.01653
12.7929    7.01653
12.7929    7.03539
12.8754    7.05426
12.8961    7.05426
