8.25349    4.90403
8.25349    4.90403
8.25349    4.90403
8.25349    4.90403
8.27412    4.90403
8.29476    4.92289
8.31539    4.94175
8.31539    4.94175
8.31539    4.94175
8.31539    4.94175
8.31539    4.94175
8.31539    4.97947
8.31539    4.97947
8.31539    4.99834
8.31539    5.0172
8.31539    5.0172
8.33603    5.0172
8.35666    5.0172
8.37729    5.0172
8.39793    5.0172
8.41856    4.99834
8.48046    4.99834
8.52173    4.99834
8.54236    4.97947
8.58363    4.94175
8.6249    4.92289
8.6868    4.92289
8.72807    4.90403
8.76933    4.88517
8.78997    4.88517
8.83124    4.88517
8.89314    4.88517
8.9344    4.88517
8.95504    4.90403
8.99631    4.88517
9.03757    4.92289
9.09947    4.94175
9.14074    4.96061
9.18201    4.99834
9.22328    5.0172
9.26454    5.03606
9.34708    5.09264
9.38835    5.09264
9.42961    5.11151
9.47088    5.14923
9.53278    5.16809
9.61532    5.16809
9.67722    5.18695
9.71849    5.22468
9.78039    5.24354
9.84229    5.22468
9.94546    5.28126
10.0074    5.28126
10.0486    5.30012
10.0899    5.33785
10.1312    5.37557
10.2137    5.43215
10.255    5.45102
10.2962    5.48874
10.3375    5.52646
10.3788    5.56419
10.4613    5.63963
10.5026    5.67736
10.5438    5.71508
10.5645    5.7528
10.6057    5.79053
10.6883    5.84711
10.7295    5.84711
10.7708    5.88483
10.8121    5.9037
10.8533    5.94142
10.9359    5.998
10.9978    5.998
11.039    6.01687
11.0803    6.05459
11.1422    6.07345
11.2247    6.11117
11.266    6.1489
11.3073    6.16776
11.3485    6.20548
11.3898    6.2432
11.4517    6.29979
11.493    6.31865
11.5343    6.35637
11.5755    6.3941
11.5962    6.43182
11.6787    6.48841
11.72    6.50727
11.7612    6.54499
11.8025    6.58271
11.8438    6.60158
11.9263    6.62044
11.9676    6.6393
12.0088    6.6393
12.0501    6.6393
12.112    6.6393
12.1945    6.62044
12.2358    6.62044
12.2977    6.62044
12.339    6.60158
12.4009    6.58271
12.4834    6.58271
12.5453    6.58271
12.5866    6.56385
12.6278    6.54499
12.6691    6.54499
12.7723    6.52613
