5.59174    6.09231
5.59174    6.07345
5.59174    6.05459
5.59174    6.05459
5.59174    6.05459
5.59174    6.03573
5.57111    6.03573
5.57111    6.05459
5.57111    6.05459
5.55047    6.05459
5.55047    6.05459
5.55047    6.07345
5.52984    6.09231
5.52984    6.09231
5.52984    6.11117
5.52984    6.11117
5.52984    6.1489
5.52984    6.1489
5.52984    6.16776
5.52984    6.16776
5.55047    6.16776
5.57111    6.16776
5.57111    6.16776
5.59174    6.16776
5.59174    6.1489
5.61237    6.1489
5.63301    6.11117
5.65364    6.09231
5.67427    6.07345
5.69491    6.05459
5.71554    6.03573
5.75681    5.998
5.75681    5.97914
5.77744    5.97914
5.79808    5.96028
5.81871    5.96028
5.83934    5.94142
5.85998    5.94142
5.88061    5.94142
5.90125    5.94142
5.94251    5.94142
5.98378    5.94142
6.00441    5.94142
6.04568    5.96028
6.06632    5.96028
6.08695    5.97914
6.14885    5.97914
6.16948    5.97914
6.19012    5.97914
6.21075    5.97914
6.23139    5.97914
6.29329    5.96028
6.31392    5.96028
6.35519    5.96028
6.37582    5.94142
6.41709    5.94142
6.47899    5.92256
6.49962    5.9037
6.54089    5.9037
6.58216    5.88483
6.60279    5.86597
6.66469    5.86597
6.70596    5.84711
6.7266    5.84711
6.76786    5.84711
6.7885    5.84711
6.87103    5.84711
6.9123    5.82825
6.93293    5.82825
6.9742    5.84711
7.01547    5.84711
7.07737    5.84711
7.11864    5.84711
7.1599    5.84711
7.18054    5.84711
7.2218    5.84711
7.28371    5.84711
7.32497    5.84711
7.36624    5.84711
7.38687    5.82825
7.42814    5.82825
7.49004    5.80939
7.53131    5.80939
7.57258    5.79053
7.59321    5.79053
7.63448    5.77166
7.69638    5.7528
7.73765    5.7528
7.75828    5.7528
7.79955    5.7528
7.82018    5.7528
7.88208    5.7528
7.92335    5.7528
7.94398    5.7528
7.98525    5.7528
8.00589    5.7528
8.06779    5.77166
8.10905    5.77166
8.12969    5.79053
8.17096    5.80939
8.19159    5.80939
8.25349    5.82825
8.27412    5.84711
8.31539    5.84711
8.33603    5.84711
8.35666    5.84711
8.41856    5.84711
8.45983    5.84711
8.48046    5.84711
8.52173    5.84711
8.54236    5.84711
8.60426    5.84711
8.6249    5.82825
8.66617    5.82825
8.6868    5.82825
8.72807    5.80939
8.76933    5.80939
8.8106    5.80939
8.83124    5.80939
8.85187    5.80939
8.8725    5.80939
8.91377    5.82825
8.95504    5.82825
8.97567    5.84711
8.99631    5.84711
9.01694    5.86597
9.05821    5.88483
9.07884    5.88483
9.09947    5.9037
9.14074    5.92256
9.16137    5.94142
9.20264    5.96028
9.22328    5.97914
9.24391    5.97914
9.26454    5.998
9.28518    5.998
9.32644    6.01687
9.34708    6.01687
9.36771    6.01687
9.38835    6.01687
9.40898    6.01687
9.47088    6.01687
9.49151    6.01687
9.51215    6.01687
9.53278    6.01687
9.55342    6.01687
9.61532    5.998
9.63595    5.998
9.65658    5.998
9.67722    5.998
9.69785    5.97914
9.73912    5.97914
9.75975    5.97914
9.80102    5.97914
9.80102    5.97914
9.82165    5.97914
9.86292    5.97914
9.88356    5.97914
9.90419    5.97914
9.92482    5.97914
9.92482    5.998
9.96609    5.998
9.98672    6.01687
9.98672    6.03573
10.0074    6.03573
10.0074    6.05459
10.0486    6.07345
10.0486    6.09231
10.0693    6.11117
10.0899    6.13004
10.0899    6.1489
10.1105    6.16776
10.1312    6.16776
10.1518    6.18662
10.1724    6.20548
10.1724    6.20548
10.1931    6.22434
10.2137    6.22434
10.2137    6.2432
10.2343    6.2432
10.255    6.2432
10.2756    6.26207
10.2756    6.26207
10.2756    6.26207
10.2962    6.26207
10.3169    6.26207
10.3375    6.2432
10.3375    6.26207
10.3581    6.2432
10.3581    6.2432
10.3788    6.2432
10.3994    6.22434
10.3994    6.22434
10.42    6.22434
10.4407    6.22434
10.4407    6.20548
10.4613    6.20548
10.4819    6.20548
10.4819    6.18662
10.4819    6.18662
10.5026    6.18662
10.5232    6.18662
10.5232    6.16776
10.5232    6.16776
10.5438    6.16776
10.5438    6.18662
10.5645    6.18662
10.5645    6.18662
10.5645    6.18662
10.5645    6.18662
10.5645    6.20548
10.5851    6.20548
10.5645    6.22434
10.5851    6.22434
10.5851    6.2432
10.5645    6.2432
10.5851    6.26207
10.5645    6.26207
10.5645    6.26207
10.5645    6.28093
10.5645    6.28093
10.5645    6.29979
10.5645    6.29979
10.5645    6.29979
10.5645    6.29979
10.5645    6.29979
10.5438    6.31865
10.5645    6.31865
10.5645    6.31865
10.5438    6.31865
10.5645    6.31865
10.5438    6.31865
10.5645    6.33751
10.5438    6.33751
10.5438    6.33751
10.5438    6.33751
10.5438    6.33751
10.5438    6.33751
10.5438    6.33751
10.5438    6.33751
10.5438    6.35637
10.5438    6.35637
10.5438    6.35637
10.5438    6.35637
10.5438    6.35637
10.5438    6.35637
10.5438    6.35637
10.5645    6.35637
10.5645    6.35637
10.5438    6.35637
10.5645    6.37524
10.5645    6.35637
10.5645    6.37524
10.5851    6.37524
10.5851    6.37524
10.5851    6.37524
10.6057    6.37524
10.6057    6.3941
10.6264    6.3941
10.6264    6.3941
10.6264    6.3941
10.647    6.3941
10.6676    6.3941
10.6883    6.3941
10.6883    6.3941
10.6883    6.3941
10.7089    6.3941
10.7295    6.3941
10.7295    6.3941
10.7295    6.3941
10.7502    6.3941
10.7502    6.3941
10.7708    6.41296
10.7502    6.41296
10.7708    6.41296
10.7502    6.43182
10.7502    6.45068
10.7502    6.46954
10.7502    6.46954
10.7295    6.48841
10.7295    6.50727
10.7089    6.54499
10.6883    6.56385
10.6883    6.60158
10.6676    6.62044
10.6676    6.6393
10.647    6.69588
10.647    6.71475
10.647    6.75247
10.647    6.77133
10.647    6.79019
10.647    6.82792
10.647    6.84678
10.647    6.84678
10.6676    6.86564
10.6676    6.8845
10.7089    6.90336
10.7089    6.92222
10.7295    6.92222
10.7502    6.94109
10.7708    6.95995
10.7914    6.97881
10.8327    6.99767
10.8327    7.01653
10.8533    7.03539
10.874    7.05426
10.8946    7.09198
10.9152    7.1297
10.9152    7.14856
10.9565    7.18629
10.9565    7.20515
10.9978    7.26173
11.0184    7.2806
11.0597    7.31832
11.0803    7.33718
11.1009    7.35604
11.1628    7.3749
11.1835    7.3749
11.2454    7.3749
11.266    7.3749
11.3073    7.3749
11.3692    7.3749
11.4105    7.3749
11.4517    7.3749
11.4724    7.3749
11.5136    7.3749
11.5962    7.3749
11.6374    7.39377
11.6787    7.39377
11.72    7.39377
11.7406    7.41263
11.8438    7.39377
11.8644    7.39377
11.9263    7.3749
11.9676    7.3749
11.9882    7.3749
12.0707    7.35604
12.112    7.33718
12.1533    7.31832
12.1739    7.29946
12.2358    7.29946
12.3183    7.29946
12.3596    7.29946
12.4009    7.29946
12.4421    7.29946
12.4834    7.31832
12.5659    7.31832
12.5866    7.31832
12.6278    7.31832
12.6691    7.31832
12.7104    7.31832
12.7929    7.31832
12.8342    7.31832
12.8754    7.29946
12.8961    7.29946
