6.95357    6.82792
6.95357    6.80905
6.95357    6.80905
6.95357    6.79019
6.95357    6.79019
6.95357    6.77133
6.95357    6.75247
6.95357    6.75247
6.95357    6.73361
6.9742    6.73361
6.9742    6.71475
6.9742    6.69588
6.9742    6.69588
6.99483    6.67702
6.99483    6.67702
6.99483    6.65816
7.01547    6.6393
7.01547    6.6393
7.0361    6.62044
7.0361    6.60158
7.05673    6.60158
7.07737    6.58271
7.07737    6.56385
7.098    6.56385
7.11864    6.56385
7.13927    6.54499
7.18054    6.54499
7.20117    6.54499
7.2218    6.54499
7.24244    6.54499
7.26307    6.54499
7.32497    6.54499
7.36624    6.56385
7.38687    6.56385
7.42814    6.56385
7.44878    6.58271
7.51068    6.58271
7.53131    6.58271
7.57258    6.58271
7.59321    6.58271
7.61385    6.58271
7.67575    6.58271
7.71701    6.56385
7.73765    6.56385
7.77892    6.56385
7.82018    6.54499
7.88208    6.52613
7.92335    6.50727
7.96462    6.48841
8.00589    6.46954
8.04715    6.46954
8.12969    6.45068
8.17096    6.45068
8.19159    6.43182
8.23286    6.43182
8.27412    6.43182
8.33603    6.43182
8.37729    6.43182
8.41856    6.43182
8.43919    6.41296
8.48046    6.41296
8.54236    6.41296
8.58363    6.41296
8.60426    6.41296
8.64553    6.41296
8.66617    6.41296
8.70743    6.41296
8.7487    6.41296
8.76933    6.3941
8.78997    6.3941
8.8106    6.3941
8.8725    6.37524
8.89314    6.37524
8.91377    6.35637
8.9344    6.35637
8.95504    6.33751
8.99631    6.31865
9.01694    6.29979
9.05821    6.28093
9.07884    6.28093
9.09947    6.26207
9.14074    6.2432
9.18201    6.2432
9.20264    6.2432
9.22328    6.22434
9.24391    6.22434
9.28518    6.20548
9.32644    6.20548
9.34708    6.20548
9.36771    6.20548
9.38835    6.20548
9.45025    6.22434
9.47088    6.22434
9.49151    6.22434
9.51215    6.22434
9.55342    6.2432
9.59468    6.2432
9.61532    6.2432
9.63595    6.2432
9.65658    6.2432
9.67722    6.2432
9.71849    6.2432
9.73912    6.2432
9.75975    6.2432
9.78039    6.2432
9.80102    6.2432
9.84229    6.22434
9.86292    6.22434
9.88356    6.22434
9.90419    6.22434
9.92482    6.22434
9.96609    6.22434
9.98672    6.22434
10.0074    6.22434
10.028    6.2432
10.0486    6.2432
10.0899    6.26207
10.1105    6.28093
10.1312    6.28093
10.1518    6.29979
10.1724    6.31865
10.2137    6.35637
10.255    6.3941
10.2756    6.41296
10.2962    6.43182
10.3169    6.45068
10.3581    6.48841
10.3788    6.50727
10.3994    6.52613
10.4407    6.52613
10.4613    6.54499
10.5026    6.56385
10.5232    6.56385
10.5438    6.58271
10.5645    6.58271
10.5851    6.58271
10.6264    6.58271
10.647    6.60158
10.6676    6.60158
10.6883    6.62044
10.7089    6.62044
10.7502    6.6393
10.7708    6.65816
10.7914    6.65816
10.8121    6.67702
10.8327    6.69588
10.874    6.71475
10.8946    6.73361
10.9152    6.75247
10.9359    6.75247
10.9565    6.77133
10.9978    6.79019
11.0184    6.79019
11.039    6.80905
11.0597    6.80905
11.0803    6.80905
11.1216    6.80905
11.1422    6.80905
11.1422    6.80905
11.1628    6.80905
11.1835    6.80905
11.2247    6.80905
11.2454    6.80905
11.266    6.80905
11.2866    6.80905
11.3073    6.80905
11.3485    6.80905
11.3692    6.82792
11.3898    6.82792
11.4105    6.82792
11.4105    6.84678
11.4517    6.86564
11.4724    6.86564
11.493    6.8845
11.5136    6.8845
11.5343    6.90336
11.5549    6.92222
11.5755    6.92222
11.5962    6.92222
11.6168    6.92222
11.6374    6.94109
11.6787    6.94109
11.6787    6.92222
11.6993    6.92222
11.72    6.92222
11.7406    6.92222
11.7612    6.92222
11.7819    6.92222
11.8025    6.92222
11.8231    6.92222
11.8231    6.92222
11.885    6.92222
11.885    6.92222
11.9263    6.94109
11.9469    6.94109
11.9676    6.94109
12.0295    6.95995
12.0501    6.97881
12.0707    6.97881
12.112    6.99767
12.1533    6.99767
12.1945    7.01653
12.2358    7.01653
12.2564    7.03539
12.2977    7.03539
12.339    7.03539
12.4009    7.03539
12.4421    7.05426
12.4834    7.03539
12.5247    7.03539
12.5659    7.03539
12.6691    7.01653
12.7104    7.01653
12.7723    7.01653
12.8135    6.99767
12.8342    6.99767
12.9167    6.97881
12.958    6.97881
12.9992    6.95995
13.0405    6.95995
13.0611    6.94109
