7.53131    6.62044
7.53131    6.62044
7.53131    6.62044
7.53131    6.6393
7.53131    6.65816
7.53131    6.65816
7.53131    6.69588
7.53131    6.71475
7.53131    6.71475
7.53131    6.73361
7.53131    6.73361
7.55194    6.75247
7.53131    6.75247
7.57258    6.75247
7.59321    6.75247
7.59321    6.75247
7.61385    6.73361
7.65511    6.71475
7.67575    6.69588
7.69638    6.67702
7.73765    6.65816
7.77892    6.60158
7.82018    6.58271
7.84082    6.54499
7.84082    6.52613
7.86145    6.50727
7.94398    6.46954
7.96462    6.45068
7.98525    6.45068
8.02652    6.43182
8.04715    6.43182
8.08842    6.41296
8.12969    6.3941
8.15032    6.3941
8.21222    6.3941
8.23286    6.3941
8.31539    6.37524
8.35666    6.37524
8.39793    6.37524
8.43919    6.37524
8.48046    6.37524
8.54236    6.35637
8.563    6.33751
8.6249    6.33751
8.64553    6.31865
8.6868    6.29979
8.76933    6.28093
8.8106    6.26207
8.83124    6.2432
8.85187    6.22434
8.91377    6.20548
8.97567    6.16776
9.01694    6.1489
9.05821    6.1489
9.09947    6.13004
9.14074    6.13004
9.20264    6.11117
9.22328    6.11117
9.26454    6.11117
9.30581    6.11117
9.34708    6.11117
9.42961    6.13004
9.47088    6.13004
9.51215    6.13004
9.55342    6.1489
9.57405    6.16776
9.61532    6.18662
9.65658    6.18662
9.69785    6.18662
9.71849    6.20548
9.78039    6.20548
9.82165    6.20548
9.86292    6.20548
9.88356    6.20548
9.94546    6.20548
9.96609    6.20548
10.0486    6.20548
10.0899    6.22434
10.1312    6.22434
10.1518    6.22434
10.1724    6.2432
10.255    6.26207
10.2756    6.26207
10.2962    6.28093
10.3375    6.29979
10.3788    6.31865
10.42    6.35637
10.4613    6.37524
10.4819    6.41296
10.5026    6.43182
10.5438    6.46954
10.5851    6.50727
10.6264    6.52613
10.647    6.54499
10.647    6.56385
10.6676    6.58271
10.7502    6.60158
10.7708    6.62044
10.7914    6.62044
10.8327    6.6393
10.874    6.6393
10.9359    6.65816
10.9565    6.65816
11.0184    6.67702
11.039    6.67702
11.0803    6.69588
11.1422    6.71475
11.1628    6.71475
11.2247    6.71475
11.2454    6.73361
11.2866    6.73361
11.3485    6.77133
11.3692    6.77133
11.4311    6.79019
11.4517    6.80905
11.493    6.80905
11.5549    6.84678
11.5962    6.86564
11.6168    6.86564
11.6581    6.8845
11.6993    6.8845
11.7612    6.90336
11.7819    6.90336
11.8231    6.90336
11.8644    6.8845
11.885    6.8845
11.9469    6.86564
11.9882    6.84678
12.0295    6.84678
12.0707    6.82792
12.112    6.80905
12.1739    6.79019
12.1945    6.77133
12.2358    6.77133
12.2771    6.77133
12.2977    6.75247
12.3596    6.75247
12.4215    6.73361
12.4421    6.73361
12.4834    6.73361
12.5247    6.73361
12.5866    6.73361
12.6072    6.73361
12.6691    6.73361
12.6897    6.73361
12.731    6.73361
12.7929    6.71475
12.8135    6.71475
12.8754    6.69588
