6.37582    7.20515
6.37582    7.22401
6.37582    7.22401
6.37582    7.22401
6.37582    7.22401
6.37582    7.22401
6.37582    7.24287
6.37582    7.24287
6.37582    7.24287
6.37582    7.24287
6.37582    7.24287
6.37582    7.24287
6.37582    7.24287
6.37582    7.26173
6.39646    7.26173
6.39646    7.26173
6.39646    7.26173
6.39646    7.26173
6.41709    7.26173
6.41709    7.26173
6.41709    7.26173
6.43772    7.26173
6.45836    7.26173
6.45836    7.26173
6.47899    7.24287
6.49962    7.24287
6.52026    7.24287
6.54089    7.24287
6.56153    7.24287
6.58216    7.24287
6.58216    7.24287
6.62343    7.24287
6.64406    7.24287
6.66469    7.24287
6.68533    7.24287
6.70596    7.24287
6.76786    7.24287
6.7885    7.26173
6.80913    7.26173
6.82976    7.2806
6.8504    7.2806
6.89166    7.2806
6.9123    7.29946
6.93293    7.29946
6.95357    7.29946
6.9742    7.29946
7.0361    7.31832
7.05673    7.31832
7.07737    7.31832
7.098    7.31832
7.11864    7.31832
7.18054    7.31832
7.20117    7.31832
7.24244    7.31832
7.26307    7.31832
7.28371    7.31832
7.34561    7.31832
7.36624    7.29946
7.40751    7.29946
7.42814    7.29946
7.44878    7.29946
7.51068    7.31832
7.53131    7.31832
7.55194    7.31832
7.57258    7.31832
7.59321    7.31832
7.63448    7.31832
7.65511    7.31832
7.67575    7.31832
7.69638    7.33718
7.71701    7.33718
7.75828    7.33718
7.79955    7.33718
7.82018    7.33718
7.84082    7.35604
7.86145    7.35604
7.90272    7.3749
7.94398    7.3749
7.96462    7.39377
7.98525    7.39377
8.02652    7.39377
8.06779    7.41263
8.10905    7.41263
8.12969    7.41263
8.17096    7.41263
8.19159    7.43149
8.25349    7.43149
8.29476    7.43149
8.31539    7.43149
8.35666    7.45035
8.37729    7.45035
8.43919    7.45035
8.45983    7.46921
8.48046    7.46921
8.52173    7.46921
8.54236    7.48807
8.60426    7.50694
8.6249    7.50694
8.66617    7.5258
8.6868    7.5258
8.70743    7.54466
8.76933    7.56352
8.78997    7.58238
8.83124    7.58238
8.85187    7.60124
8.8725    7.62011
8.9344    7.63897
8.95504    7.65783
8.97567    7.65783
9.01694    7.67669
9.03757    7.67669
9.09947    7.69555
9.12011    7.69555
9.14074    7.69555
9.16137    7.69555
9.20264    7.69555
9.24391    7.71441
9.28518    7.71441
9.30581    7.71441
9.32644    7.71441
9.34708    7.71441
9.38835    7.69555
9.42961    7.71441
9.45025    7.71441
9.47088    7.71441
9.49151    7.71441
9.53278    7.71441
9.55342    7.71441
9.57405    7.71441
9.59468    7.71441
9.61532    7.71441
9.67722    7.71441
9.69785    7.71441
9.71849    7.71441
9.73912    7.71441
9.75975    7.71441
9.82165    7.71441
9.84229    7.71441
9.86292    7.71441
9.90419    7.71441
9.92482    7.71441
9.96609    7.69555
9.98672    7.69555
10.0074    7.69555
10.028    7.67669
10.0486    7.67669
10.0899    7.65783
10.1105    7.63897
10.1312    7.62011
10.1518    7.60124
10.1724    7.58238
10.2137    7.54466
10.2343    7.5258
10.2756    7.50694
10.2962    7.48807
10.3169    7.46921
10.3375    7.43149
10.3788    7.43149
10.3788    7.41263
10.3994    7.39377
10.42    7.3749
10.4613    7.33718
10.4819    7.33718
10.5026    7.31832
10.5232    7.29946
10.5438    7.2806
10.6057    7.26173
10.6264    7.24287
10.647    7.22401
10.6676    7.22401
10.6883    7.20515
10.7295    7.18629
10.7295    7.16743
10.7502    7.14856
10.7708    7.14856
10.7914    7.1297
10.8327    7.11084
10.8533    7.09198
10.874    7.07312
10.874    7.07312
10.8946    7.05426
10.9359    7.03539
10.9565    7.01653
10.9565    7.01653
10.9771    6.99767
10.9978    6.99767
11.0184    6.97881
11.0184    6.97881
11.039    6.95995
11.039    6.95995
11.0597    6.95995
11.0803    6.94109
11.0803    6.94109
11.0803    6.94109
11.1009    6.94109
11.1009    6.94109
11.1216    6.94109
11.1216    6.94109
11.1216    6.94109
11.1216    6.94109
11.1422    6.95995
11.1422    6.95995
11.1422    6.95995
11.1422    6.95995
11.1422    6.95995
11.1422    6.95995
11.1628    6.97881
11.1628    6.97881
11.1628    6.97881
11.1628    6.97881
11.1628    6.97881
11.1835    6.99767
11.1628    6.99767
11.1835    6.99767
11.1835    6.99767
11.1835    6.99767
11.2041    7.01653
11.2041    6.99767
11.2247    7.01653
11.2247    7.01653
11.2454    7.01653
11.266    7.01653
11.266    7.01653
11.2866    7.01653
11.2866    7.01653
11.3073    6.99767
11.3279    6.99767
11.3485    6.99767
11.3485    6.99767
11.3485    6.99767
11.3898    6.97881
11.3898    6.97881
11.4311    6.97881
11.4311    6.95995
11.4517    6.95995
11.4724    6.95995
11.493    6.95995
11.493    6.95995
11.5136    6.95995
11.5343    6.95995
11.5343    6.95995
11.5755    6.94109
11.5962    6.94109
11.6168    6.94109
11.6374    6.94109
11.6581    6.94109
11.6787    6.94109
11.72    6.94109
11.7406    6.95995
11.7612    6.94109
11.7819    6.95995
11.8231    6.94109
11.8644    6.95995
11.885    6.95995
11.9057    6.95995
11.9469    6.95995
11.9882    6.94109
12.0295    6.95995
12.0501    6.94109
12.0707    6.94109
12.0914    6.94109
12.1533    6.94109
12.1945    6.94109
12.2358    6.94109
12.2564    6.94109
12.2771    6.94109
12.339    6.94109
12.3802    6.95995
12.4009    6.95995
12.4421    6.95995
12.4834    6.97881
12.5453    6.97881
12.5866    6.99767
12.6072    7.01653
12.6485    7.01653
12.6897    7.03539
12.7516    7.05426
12.7723    7.05426
12.8135    7.05426
12.8548    7.07312
12.8754    7.07312
12.958    7.09198
12.9786    7.09198
