5.83934    7.3749
5.83934    7.39377
5.83934    7.41263
5.83934    7.41263
5.83934    7.43149
5.83934    7.45035
5.85998    7.48807
5.85998    7.50694
5.88061    7.5258
5.88061    7.56352
5.88061    7.58238
5.90125    7.62011
5.90125    7.63897
5.92188    7.65783
5.92188    7.67669
5.92188    7.69555
5.94251    7.73327
5.94251    7.73327
5.96315    7.75214
5.96315    7.771
5.98378    7.771
6.00441    7.78986
6.02505    7.78986
6.02505    7.78986
6.04568    7.78986
6.06632    7.78986
6.08695    7.78986
6.10758    7.78986
6.12822    7.78986
6.14885    7.78986
6.16948    7.78986
6.21075    7.771
6.23139    7.771
6.25202    7.75214
6.27265    7.75214
6.29329    7.75214
6.33455    7.73327
6.35519    7.73327
6.37582    7.73327
6.39646    7.73327
6.41709    7.73327
6.45836    7.73327
6.47899    7.73327
6.49962    7.73327
6.54089    7.73327
6.56153    7.73327
6.60279    7.75214
6.62343    7.75214
6.66469    7.771
6.68533    7.78986
6.70596    7.78986
6.74723    7.80872
6.76786    7.80872
6.80913    7.82758
6.82976    7.82758
6.8504    7.82758
6.89166    7.84644
6.93293    7.84644
6.95357    7.84644
6.99483    7.84644
7.01547    7.84644
7.07737    7.84644
7.11864    7.84644
7.1599    7.84644
7.18054    7.84644
7.2218    7.86531
7.28371    7.86531
7.30434    7.86531
7.34561    7.88417
7.36624    7.90303
7.38687    7.90303
7.44878    7.94075
7.46941    7.94075
7.49004    7.95961
7.51068    7.97848
7.53131    7.99734
7.55194    8.0162
7.57258    8.03506
7.59321    8.05392
7.61385    8.07278
7.63448    8.09165
7.65511    8.11051
7.67575    8.11051
7.69638    8.11051
7.71701    8.11051
7.73765    8.11051
7.79955    8.11051
7.82018    8.11051
7.84082    8.11051
7.88208    8.11051
7.90272    8.09165
7.94398    8.09165
7.98525    8.09165
8.00589    8.07278
8.02652    8.07278
8.04715    8.07278
8.08842    8.07278
8.10905    8.07278
8.12969    8.07278
8.15032    8.07278
8.17096    8.07278
8.23286    8.09165
8.25349    8.09165
8.27412    8.11051
8.31539    8.12937
8.33603    8.14823
8.39793    8.16709
8.43919    8.18595
8.45983    8.20482
8.5011    8.22368
8.52173    8.24254
8.58363    8.28026
8.60426    8.28026
8.6249    8.29912
8.64553    8.29912
8.6868    8.31799
8.72807    8.31799
8.76933    8.31799
8.78997    8.31799
8.8106    8.31799
8.85187    8.31799
8.89314    8.29912
8.9344    8.29912
8.95504    8.28026
8.99631    8.28026
9.01694    8.2614
9.07884    8.24254
9.09947    8.24254
9.12011    8.24254
9.14074    8.22368
9.16137    8.22368
9.20264    8.22368
9.22328    8.22368
9.24391    8.22368
9.26454    8.22368
9.28518    8.20482
9.32644    8.20482
9.34708    8.20482
9.36771    8.20482
9.38835    8.20482
9.40898    8.22368
9.45025    8.22368
9.47088    8.22368
9.49151    8.22368
9.51215    8.22368
9.53278    8.22368
9.57405    8.20482
9.57405    8.20482
9.59468    8.20482
9.61532    8.18595
9.63595    8.18595
9.65658    8.14823
9.67722    8.14823
9.69785    8.12937
9.69785    8.11051
9.71849    8.09165
9.73912    8.05392
9.75975    8.03506
9.75975    8.03506
9.78039    8.0162
9.80102    7.99734
9.82165    7.97848
9.84229    7.95961
9.86292    7.94075
9.88356    7.94075
9.90419    7.92189
9.96609    7.90303
9.98672    7.88417
10.0074    7.86531
10.0486    7.86531
10.0693    7.84644
10.1312    7.82758
10.1518    7.80872
10.1724    7.80872
10.1931    7.78986
10.2137    7.78986
10.255    7.75214
10.2756    7.75214
10.2962    7.73327
10.3169    7.71441
10.3375    7.69555
10.3581    7.65783
10.3788    7.63897
10.3788    7.60124
10.3994    7.58238
10.42    7.54466
10.4407    7.48807
10.4407    7.46921
10.4613    7.43149
10.4819    7.41263
10.4819    7.3749
10.5232    7.33718
10.5232    7.29946
10.5438    7.2806
10.5645    7.2806
10.5851    7.26173
10.6057    7.22401
10.6264    7.20515
10.647    7.20515
10.6676    7.18629
10.6883    7.18629
10.7295    7.16743
10.7502    7.16743
10.7502    7.16743
10.7708    7.14856
10.7914    7.14856
10.8121    7.1297
10.8327    7.1297
10.8327    7.11084
10.8533    7.09198
10.8533    7.09198
10.874    7.05426
10.874    7.05426
10.8946    7.03539
10.8946    7.01653
10.8946    6.99767
10.9152    6.97881
10.9152    6.95995
10.9152    6.94109
10.9359    6.94109
10.9359    6.92222
10.9359    6.92222
10.9565    6.92222
10.9565    6.92222
10.9565    6.92222
10.9771    6.90336
10.9771    6.92222
10.9978    6.92222
10.9978    6.92222
10.9978    6.92222
11.0184    6.92222
11.0184    6.94109
11.039    6.95995
11.039    6.95995
11.0597    6.97881
11.0803    6.99767
11.1009    7.01653
11.1009    7.03539
11.1216    7.03539
11.1422    7.05426
11.1628    7.07312
11.2041    7.07312
11.2041    7.07312
11.2247    7.07312
11.2247    7.07312
11.2454    7.05426
11.2454    7.03539
11.266    7.03539
11.2866    7.03539
11.2866    7.01653
11.3073    7.01653
11.3073    7.01653
11.3279    7.01653
11.3485    7.01653
11.3692    7.01653
11.3692    7.01653
11.4105    7.03539
11.4105    7.05426
11.4311    7.05426
11.4517    7.07312
11.4517    7.07312
11.4724    7.09198
11.493    7.09198
11.5136    7.11084
11.5136    7.11084
11.5343    7.1297
11.5549    7.1297
11.5755    7.1297
11.5962    7.1297
11.5962    7.1297
11.6168    7.1297
11.6581    7.11084
11.6787    7.11084
11.6787    7.11084
11.72    7.09198
11.7406    7.09198
11.7819    7.05426
11.8025    7.03539
11.8231    7.01653
11.8644    6.99767
11.885    6.97881
11.9263    6.94109
11.9469    6.92222
11.9882    6.90336
12.0088    6.8845
12.0295    6.86564
12.0707    6.84678
12.112    6.82792
12.1326    6.82792
12.1533    6.80905
12.1945    6.80905
12.2564    6.79019
12.2771    6.77133
12.3183    6.77133
12.3596    6.75247
12.4009    6.75247
12.4834    6.73361
12.5247    6.73361
12.5866    6.73361
12.6278    6.73361
12.6691    6.73361
12.731    6.71475
12.7929    6.71475
12.8342    6.71475
12.8754    6.69588
12.9167    6.67702
12.9786    6.6393
13.0199    6.62044
