6.64406    7.75214
6.64406    7.75214
6.64406    7.75214
6.64406    7.75214
6.64406    7.75214
6.64406    7.75214
6.64406    7.75214
6.64406    7.75214
6.64406    7.75214
6.64406    7.75214
6.64406    7.75214
6.64406    7.75214
6.64406    7.75214
6.64406    7.75214
6.66469    7.75214
6.68533    7.75214
6.68533    7.75214
6.68533    7.75214
6.68533    7.75214
6.70596    7.75214
6.74723    7.75214
6.76786    7.75214
6.76786    7.75214
6.7885    7.75214
6.82976    7.73327
6.8504    7.71441
6.89166    7.73327
6.9123    7.69555
6.95357    7.69555
6.9742    7.69555
6.99483    7.69555
7.05673    7.67669
7.05673    7.69555
7.07737    7.67669
7.11864    7.69555
7.13927    7.67669
7.18054    7.69555
7.2218    7.69555
7.24244    7.69555
7.28371    7.69555
7.32497    7.69555
7.38687    7.71441
7.40751    7.73327
7.44878    7.73327
7.49004    7.75214
7.53131    7.771
7.59321    7.771
7.59321    7.78986
7.63448    7.80872
7.65511    7.78986
7.69638    7.80872
7.75828    7.78986
7.77892    7.80872
7.82018    7.78986
7.86145    7.80872
7.88208    7.78986
7.92335    7.78986
7.96462    7.78986
8.00589    7.771
8.02652    7.75214
8.08842    7.75214
8.12969    7.75214
8.15032    7.75214
8.21222    7.73327
8.23286    7.71441
8.27412    7.73327
8.33603    7.71441
8.35666    7.73327
8.39793    7.71441
8.41856    7.73327
8.43919    7.71441
8.52173    7.73327
8.563    7.73327
8.58363    7.73327
8.60426    7.73327
8.64553    7.75214
8.70743    7.771
8.72807    7.771
8.76933    7.771
8.78997    7.771
8.8106    7.771
8.89314    7.771
8.91377    7.771
8.9344    7.771
8.99631    7.771
9.01694    7.771
9.09947    7.771
9.14074    7.771
9.18201    7.771
9.22328    7.771
9.26454    7.771
9.32644    7.771
9.34708    7.771
9.38835    7.771
9.40898    7.771
9.42961    7.78986
9.49151    7.80872
9.49151    7.78986
9.51215    7.80872
9.55342    7.80872
9.59468    7.80872
9.63595    7.82758
9.65658    7.86531
9.67722    7.86531
9.71849    7.88417
9.73912    7.88417
9.75975    7.90303
9.80102    7.92189
9.82165    7.90303
9.84229    7.92189
9.86292    7.90303
9.90419    7.90303
9.92482    7.90303
9.96609    7.88417
9.98672    7.86531
9.98672    7.86531
10.0486    7.84644
10.0899    7.82758
10.1105    7.82758
10.1105    7.80872
10.1518    7.78986
10.1931    7.78986
10.2137    7.771
10.255    7.75214
10.2756    7.75214
10.2962    7.75214
10.3581    7.73327
10.3788    7.71441
10.42    7.71441
10.4407    7.71441
10.4613    7.71441
10.5232    7.69555
10.5438    7.67669
10.5851    7.69555
10.6057    7.67669
10.6057    7.67669
10.647    7.65783
10.6676    7.63897
10.7089    7.63897
10.7295    7.63897
10.7295    7.62011
10.7708    7.58238
10.7708    7.56352
10.7914    7.56352
10.8327    7.54466
10.8533    7.5258
10.874    7.50694
10.8946    7.46921
10.9152    7.45035
10.9359    7.45035
10.9359    7.45035
10.9771    7.41263
10.9978    7.41263
11.0184    7.41263
11.0184    7.39377
11.039    7.3749
11.0803    7.3749
11.1009    7.39377
11.0803    7.3749
11.1009    7.39377
11.1009    7.3749
11.1216    7.39377
11.1422    7.39377
11.1422    7.39377
11.1628    7.39377
11.1835    7.39377
11.1835    7.3749
11.2041    7.39377
11.2247    7.3749
11.2247    7.3749
11.2247    7.3749
11.2454    7.35604
11.2866    7.31832
11.3073    7.31832
11.3073    7.29946
11.3073    7.31832
11.3279    7.2806
11.3485    7.26173
11.3485    7.26173
11.3485    7.26173
11.3692    7.24287
11.4105    7.22401
11.4311    7.22401
11.4105    7.20515
11.4517    7.18629
11.4517    7.20515
11.4724    7.18629
11.4724    7.20515
11.493    7.18629
11.5136    7.20515
11.5136    7.18629
11.5343    7.20515
11.5549    7.18629
11.5549    7.20515
11.5755    7.18629
11.5962    7.18629
11.5962    7.16743
11.6168    7.14856
11.6374    7.14856
11.6374    7.1297
11.6581    7.11084
11.6787    7.11084
11.6787    7.09198
11.6787    7.07312
11.6993    7.07312
11.7406    7.07312
11.7612    7.07312
11.7612    7.07312
11.7612    7.07312
11.7819    7.09198
11.8025    7.07312
11.8231    7.09198
11.8438    7.09198
11.8438    7.09198
11.8644    7.09198
11.885    7.09198
11.9057    7.07312
11.9263    7.07312
11.9469    7.07312
11.9882    7.07312
11.9882    7.05426
12.0295    7.03539
12.0707    7.01653
12.0914    6.99767
12.0914    6.99767
12.112    6.97881
12.1533    6.95995
12.1945    6.95995
12.2152    6.95995
12.2152    6.94109
12.2358    6.92222
12.2977    6.94109
12.3183    6.92222
12.339    6.94109
12.3596    6.92222
12.4009    6.94109
12.4628    6.92222
12.4628    6.94109
12.504    6.92222
12.5453    6.94109
12.5659    6.94109
12.6485    6.94109
12.6691    6.94109
12.6897    6.94109
12.731    6.94109
12.7723    6.94109
12.8135    6.92222
12.8548    6.92222
12.8961    6.92222
