6.41709    8.31799
6.41709    8.31799
6.41709    8.31799
6.41709    8.31799
6.41709    8.31799
6.41709    8.31799
6.41709    8.31799
6.41709    8.31799
6.41709    8.31799
6.41709    8.31799
6.41709    8.31799
6.43772    8.33685
6.43772    8.33685
6.43772    8.33685
6.43772    8.33685
6.43772    8.33685
6.43772    8.35571
6.45836    8.35571
6.45836    8.35571
6.45836    8.35571
6.47899    8.35571
6.47899    8.35571
6.49962    8.35571
6.52026    8.35571
6.52026    8.33685
6.54089    8.33685
6.56153    8.33685
6.58216    8.31799
6.60279    8.31799
6.62343    8.31799
6.64406    8.29912
6.68533    8.28026
6.70596    8.28026
6.74723    8.2614
6.76786    8.24254
6.7885    8.22368
6.8504    8.20482
6.89166    8.18595
6.9123    8.16709
6.93293    8.14823
6.9742    8.14823
7.01547    8.12937
7.0361    8.11051
7.07737    8.11051
7.098    8.11051
7.11864    8.09165
7.1599    8.09165
7.18054    8.09165
7.20117    8.09165
7.2218    8.09165
7.24244    8.11051
7.28371    8.12937
7.30434    8.12937
7.34561    8.12937
7.36624    8.14823
7.38687    8.14823
7.44878    8.16709
7.46941    8.18595
7.49004    8.18595
7.53131    8.20482
7.55194    8.20482
7.59321    8.22368
7.63448    8.22368
7.65511    8.22368
7.69638    8.22368
7.71701    8.22368
7.77892    8.22368
7.79955    8.22368
7.84082    8.22368
7.86145    8.22368
7.90272    8.20482
7.96462    8.20482
7.98525    8.20482
8.02652    8.18595
8.04715    8.18595
8.08842    8.18595
8.15032    8.18595
8.17096    8.18595
8.21222    8.18595
8.23286    8.18595
8.25349    8.18595
8.31539    8.18595
8.35666    8.18595
8.37729    8.18595
8.41856    8.18595
8.43919    8.20482
8.5011    8.20482
8.54236    8.20482
8.563    8.20482
8.60426    8.20482
8.64553    8.20482
8.70743    8.20482
8.72807    8.20482
8.76933    8.20482
8.78997    8.20482
8.83124    8.20482
8.89314    8.18595
8.91377    8.18595
8.95504    8.16709
8.97567    8.16709
9.01694    8.16709
9.07884    8.14823
9.12011    8.14823
9.14074    8.12937
9.18201    8.12937
9.20264    8.12937
9.26454    8.12937
9.28518    8.12937
9.30581    8.12937
9.34708    8.12937
9.36771    8.12937
9.40898    8.14823
9.45025    8.14823
9.47088    8.14823
9.49151    8.14823
9.53278    8.16709
9.57405    8.18595
9.61532    8.18595
9.63595    8.18595
9.67722    8.20482
9.69785    8.20482
9.75975    8.20482
9.78039    8.20482
9.80102    8.20482
9.84229    8.20482
9.86292    8.20482
9.90419    8.20482
9.92482    8.18595
9.94546    8.18595
9.98672    8.16709
10.0074    8.16709
10.0486    8.14823
10.0693    8.12937
10.1105    8.12937
10.1312    8.11051
10.1518    8.11051
10.1931    8.09165
10.2137    8.09165
10.2343    8.07278
10.255    8.07278
10.2756    8.07278
10.3169    8.05392
10.3375    8.03506
10.3375    8.03506
10.3581    8.0162
10.3788    8.0162
10.42    7.99734
10.4407    7.99734
10.4613    7.97848
10.4819    7.97848
10.5026    7.97848
10.5438    7.95961
10.5645    7.95961
10.5851    7.94075
10.6057    7.94075
10.6264    7.92189
10.647    7.90303
10.6676    7.90303
10.6676    7.90303
10.6883    7.88417
10.7089    7.88417
10.7295    7.86531
10.7502    7.84644
10.7502    7.84644
10.7708    7.82758
10.7708    7.80872
10.7914    7.78986
10.7914    7.78986
10.8121    7.771
10.8121    7.75214
10.8327    7.75214
10.8533    7.73327
10.8533    7.71441
10.874    7.71441
10.874    7.69555
10.8946    7.69555
10.9152    7.67669
10.9359    7.67669
10.9359    7.67669
10.9565    7.67669
10.9771    7.67669
10.9978    7.67669
11.0184    7.65783
11.0184    7.65783
11.039    7.65783
11.039    7.65783
11.0597    7.63897
11.0803    7.63897
11.0803    7.63897
11.1009    7.62011
11.1009    7.62011
11.1216    7.60124
11.1216    7.58238
11.1422    7.58238
11.1422    7.58238
11.1628    7.56352
11.1835    7.54466
11.1835    7.5258
11.2041    7.5258
11.2041    7.50694
11.2247    7.50694
11.2454    7.48807
11.266    7.46921
11.266    7.46921
11.266    7.45035
11.2866    7.45035
11.3073    7.43149
11.3279    7.43149
11.3279    7.43149
11.3485    7.41263
11.3692    7.41263
11.3898    7.41263
11.3898    7.41263
11.4105    7.41263
11.4311    7.41263
11.4517    7.41263
11.493    7.41263
11.493    7.41263
11.5136    7.41263
11.5343    7.41263
11.5343    7.39377
11.5549    7.39377
11.5755    7.39377
11.5962    7.3749
11.6168    7.3749
11.6374    7.35604
11.6581    7.35604
11.6993    7.33718
11.6993    7.33718
11.6993    7.31832
11.7406    7.31832
11.7612    7.29946
11.8025    7.29946
11.8025    7.29946
11.8438    7.2806
11.8644    7.29946
11.9057    7.2806
11.9263    7.2806
11.9469    7.2806
11.9882    7.29946
11.9882    7.29946
12.0501    7.29946
12.0707    7.31832
12.112    7.31832
12.1326    7.33718
12.1739    7.33718
12.2152    7.35604
12.2564    7.35604
12.2977    7.35604
12.3183    7.35604
12.3596    7.3749
12.4009    7.35604
12.4421    7.35604
12.4628    7.35604
12.504    7.35604
12.5247    7.35604
12.5866    7.35604
12.6278    7.35604
12.6485    7.35604
12.6897    7.35604
12.7104    7.35604
12.7723    7.35604
