7.77892    7.80872
7.77892    7.78986
7.79955    7.78986
7.77892    7.78986
7.79955    7.771
7.79955    7.771
7.82018    7.75214
7.86145    7.75214
7.88208    7.75214
7.88208    7.75214
7.90272    7.75214
7.96462    7.75214
7.98525    7.75214
8.02652    7.771
8.06779    7.771
8.08842    7.78986
8.15032    7.80872
8.21222    7.82758
8.23286    7.84644
8.29476    7.86531
8.31539    7.88417
8.41856    7.90303
8.43919    7.90303
8.5011    7.92189
8.52173    7.92189
8.58363    7.92189
8.66617    7.92189
8.70743    7.90303
8.76933    7.90303
8.83124    7.88417
8.8725    7.88417
8.97567    7.86531
9.03757    7.84644
9.07884    7.84644
9.12011    7.84644
9.16137    7.82758
9.26454    7.82758
9.32644    7.82758
9.36771    7.82758
9.42961    7.80872
9.49151    7.80872
9.59468    7.78986
9.65658    7.78986
9.69785    7.78986
9.75975    7.771
9.82165    7.771
9.90419    7.771
9.96609    7.75214
10.028    7.73327
10.0486    7.73327
10.1105    7.71441
10.1931    7.67669
10.255    7.63897
10.3169    7.62011
10.3581    7.60124
10.42    7.56352
10.5232    7.5258
10.5645    7.50694
10.6264    7.48807
10.6883    7.46921
10.7295    7.46921
10.8327    7.43149
10.8946    7.43149
10.9359    7.41263
10.9978    7.39377
11.0597    7.3749
11.1628    7.35604
11.2454    7.35604
11.3073    7.33718
11.3485    7.33718
11.3898    7.33718
11.493    7.33718
11.5549    7.31832
11.5962    7.31832
11.6374    7.29946
11.6787    7.29946
11.7819    7.26173
11.8438    7.26173
11.885    7.24287
11.9469    7.22401
12.0088    7.20515
12.0914    7.20515
12.1533    7.20515
12.2152    7.20515
12.2564    7.20515
12.2977    7.22401
12.3802    7.22401
12.4421    7.24287
12.504    7.24287
12.5453    7.26173
12.5866    7.2806
12.6691    7.31832
12.731    7.33718
