7.84082    8.46888
7.84082    8.46888
7.86145    8.46888
7.86145    8.48774
7.88208    8.46888
7.88208    8.48774
7.90272    8.48774
7.92335    8.48774
7.94398    8.48774
7.96462    8.48774
7.98525    8.5066
8.02652    8.52546
8.04715    8.5066
8.08842    8.52546
8.10905    8.5066
8.15032    8.52546
8.23286    8.48774
8.27412    8.48774
8.31539    8.48774
8.35666    8.46888
8.39793    8.48774
8.48046    8.45002
8.52173    8.45002
8.563    8.45002
8.60426    8.45002
8.64553    8.45002
8.72807    8.45002
8.76933    8.45002
8.8106    8.46888
8.85187    8.48774
8.89314    8.46888
8.97567    8.48774
9.01694    8.48774
9.05821    8.48774
9.09947    8.48774
9.16137    8.48774
9.24391    8.5066
9.28518    8.52546
9.32644    8.5066
9.36771    8.52546
9.40898    8.5066
9.49151    8.5066
9.53278    8.5066
9.57405    8.48774
9.61532    8.45002
9.65658    8.43116
9.73912    8.41229
9.78039    8.37457
9.82165    8.33685
9.86292    8.31799
9.90419    8.31799
9.98672    8.28026
10.028    8.2614
10.0693    8.24254
10.1105    8.24254
10.1518    8.22368
10.2343    8.18595
10.2756    8.16709
10.3169    8.16709
10.3581    8.14823
10.3994    8.11051
10.4819    8.09165
10.5232    8.09165
10.5645    8.07278
10.6057    8.05392
10.647    8.05392
10.7295    8.0162
10.7708    7.99734
10.8121    7.95961
10.8533    7.94075
10.8946    7.94075
10.9565    7.90303
10.9978    7.86531
11.0184    7.84644
11.0597    7.78986
11.1009    7.78986
11.1628    7.73327
11.2041    7.67669
11.2247    7.67669
11.266    7.63897
11.3073    7.62011
11.3692    7.56352
11.4105    7.56352
11.4517    7.54466
11.493    7.50694
11.5136    7.48807
11.5962    7.46921
11.6374    7.45035
11.6787    7.45035
11.72    7.43149
11.7612    7.41263
11.8438    7.41263
11.9057    7.41263
11.9469    7.41263
11.9882    7.41263
12.0295    7.41263
12.0914    7.39377
12.1326    7.3749
12.1533    7.3749
12.1945    7.3749
12.2358    7.3749
12.2977    7.35604
12.339    7.33718
12.3802    7.35604
12.4215    7.33718
12.4628    7.33718
12.5453    7.33718
12.5866    7.33718
12.6278    7.33718
12.6691    7.35604
12.7104    7.35604
12.7723    7.3749
12.8135    7.39377
12.8548    7.39377
12.8754    7.41263
12.8961    7.45035
12.958    7.48807
12.9992    7.50694
