7.11864    8.12937
7.13927    8.12937
7.11864    8.14823
7.1599    8.12937
7.1599    8.14823
7.18054    8.14823
7.20117    8.16709
7.2218    8.18595
7.2218    8.18595
7.24244    8.20482
7.28371    8.22368
7.32497    8.22368
7.34561    8.24254
7.34561    8.2614
7.36624    8.2614
7.40751    8.2614
7.46941    8.2614
7.49004    8.2614
7.53131    8.2614
7.55194    8.2614
7.57258    8.2614
7.65511    8.2614
7.69638    8.2614
7.73765    8.2614
7.77892    8.24254
7.82018    8.2614
7.90272    8.24254
7.92335    8.2614
7.94398    8.24254
8.00589    8.2614
8.02652    8.2614
8.10905    8.2614
8.15032    8.2614
8.19159    8.2614
8.23286    8.2614
8.27412    8.2614
8.35666    8.2614
8.39793    8.28026
8.43919    8.29912
8.48046    8.28026
8.52173    8.29912
8.58363    8.28026
8.6249    8.29912
8.66617    8.28026
8.70743    8.28026
8.7487    8.28026
8.83124    8.2614
8.8725    8.22368
8.9344    8.20482
8.99631    8.20482
9.01694    8.20482
9.12011    8.18595
9.16137    8.16709
9.20264    8.16709
9.24391    8.16709
9.28518    8.16709
9.36771    8.14823
9.40898    8.12937
9.45025    8.12937
9.49151    8.12937
9.53278    8.11051
9.61532    8.07278
9.65658    8.07278
9.69785    8.05392
9.73912    8.07278
9.78039    8.03506
9.86292    8.0162
9.90419    8.0162
9.92482    7.99734
9.98672    7.97848
10.0074    7.97848
10.0899    7.94075
10.1312    7.92189
10.1518    7.88417
10.1724    7.84644
10.2137    7.82758
10.2756    7.78986
10.2962    7.771
10.3581    7.73327
10.3788    7.69555
10.42    7.67669
10.5026    7.65783
10.5438    7.62011
10.5851    7.60124
10.6264    7.60124
10.647    7.60124
10.7089    7.58238
10.7708    7.54466
10.7914    7.5258
10.8533    7.54466
10.874    7.5258
10.9565    7.5258
10.9771    7.5258
10.9978    7.5258
11.039    7.5258
11.0597    7.5258
11.1009    7.50694
11.1422    7.46921
11.1628    7.46921
11.2041    7.45035
11.2454    7.45035
11.3073    7.43149
11.3279    7.39377
11.3898    7.3749
11.4105    7.3749
11.4517    7.35604
11.5343    7.29946
11.5755    7.29946
11.6168    7.29946
11.6581    7.2806
11.6993    7.26173
11.7612    7.26173
11.7819    7.26173
11.8438    7.24287
11.8644    7.22401
11.9263    7.24287
11.9882    7.22401
12.0501    7.24287
12.0707    7.22401
12.1326    7.24287
12.1739    7.24287
12.2564    7.24287
12.2977    7.24287
12.339    7.24287
12.3802    7.24287
12.4215    7.24287
12.504    7.24287
12.5247    7.24287
12.5866    7.26173
12.6278    7.26173
12.6691    7.26173
12.7516    7.26173
12.7929    7.26173
12.8548    7.26173
12.8961    7.26173
12.958    7.26173
12.9992    7.29946
13.0611    7.29946
13.1024    7.31832
