7.84082    5.67736
7.84082    5.65849
7.84082    5.63963
7.84082    5.65849
7.86145    5.63963
7.86145    5.65849
7.86145    5.63963
7.88208    5.65849
7.88208    5.63963
7.88208    5.65849
7.90272    5.65849
7.92335    5.65849
7.92335    5.65849
7.94398    5.67736
7.94398    5.69622
7.96462    5.67736
7.98525    5.71508
8.00589    5.71508
8.02652    5.73394
8.02652    5.71508
8.04715    5.7528
8.08842    5.77166
8.10905    5.7528
8.12969    5.79053
8.15032    5.79053
8.17096    5.79053
8.21222    5.80939
8.23286    5.79053
8.27412    5.80939
8.29476    5.79053
8.31539    5.80939
8.37729    5.79053
8.41856    5.79053
8.45983    5.79053
8.5011    5.79053
8.54236    5.77166
8.60426    5.7528
8.64553    5.7528
8.6868    5.7528
8.70743    5.7528
8.7487    5.7528
8.8106    5.7528
8.85187    5.7528
8.8725    5.7528
8.91377    5.7528
8.95504    5.7528
9.01694    5.7528
9.05821    5.7528
9.09947    5.77166
9.14074    5.7528
9.18201    5.77166
9.24391    5.79053
9.28518    5.80939
9.32644    5.80939
9.36771    5.82825
9.40898    5.84711
9.49151    5.84711
9.53278    5.86597
9.57405    5.88483
9.63595    5.88483
9.67722    5.88483
9.75975    5.9037
9.80102    5.92256
9.86292    5.92256
9.90419    5.92256
9.94546    5.94142
10.028    5.97914
10.0693    5.97914
10.1105    5.998
10.1518    6.01687
10.1931    6.05459
10.2756    6.09231
10.3169    6.11117
10.3375    6.09231
10.3788    6.13004
10.42    6.1489
10.4819    6.16776
10.5232    6.22434
10.5645    6.22434
10.5851    6.2432
10.6264    6.28093
10.6883    6.33751
10.7295    6.33751
10.7708    6.35637
10.8121    6.3941
10.8327    6.41296
10.9152    6.43182
10.9565    6.46954
10.9771    6.48841
11.0184    6.48841
11.0597    6.48841
11.1422    6.50727
11.1835    6.54499
11.2247    6.54499
11.2454    6.56385
11.2866    6.56385
11.3692    6.58271
11.4105    6.62044
11.4311    6.6393
11.4724    6.6393
11.5136    6.65816
11.5755    6.69588
11.6168    6.71475
11.6581    6.71475
11.6993    6.71475
11.7406    6.73361
11.8025    6.79019
11.8438    6.79019
11.885    6.80905
11.9263    6.84678
11.9676    6.84678
12.0501    6.86564
12.0914    6.86564
12.1326    6.86564
12.1739    6.86564
12.2152    6.86564
12.2771    6.86564
12.339    6.86564
12.3802    6.84678
12.4215    6.86564
12.4628    6.84678
12.5247    6.82792
12.5866    6.80905
12.6072    6.82792
12.6485    6.80905
