7.01547    8.7518
7.01547    8.73294
6.99483    8.7518
7.01547    8.73294
6.99483    8.7518
7.01547    8.73294
6.99483    8.7518
7.01547    8.73294
6.99483    8.7518
7.01547    8.73294
7.01547    8.7518
7.01547    8.7518
7.01547    8.7518
7.0361    8.7518
7.05673    8.77067
7.05673    8.78953
7.05673    8.78953
7.05673    8.78953
7.07737    8.78953
7.098    8.78953
7.098    8.77067
7.11864    8.78953
7.13927    8.77067
7.13927    8.77067
7.1599    8.7518
7.18054    8.73294
7.20117    8.71408
7.2218    8.67636
7.2218    8.67636
7.24244    8.6575
7.28371    8.6575
7.32497    8.61977
7.34561    8.60091
7.36624    8.58205
7.40751    8.58205
7.42814    8.56319
7.46941    8.52546
7.51068    8.5066
7.53131    8.5066
7.59321    8.5066
7.59321    8.48774
7.65511    8.46888
7.69638    8.46888
7.73765    8.46888
7.75828    8.45002
7.77892    8.43116
7.86145    8.43116
7.88208    8.41229
7.90272    8.37457
7.96462    8.35571
7.98525    8.35571
8.06779    8.33685
8.08842    8.29912
8.10905    8.28026
8.17096    8.28026
8.19159    8.28026
8.27412    8.2614
8.31539    8.24254
8.35666    8.24254
8.39793    8.24254
8.43919    8.24254
8.52173    8.24254
8.563    8.24254
8.60426    8.24254
8.64553    8.24254
8.6868    8.24254
8.76933    8.2614
8.8106    8.24254
8.85187    8.2614
8.89314    8.24254
8.9344    8.2614
9.01694    8.24254
9.05821    8.24254
9.09947    8.22368
9.12011    8.20482
9.14074    8.20482
9.24391    8.18595
9.26454    8.14823
9.32644    8.12937
9.34708    8.12937
9.40898    8.11051
9.47088    8.07278
9.51215    8.07278
9.55342    8.05392
9.59468    8.05392
9.63595    8.05392
9.69785    8.03506
9.71849    7.99734
9.78039    7.97848
9.80102    7.99734
9.86292    7.95961
9.92482    7.94075
9.96609    7.95961
10.0074    7.92189
10.0486    7.92189
10.0693    7.90303
10.1105    7.90303
10.1518    7.88417
10.1724    7.86531
10.2137    7.86531
10.255    7.84644
10.3169    7.80872
10.3375    7.78986
10.3788    7.78986
10.3994    7.771
10.42    7.73327
10.4819    7.69555
10.5026    7.67669
10.5438    7.65783
10.5851    7.63897
10.6057    7.63897
10.647    7.60124
10.6676    7.58238
10.7089    7.56352
10.7502    7.56352
10.7708    7.54466
10.8121    7.50694
10.8533    7.48807
10.874    7.50694
10.9359    7.48807
10.9565    7.48807
11.0184    7.46921
11.039    7.45035
11.0803    7.45035
11.1009    7.43149
11.1216    7.41263
11.1835    7.41263
11.2041    7.39377
11.2454    7.3749
11.266    7.3749
11.2866    7.35604
11.3485    7.29946
11.3692    7.29946
11.4105    7.2806
11.4311    7.26173
11.4311    7.24287
11.493    7.20515
11.5343    7.20515
11.5549    7.18629
11.5755    7.20515
11.6168    7.18629
11.6581    7.18629
11.6787    7.18629
11.6787    7.18629
11.6993    7.18629
11.7406    7.18629
11.7819    7.18629
11.8025    7.18629
11.8231    7.18629
11.8438    7.18629
11.8644    7.18629
11.9263    7.18629
11.9469    7.18629
11.9882    7.16743
12.0088    7.14856
12.0295    7.16743
12.112    7.1297
12.1533    7.11084
12.1739    7.1297
12.1945    7.09198
12.2358    7.09198
12.2977    7.09198
12.3183    7.09198
12.3596    7.09198
12.3802    7.09198
12.4009    7.09198
12.4834    7.09198
12.5247    7.09198
12.5659    7.09198
12.6072    7.09198
12.6278    7.11084
12.6897    7.1297
12.731    7.1297
12.7723    7.1297
12.8135    7.1297
12.8342    7.14856
12.8961    7.16743
12.9373    7.14856
12.9786    7.16743
13.0199    7.14856
13.0611    7.16743
13.1437    7.14856
13.185    7.14856
13.2056    7.14856
13.2262    7.14856
13.2881    7.14856
13.35    7.14856
13.3913    7.16743
