7.44878    9.16676
7.44878    9.16676
7.44878    9.16676
7.44878    9.16676
7.46941    9.16676
7.46941    9.16676
7.49004    9.18562
7.49004    9.18562
7.51068    9.18562
7.51068    9.18562
7.51068    9.18562
7.53131    9.18562
7.55194    9.18562
7.55194    9.18562
7.57258    9.18562
7.57258    9.18562
7.61385    9.16676
7.61385    9.16676
7.63448    9.1479
7.65511    9.1479
7.67575    9.12904
7.71701    9.11018
7.73765    9.09131
7.75828    9.07245
7.79955    9.05359
7.82018    9.03473
7.88208    8.99701
7.90272    8.97814
7.92335    8.97814
7.96462    8.95928
7.98525    8.94042
8.04715    8.92156
8.08842    8.92156
8.10905    8.9027
8.15032    8.9027
8.17096    8.88384
8.25349    8.88384
8.29476    8.88384
8.33603    8.88384
8.35666    8.88384
8.39793    8.88384
8.48046    8.88384
8.5011    8.88384
8.54236    8.88384
8.563    8.88384
8.60426    8.88384
8.66617    8.88384
8.6868    8.86497
8.72807    8.86497
8.7487    8.84611
8.78997    8.84611
8.85187    8.82725
8.89314    8.80839
8.91377    8.78953
8.95504    8.77067
8.99631    8.77067
9.05821    8.73294
9.09947    8.71408
9.14074    8.71408
9.16137    8.69522
9.20264    8.67636
9.28518    8.6575
9.32644    8.6575
9.36771    8.63863
9.40898    8.61977
9.45025    8.61977
9.53278    8.60091
9.57405    8.60091
9.61532    8.58205
9.65658    8.58205
9.69785    8.58205
9.78039    8.56319
9.82165    8.54433
9.86292    8.52546
9.88356    8.52546
9.92482    8.5066
9.98672    8.46888
10.028    8.45002
10.0693    8.43116
10.1105    8.39343
10.1518    8.37457
10.2137    8.31799
10.255    8.29912
10.2756    8.28026
10.3169    8.2614
10.3375    8.24254
10.3994    8.20482
10.4407    8.18595
10.4613    8.16709
10.5026    8.14823
10.5438    8.12937
10.6057    8.09165
10.647    8.07278
10.6883    8.05392
10.7089    8.03506
10.7502    8.03506
10.8121    7.99734
10.8533    7.99734
10.874    7.97848
10.8946    7.95961
10.9359    7.95961
10.9771    7.92189
10.9978    7.90303
11.0184    7.88417
11.039    7.86531
11.0597    7.84644
11.1009    7.80872
11.1216    7.78986
11.1628    7.771
11.1835    7.771
11.2041    7.75214
11.2454    7.71441
11.266    7.69555
11.3073    7.69555
11.3279    7.67669
11.3485    7.65783
11.3898    7.63897
11.4311    7.62011
11.4517    7.60124
11.4724    7.60124
11.5136    7.58238
11.5549    7.56352
11.5755    7.54466
11.5962    7.54466
11.6374    7.5258
11.6581    7.50694
11.6993    7.48807
11.72    7.46921
11.7406    7.46921
11.7819    7.45035
11.8025    7.43149
11.8438    7.41263
11.8644    7.39377
11.885    7.3749
11.9057    7.3749
11.9263    7.35604
11.9676    7.33718
12.0088    7.33718
12.0295    7.31832
12.0707    7.31832
12.0914    7.31832
12.1533    7.29946
12.1739    7.29946
12.2152    7.2806
12.2564    7.2806
12.2977    7.29946
12.3802    7.29946
12.4215    7.29946
12.4628    7.29946
12.504    7.29946
12.5453    7.29946
12.6072    7.31832
12.6485    7.31832
12.6897    7.31832
12.7104    7.31832
12.7516    7.33718
12.8342    7.33718
12.8754    7.33718
12.9167    7.33718
12.958    7.33718
12.9992    7.35604
13.0818    7.35604
