7.24244    9.58172
7.24244    9.58172
7.24244    9.56285
7.24244    9.58172
7.24244    9.58172
7.24244    9.56285
7.24244    9.58172
7.24244    9.58172
7.24244    9.58172
7.24244    9.58172
7.24244    9.58172
7.26307    9.60058
7.24244    9.60058
7.26307    9.60058
7.26307    9.61944
7.26307    9.61944
7.28371    9.6383
7.30434    9.6383
7.30434    9.6383
7.30434    9.6383
7.32497    9.65716
7.36624    9.65716
7.38687    9.65716
7.38687    9.65716
7.40751    9.65716
7.44878    9.65716
7.51068    9.65716
7.51068    9.6383
7.55194    9.6383
7.57258    9.61944
7.61385    9.61944
7.67575    9.60058
7.69638    9.58172
7.73765    9.56285
7.77892    9.56285
7.79955    9.54399
7.86145    9.52513
7.90272    9.50627
7.94398    9.50627
7.98525    9.48741
8.02652    9.48741
8.08842    9.44968
8.12969    9.44968
8.17096    9.43082
8.21222    9.41196
8.25349    9.41196
8.33603    9.3931
8.37729    9.37424
8.41856    9.37424
8.45983    9.35538
8.5011    9.35538
8.60426    9.33651
8.66617    9.31765
8.6868    9.29879
8.7487    9.27993
8.76933    9.26107
8.8725    9.22335
8.89314    9.20448
8.9344    9.18562
8.97567    9.16676
9.01694    9.1479
9.07884    9.12904
9.09947    9.12904
9.14074    9.11018
9.18201    9.11018
9.22328    9.09131
9.28518    9.07245
9.30581    9.07245
9.34708    9.05359
9.38835    9.05359
9.42961    9.03473
9.49151    9.03473
9.51215    9.01587
9.57405    9.01587
9.59468    8.99701
9.63595    8.99701
9.69785    8.97814
9.71849    8.95928
9.78039    8.94042
9.80102    8.92156
9.84229    8.9027
9.90419    8.86497
9.92482    8.84611
9.96609    8.84611
9.98672    8.82725
10.0074    8.80839
10.0693    8.77067
10.0899    8.7518
10.1312    8.73294
10.1724    8.71408
10.1931    8.69522
10.2343    8.6575
10.2756    8.63863
10.2962    8.61977
10.3375    8.60091
10.3788    8.60091
10.4407    8.56319
10.4613    8.54433
10.5026    8.52546
10.5438    8.52546
10.5851    8.5066
10.647    8.46888
10.647    8.45002
10.6883    8.43116
10.7089    8.41229
10.7502    8.39343
10.7914    8.35571
10.8121    8.33685
10.8327    8.31799
10.874    8.29912
10.8946    8.28026
10.9152    8.24254
10.9565    8.22368
10.9771    8.20482
10.9771    8.18595
10.9978    8.16709
11.0597    8.12937
11.0803    8.11051
11.1216    8.09165
11.1422    8.09165
11.1422    8.07278
11.1835    8.03506
11.2041    8.03506
11.2454    8.0162
11.266    7.99734
11.2866    7.97848
11.3279    7.95961
11.3485    7.94075
11.3485    7.92189
11.3692    7.90303
11.3898    7.88417
11.4105    7.86531
11.4311    7.84644
11.4517    7.82758
11.4724    7.80872
11.4724    7.78986
11.493    7.75214
11.5343    7.73327
11.5343    7.71441
11.5549    7.69555
11.5549    7.67669
11.5962    7.65783
11.5962    7.63897
11.6168    7.62011
11.6581    7.62011
11.6787    7.60124
11.6993    7.58238
11.72    7.58238
11.7406    7.56352
11.7612    7.56352
11.7612    7.56352
11.8025    7.56352
11.8231    7.56352
11.8644    7.56352
11.885    7.56352
11.9057    7.56352
11.9469    7.56352
11.9882    7.56352
12.0088    7.56352
12.0295    7.56352
12.0707    7.56352
12.112    7.56352
12.1326    7.56352
12.1326    7.56352
12.1533    7.54466
12.1945    7.54466
12.2152    7.5258
12.2152    7.5258
12.2358    7.50694
12.2564    7.50694
12.2564    7.48807
12.2771    7.46921
12.2977    7.46921
12.2977    7.46921
12.3183    7.46921
12.3596    7.46921
12.4009    7.46921
12.4421    7.46921
12.4628    7.46921
12.4834    7.46921
12.5453    7.46921
12.6072    7.46921
12.6691    7.45035
12.6897    7.45035
12.7516    7.45035
12.7723    7.46921
12.8342    7.48807
12.8548    7.50694
