6.93293    9.33651
6.93293    9.33651
6.93293    9.33651
6.93293    9.35538
6.95357    9.33651
6.9742    9.35538
6.9742    9.35538
6.99483    9.35538
7.01547    9.35538
7.01547    9.35538
7.01547    9.35538
7.0361    9.35538
7.07737    9.35538
7.098    9.35538
7.098    9.33651
7.098    9.35538
7.13927    9.29879
7.1599    9.29879
7.20117    9.29879
7.2218    9.27993
7.2218    9.24221
7.26307    9.22335
7.28371    9.22335
7.32497    9.22335
7.34561    9.22335
7.34561    9.20448
7.38687    9.18562
7.40751    9.18562
7.44878    9.18562
7.46941    9.18562
7.46941    9.18562
7.53131    9.18562
7.57258    9.18562
7.59321    9.18562
7.61385    9.18562
7.65511    9.20448
7.71701    9.20448
7.73765    9.20448
7.77892    9.20448
7.79955    9.20448
7.82018    9.20448
7.88208    9.18562
7.90272    9.18562
7.94398    9.18562
7.96462    9.16676
7.98525    9.12904
8.06779    9.09131
8.08842    9.07245
8.10905    9.07245
8.15032    9.03473
8.19159    9.01587
8.25349    8.95928
8.27412    8.94042
8.31539    8.9027
8.35666    8.9027
8.37729    8.88384
8.41856    8.88384
8.45983    8.86497
8.48046    8.84611
8.54236    8.84611
8.563    8.84611
8.6249    8.82725
8.64553    8.80839
8.6868    8.82725
8.72807    8.80839
8.7487    8.80839
8.78997    8.78953
8.83124    8.77067
8.8725    8.77067
8.91377    8.77067
8.9344    8.7518
9.01694    8.71408
9.05821    8.69522
9.09947    8.69522
9.14074    8.67636
9.18201    8.63863
9.24391    8.60091
9.26454    8.58205
9.32644    8.60091
9.34708    8.56319
9.40898    8.56319
9.45025    8.54433
9.49151    8.56319
9.51215    8.52546
9.57405    8.52546
9.59468    8.52546
9.67722    8.5066
9.71849    8.52546
9.75975    8.5066
9.80102    8.52546
9.82165    8.5066
9.88356    8.52546
9.92482    8.48774
9.96609    8.48774
9.98672    8.46888
10.0074    8.48774
10.0899    8.43116
10.1312    8.43116
10.1518    8.41229
10.1724    8.39343
10.2137    8.37457
10.255    8.31799
10.2962    8.31799
10.3169    8.29912
10.3375    8.2614
10.3788    8.24254
10.4407    8.22368
10.4407    8.18595
10.4613    8.16709
10.5232    8.18595
10.5232    8.14823
10.5645    8.11051
10.6057    8.09165
10.6264    8.11051
10.6676    8.07278
10.7089    8.05392
10.7502    8.05392
10.7914    8.05392
10.8121    8.03506
10.8327    7.99734
10.874    7.99734
10.9152    7.95961
10.9359    7.94075
10.9359    7.94075
10.9565    7.92189
10.9978    7.88417
11.0184    7.84644
11.0184    7.82758
11.039    7.82758
11.0803    7.78986
11.0803    7.771
11.1216    7.73327
11.1422    7.71441
11.1422    7.71441
11.1628    7.69555
11.1835    7.65783
11.2041    7.63897
11.2454    7.65783
11.266    7.63897
11.266    7.63897
11.2866    7.63897
11.3485    7.62011
11.3485    7.60124
11.3692    7.62011
11.3898    7.60124
11.3898    7.62011
11.4311    7.58238
11.4517    7.58238
11.4724    7.56352
11.4724    7.56352
11.493    7.56352
11.5343    7.54466
11.5549    7.50694
11.5549    7.48807
11.5549    7.48807
11.5755    7.46921
11.5962    7.43149
11.5962    7.41263
11.6168    7.41263
11.6374    7.39377
11.6374    7.35604
11.6581    7.31832
11.6787    7.29946
11.6787    7.29946
11.6993    7.29946
11.72    7.2806
11.7406    7.26173
11.7819    7.26173
11.8025    7.26173
11.8025    7.26173
11.8231    7.26173
11.885    7.26173
11.885    7.26173
11.9057    7.26173
11.9469    7.26173
11.9882    7.2806
12.0295    7.26173
12.0501    7.2806
12.0707    7.2806
12.112    7.2806
12.1326    7.2806
12.1739    7.29946
12.1945    7.29946
12.2358    7.29946
12.2771    7.31832
12.3183    7.29946
12.3802    7.31832
12.4009    7.29946
12.4421    7.31832
12.4834    7.31832
12.5247    7.31832
12.5866    7.33718
12.6072    7.35604
12.6691    7.35604
12.6897    7.3749
12.7104    7.39377
12.7516    7.41263
12.7929    7.45035
12.8135    7.46921
12.8548    7.48807
12.8961    7.5258
