6.47899    8.84611
6.47899    8.84611
6.47899    8.84611
6.47899    8.84611
6.47899    8.84611
6.47899    8.84611
6.47899    8.86497
6.47899    8.84611
6.47899    8.86497
6.47899    8.84611
6.47899    8.86497
6.49962    8.86497
6.49962    8.86497
6.49962    8.86497
6.49962    8.86497
6.52026    8.88384
6.52026    8.9027
6.52026    8.88384
6.54089    8.9027
6.54089    8.88384
6.54089    8.9027
6.56153    8.88384
6.58216    8.9027
6.60279    8.88384
6.60279    8.88384
6.62343    8.88384
6.66469    8.86497
6.68533    8.84611
6.70596    8.84611
6.7266    8.84611
6.74723    8.84611
6.7885    8.84611
6.80913    8.84611
6.82976    8.84611
6.8504    8.84611
6.87103    8.84611
6.93293    8.84611
6.95357    8.86497
6.9742    8.86497
7.01547    8.86497
7.0361    8.88384
7.098    8.92156
7.11864    8.92156
7.13927    8.94042
7.18054    8.92156
7.20117    8.94042
7.26307    8.92156
7.28371    8.94042
7.32497    8.92156
7.34561    8.94042
7.38687    8.9027
7.44878    8.9027
7.49004    8.88384
7.53131    8.9027
7.55194    8.88384
7.59321    8.88384
7.65511    8.88384
7.67575    8.88384
7.71701    8.88384
7.73765    8.88384
7.77892    8.88384
7.84082    8.88384
7.88208    8.88384
7.92335    8.88384
7.96462    8.88384
7.98525    8.88384
8.04715    8.88384
8.08842    8.88384
8.12969    8.86497
8.15032    8.84611
8.19159    8.86497
8.25349    8.82725
8.29476    8.82725
8.31539    8.80839
8.35666    8.80839
8.39793    8.78953
8.45983    8.7518
8.5011    8.7518
8.54236    8.7518
8.563    8.73294
8.60426    8.7518
8.64553    8.73294
8.6868    8.7518
8.70743    8.73294
8.7487    8.7518
8.78997    8.73294
8.85187    8.7518
8.89314    8.73294
8.91377    8.7518
8.95504    8.7518
8.99631    8.7518
9.05821    8.7518
9.07884    8.7518
9.09947    8.7518
9.14074    8.7518
9.16137    8.7518
9.22328    8.73294
9.24391    8.7518
9.28518    8.71408
9.30581    8.71408
9.34708    8.69522
9.40898    8.69522
9.45025    8.69522
9.47088    8.67636
9.49151    8.6575
9.53278    8.6575
9.59468    8.6575
9.61532    8.6575
9.65658    8.63863
9.67722    8.61977
9.71849    8.63863
9.78039    8.60091
9.80102    8.60091
9.84229    8.60091
9.88356    8.58205
9.92482    8.60091
9.98672    8.58205
10.028    8.58205
10.0486    8.58205
10.0693    8.58205
10.1105    8.56319
10.1518    8.52546
10.1724    8.52546
10.1931    8.5066
10.2343    8.5066
10.255    8.48774
10.3169    8.43116
10.3375    8.43116
10.3581    8.41229
10.3788    8.37457
10.3994    8.35571
10.4613    8.33685
10.4819    8.31799
10.5232    8.31799
10.5438    8.29912
10.5645    8.28026
10.6057    8.28026
10.647    8.2614
10.6676    8.24254
10.6883    8.24254
10.7295    8.24254
10.7708    8.22368
10.7914    8.18595
10.8121    8.18595
10.8533    8.16709
10.874    8.18595
10.9152    8.14823
10.9152    8.12937
10.9359    8.14823
10.9565    8.11051
10.9565    8.09165
10.9771    8.09165
10.9978    8.07278
11.0184    8.03506
11.0184    8.0162
11.039    8.0162
11.039    7.99734
11.0597    7.95961
11.0597    7.94075
11.0597    7.94075
11.0803    7.94075
11.1009    7.92189
11.1009    7.90303
11.1216    7.90303
11.1216    7.90303
11.1422    7.88417
11.1628    7.86531
11.1835    7.86531
11.2041    7.86531
11.2247    7.86531
11.2454    7.86531
11.266    7.84644
11.2866    7.82758
11.3073    7.84644
11.3279    7.82758
11.3485    7.84644
11.3898    7.82758
11.4105    7.82758
11.4311    7.82758
11.4517    7.82758
11.4724    7.82758
11.493    7.80872
11.5136    7.78986
11.5136    7.78986
11.5343    7.771
11.5549    7.75214
11.5755    7.73327
11.5962    7.71441
11.5962    7.71441
11.6168    7.69555
11.6168    7.67669
11.6581    7.65783
11.6581    7.62011
11.6787    7.62011
11.6993    7.60124
11.6993    7.60124
11.7406    7.58238
11.7612    7.56352
11.7612    7.56352
11.7819    7.56352
11.8025    7.54466
11.8231    7.5258
11.8438    7.5258
11.8438    7.50694
11.8644    7.48807
11.885    7.48807
11.9057    7.46921
11.9263    7.45035
11.9263    7.45035
11.9469    7.43149
11.9676    7.41263
11.9882    7.39377
12.0088    7.3749
12.0295    7.39377
12.0501    7.35604
12.0707    7.35604
12.112    7.35604
12.1326    7.33718
12.1533    7.35604
12.1945    7.33718
12.2152    7.35604
12.2564    7.33718
12.2771    7.35604
12.3183    7.33718
12.339    7.35604
12.3802    7.33718
12.4215    7.35604
12.4628    7.35604
12.4834    7.35604
12.504    7.33718
12.5453    7.35604
12.5866    7.33718
12.6485    7.35604
