5.94251    9.01587
5.94251    9.03473
5.94251    9.05359
5.94251    9.03473
5.94251    9.07245
5.94251    9.07245
5.96315    9.09131
5.96315    9.07245
5.96315    9.09131
5.96315    9.07245
5.96315    9.09131
5.96315    9.07245
5.96315    9.09131
5.98378    9.07245
5.98378    9.09131
5.98378    9.07245
5.98378    9.05359
6.00441    9.03473
6.00441    9.03473
6.00441    9.01587
6.00441    8.99701
6.02505    8.97814
6.02505    8.94042
6.04568    8.92156
6.04568    8.92156
6.04568    8.9027
6.06632    8.84611
6.06632    8.84611
6.08695    8.82725
6.08695    8.80839
6.08695    8.80839
6.10758    8.78953
6.12822    8.77067
6.12822    8.78953
6.14885    8.77067
6.14885    8.78953
6.19012    8.77067
6.21075    8.78953
6.21075    8.77067
6.23139    8.78953
6.25202    8.77067
6.29329    8.80839
6.31392    8.80839
6.33455    8.82725
6.37582    8.80839
6.39646    8.84611
6.45836    8.86497
6.47899    8.84611
6.52026    8.86497
6.54089    8.84611
6.56153    8.86497
6.60279    8.84611
6.62343    8.84611
6.66469    8.84611
6.68533    8.84611
6.70596    8.82725
6.74723    8.78953
6.7885    8.77067
6.80913    8.77067
6.8504    8.77067
6.87103    8.7518
6.93293    8.69522
6.95357    8.69522
6.99483    8.67636
7.01547    8.6575
7.05673    8.6575
7.098    8.63863
7.13927    8.61977
7.1599    8.63863
7.18054    8.61977
7.2218    8.63863
7.26307    8.61977
7.30434    8.63863
7.32497    8.61977
7.34561    8.63863
7.38687    8.63863
7.44878    8.6575
7.49004    8.67636
7.51068    8.67636
7.55194    8.67636
7.59321    8.69522
7.65511    8.71408
7.67575    8.71408
7.71701    8.71408
7.73765    8.71408
7.77892    8.71408
7.84082    8.69522
7.86145    8.71408
7.88208    8.69522
7.92335    8.69522
7.94398    8.69522
8.02652    8.67636
8.04715    8.6575
8.08842    8.6575
8.12969    8.6575
8.15032    8.6575
8.21222    8.63863
8.25349    8.63863
8.29476    8.63863
8.31539    8.63863
8.35666    8.63863
8.41856    8.6575
8.43919    8.67636
8.48046    8.6575
8.5011    8.67636
8.54236    8.67636
8.60426    8.67636
8.64553    8.67636
8.66617    8.69522
8.70743    8.71408
8.7487    8.71408
8.78997    8.71408
8.83124    8.71408
8.85187    8.71408
8.8725    8.71408
8.91377    8.69522
8.95504    8.71408
8.99631    8.67636
9.01694    8.67636
9.05821    8.6575
9.07884    8.67636
9.14074    8.61977
9.16137    8.63863
9.20264    8.60091
9.22328    8.58205
9.26454    8.60091
9.30581    8.56319
9.32644    8.56319
9.36771    8.56319
9.38835    8.56319
9.40898    8.56319
9.47088    8.56319
9.49151    8.56319
9.53278    8.56319
9.55342    8.56319
9.57405    8.54433
9.61532    8.58205
9.65658    8.58205
9.67722    8.58205
9.71849    8.58205
9.73912    8.58205
9.78039    8.58205
9.80102    8.58205
9.82165    8.58205
9.84229    8.58205
9.86292    8.58205
9.90419    8.56319
9.92482    8.54433
9.94546    8.56319
9.96609    8.52546
9.98672    8.52546
10.0074    8.5066
10.028    8.5066
10.0486    8.48774
10.0693    8.46888
10.0899    8.46888
10.1312    8.43116
10.1518    8.43116
10.1724    8.41229
10.1931    8.39343
10.2137    8.39343
10.2343    8.37457
10.255    8.35571
10.2756    8.37457
10.2756    8.35571
10.2962    8.35571
10.3169    8.35571
10.3375    8.35571
10.3375    8.33685
10.3581    8.33685
10.3788    8.31799
10.3994    8.33685
10.42    8.31799
10.42    8.33685
10.4407    8.31799
10.4613    8.33685
10.4819    8.31799
10.5026    8.33685
10.5026    8.31799
10.5232    8.33685
10.5438    8.31799
10.5645    8.33685
10.5645    8.31799
10.5645    8.31799
10.5851    8.31799
10.5851    8.29912
10.5851    8.2614
10.5851    8.2614
10.6057    8.24254
10.6057    8.24254
10.6057    8.22368
10.6264    8.18595
10.6057    8.16709
10.6264    8.16709
10.6264    8.14823
10.6264    8.11051
10.6264    8.05392
10.6264    8.05392
10.6264    8.03506
10.6264    7.99734
10.647    7.97848
10.647    7.97848
10.6676    7.95961
10.6676    7.92189
10.6676    7.92189
10.6883    7.90303
10.7089    7.90303
10.7089    7.90303
10.7089    7.88417
10.7295    7.86531
10.7502    7.86531
10.7708    7.84644
10.7708    7.82758
10.7914    7.82758
10.8121    7.82758
10.8121    7.80872
10.8533    7.78986
10.8533    7.771
10.8533    7.75214
10.874    7.771
10.874    7.73327
10.874    7.71441
10.8946    7.71441
10.8946    7.69555
10.8946    7.67669
10.9152    7.67669
10.8946    7.65783
10.9152    7.62011
10.9152    7.60124
10.8946    7.58238
10.9152    7.56352
10.8946    7.54466
10.9152    7.5258
10.9152    7.50694
10.9152    7.48807
10.9152    7.48807
10.9359    7.46921
10.9152    7.45035
10.9359    7.45035
10.9359    7.45035
10.9359    7.45035
10.9565    7.43149
10.9565    7.41263
10.9771    7.43149
10.9771    7.41263
10.9978    7.43149
10.9978    7.41263
11.0184    7.43149
11.039    7.43149
11.039    7.41263
11.0597    7.45035
11.0803    7.45035
11.0803    7.46921
11.1009    7.45035
11.1216    7.46921
11.1216    7.46921
11.1422    7.46921
11.1628    7.48807
11.1835    7.48807
11.1835    7.48807
11.1835    7.48807
11.2041    7.48807
11.2247    7.46921
11.2454    7.45035
11.2454    7.45035
11.266    7.45035
11.2866    7.43149
11.3073    7.39377
11.3073    7.3749
11.3073    7.3749
11.3279    7.3749
11.3485    7.35604
11.3692    7.33718
11.3692    7.33718
11.3898    7.31832
11.4105    7.29946
11.4311    7.29946
11.4311    7.29946
11.4517    7.29946
11.4724    7.29946
11.4724    7.29946
11.493    7.29946
11.5136    7.29946
11.5549    7.29946
11.5549    7.2806
11.5755    7.2806
11.6168    7.2806
11.6374    7.2806
11.6581    7.29946
11.6787    7.31832
11.6993    7.29946
11.7406    7.31832
11.7612    7.29946
11.7819    7.31832
11.8231    7.29946
11.8438    7.31832
11.885    7.29946
11.9263    7.31832
11.9469    7.2806
11.9676    7.2806
12.0088    7.26173
12.0501    7.24287
12.0914    7.22401
12.112    7.22401
12.1533    7.20515
12.1945    7.16743
12.2564    7.14856
12.2977    7.14856
12.3183    7.1297
12.3596    7.11084
12.3802    7.1297
12.4421    7.09198
12.4834    7.09198
12.5247    7.11084
12.5453    7.11084
12.5659    7.11084
12.6485    7.11084
12.6691    7.11084
12.731    7.11084
12.7516    7.1297
12.7929    7.11084
12.8548    7.1297
12.8961    7.11084
12.9373    7.1297
12.958    7.11084
12.9992    7.11084
13.0611    7.09198
13.1024    7.07312
13.1231    7.09198
