6.35519    9.58172
6.35519    9.58172
6.35519    9.58172
6.35519    9.58172
6.35519    9.58172
6.35519    9.58172
6.35519    9.56285
6.35519    9.58172
6.35519    9.56285
6.35519    9.58172
6.35519    9.56285
6.35519    9.56285
6.35519    9.56285
6.35519    9.56285
6.37582    9.54399
6.37582    9.52513
6.37582    9.52513
6.37582    9.52513
6.39646    9.50627
6.39646    9.48741
6.39646    9.50627
6.41709    9.48741
6.43772    9.50627
6.43772    9.48741
6.45836    9.50627
6.47899    9.48741
6.49962    9.52513
6.52026    9.52513
6.54089    9.54399
6.56153    9.52513
6.58216    9.56285
6.62343    9.58172
6.64406    9.58172
6.66469    9.58172
6.68533    9.58172
6.70596    9.60058
6.74723    9.61944
6.76786    9.60058
6.7885    9.61944
6.80913    9.60058
6.82976    9.61944
6.89166    9.58172
6.9123    9.58172
6.93293    9.56285
6.9742    9.56285
6.99483    9.56285
7.05673    9.52513
7.07737    9.50627
7.11864    9.48741
7.1599    9.48741
7.18054    9.46855
7.24244    9.43082
7.28371    9.41196
7.30434    9.41196
7.34561    9.41196
7.36624    9.41196
7.42814    9.3931
7.46941    9.37424
7.49004    9.37424
7.53131    9.37424
7.57258    9.37424
7.63448    9.37424
7.67575    9.37424
7.71701    9.37424
7.73765    9.37424
7.77892    9.37424
7.84082    9.37424
7.88208    9.37424
7.92335    9.37424
7.94398    9.37424
7.98525    9.37424
8.04715    9.35538
8.06779    9.33651
8.10905    9.33651
8.12969    9.33651
8.15032    9.33651
8.21222    9.31765
8.25349    9.27993
8.27412    9.26107
8.31539    9.26107
8.33603    9.26107
8.39793    9.22335
8.41856    9.20448
8.45983    9.18562
8.48046    9.18562
8.52173    9.18562
8.563    9.16676
8.60426    9.1479
8.6249    9.1479
8.66617    9.1479
8.6868    9.1479
8.7487    9.1479
8.78997    9.1479
8.8106    9.1479
8.85187    9.1479
8.8725    9.1479
8.95504    9.16676
8.97567    9.1479
9.01694    9.16676
9.03757    9.16676
9.07884    9.16676
9.12011    9.16676
9.14074    9.16676
9.18201    9.16676
9.20264    9.16676
9.22328    9.16676
9.26454    9.16676
9.30581    9.1479
9.32644    9.16676
9.34708    9.12904
9.36771    9.12904
9.42961    9.09131
9.45025    9.07245
9.49151    9.09131
9.51215    9.05359
9.55342    9.03473
9.59468    9.03473
9.63595    9.03473
9.65658    9.01587
9.67722    8.99701
9.71849    9.01587
9.75975    8.97814
9.78039    8.97814
9.80102    8.97814
9.84229    8.95928
9.86292    8.97814
9.92482    8.95928
9.94546    8.97814
9.98672    8.95928
10.0074    8.97814
10.028    8.95928
10.0899    8.97814
10.1105    8.97814
10.1518    8.97814
10.1724    8.97814
10.1931    8.95928
10.2343    8.97814
10.255    8.95928
10.2756    8.95928
10.2962    8.95928
10.3169    8.95928
10.3581    8.92156
10.3788    8.9027
10.3788    8.88384
10.3994    8.86497
10.42    8.84611
10.4613    8.80839
10.4613    8.78953
10.5026    8.7518
10.5026    8.73294
10.5232    8.73294
10.5645    8.69522
10.5851    8.67636
10.6057    8.6575
10.6057    8.6575
10.6264    8.6575
10.6676    8.61977
10.6883    8.61977
10.7089    8.60091
10.7295    8.58205
10.7502    8.58205
10.7914    8.56319
10.8121    8.54433
10.8327    8.54433
10.8533    8.54433
10.874    8.52546
10.9152    8.5066
10.9359    8.5066
10.9565    8.5066
10.9771    8.48774
10.9978    8.46888
11.0184    8.46888
11.039    8.45002
11.039    8.43116
11.0597    8.43116
11.0597    8.43116
11.0803    8.41229
11.0803    8.39343
11.0803    8.39343
11.0803    8.37457
11.1009    8.35571
11.1009    8.33685
11.1009    8.29912
11.1009    8.28026
11.1009    8.28026
11.1009    8.2614
11.1009    8.20482
11.1009    8.20482
11.1009    8.18595
11.1216    8.14823
11.1216    8.12937
11.1216    8.11051
11.1216    8.07278
11.1216    8.07278
11.1422    8.05392
11.1422    8.05392
11.1422    8.03506
11.1628    8.0162
11.1628    8.0162
11.1835    8.0162
11.1835    8.0162
11.2041    7.99734
11.2247    7.97848
11.2247    7.97848
11.2247    7.97848
11.2454    7.97848
11.266    7.97848
11.2866    7.97848
11.3073    7.95961
11.3073    7.94075
11.3279    7.95961
11.3485    7.94075
11.3485    7.95961
11.3692    7.92189
11.3692    7.92189
11.3692    7.92189
11.3898    7.90303
11.3898    7.90303
11.4105    7.90303
11.4105    7.88417
11.4105    7.86531
11.4105    7.86531
11.4105    7.84644
11.4105    7.80872
11.4105    7.80872
11.4311    7.78986
11.4105    7.78986
11.4311    7.771
11.4311    7.73327
11.4105    7.71441
11.4311    7.73327
11.4311    7.69555
11.4517    7.69555
11.4517    7.67669
11.4724    7.67669
11.4724    7.67669
11.5136    7.65783
11.5136    7.63897
11.5343    7.65783
11.5549    7.63897
11.5549    7.63897
11.5962    7.62011
11.5962    7.60124
11.6168    7.60124
11.6374    7.60124
11.6581    7.60124
11.6787    7.58238
11.6993    7.56352
11.72    7.58238
11.72    7.54466
11.7406    7.54466
11.7612    7.5258
11.7819    7.54466
11.8025    7.50694
11.8231    7.50694
11.8231    7.48807
11.8644    7.48807
11.8644    7.48807
11.885    7.46921
11.9057    7.43149
11.9057    7.41263
11.9263    7.41263
11.9469    7.39377
11.9676    7.35604
11.9676    7.33718
11.9882    7.35604
12.0088    7.31832
12.0501    7.31832
12.0501    7.31832
12.0707    7.29946
12.0914    7.31832
12.1326    7.2806
12.1533    7.2806
12.1533    7.2806
12.1945    7.26173
12.2152    7.2806
12.2771    7.26173
12.2977    7.2806
12.3183    7.26173
12.3596    7.2806
12.3802    7.26173
12.4215    7.2806
12.4421    7.26173
12.4834    7.2806
12.504    7.26173
12.5247    7.2806
12.5659    7.26173
12.6072    7.2806
12.6278    7.2806
12.6485    7.2806
12.6897    7.2806
12.731    7.2806
12.7516    7.2806
12.7929    7.2806
12.8135    7.2806
12.8342    7.2806
12.8961    7.2806
12.9373    7.2806
12.958    7.2806
