7.69638    4.05525
7.65511    4.05525
7.63448    4.03639
7.61385    4.03639
7.59321    4.03639
7.57258    4.03639
7.55194    4.01753
7.55194    4.01753
7.53131    4.01753
7.53131    4.01753
7.53131    4.01753
7.53131    4.01753
7.53131    4.01753
7.53131    4.01753
7.55194    4.01753
7.55194    4.01753
7.57258    3.99867
7.59321    3.99867
7.59321    3.99867
7.61385    3.97981
7.63448    3.97981
7.67575    3.96095
7.69638    3.96095
7.71701    3.96095
7.71701    3.94208
7.73765    3.94208
7.77892    3.94208
7.79955    3.94208
7.82018    3.94208
7.84082    3.94208
7.86145    3.94208
7.90272    3.96095
7.92335    3.96095
7.94398    3.97981
7.96462    3.97981
7.98525    3.99867
8.02652    4.03639
8.04715    4.05525
8.06779    4.05525
8.08842    4.07412
8.10905    4.07412
8.15032    4.09298
8.19159    4.09298
8.21222    4.09298
8.25349    4.09298
8.27412    4.09298
8.35666    4.09298
8.39793    4.09298
8.43919    4.09298
8.48046    4.07412
8.52173    4.07412
8.6249    4.03639
8.66617    4.03639
8.70743    4.01753
8.7487    4.01753
8.78997    4.01753
8.8725    4.01753
8.91377    4.01753
8.95504    4.01753
9.01694    4.03639
9.05821    4.03639
9.14074    4.05525
9.18201    4.05525
9.22328    4.07412
9.26454    4.09298
9.30581    4.11184
9.38835    4.14956
9.42961    4.16842
9.47088    4.16842
9.51215    4.18729
9.55342    4.20615
9.63595    4.22501
9.67722    4.24387
9.71849    4.24387
9.75975    4.26273
9.82165    4.26273
9.90419    4.28159
9.94546    4.28159
10.0074    4.30046
10.0486    4.30046
10.0899    4.30046
10.1724    4.31932
10.2137    4.31932
10.255    4.33818
10.2962    4.35704
10.3169    4.3759
10.3788    4.39476
10.3994    4.41363
10.4407    4.43249
10.4819    4.45135
10.5026    4.47021
10.5645    4.5268
10.5851    4.54566
10.6057    4.58338
10.6264    4.60224
10.647    4.63996
10.7089    4.69655
10.7295    4.73427
10.7502    4.75313
10.7708    4.772
10.8121    4.79086
10.8533    4.82858
10.8946    4.84744
10.9152    4.8663
10.9359    4.88517
10.9771    4.90403
11.039    4.94175
11.0597    4.96061
11.1009    4.96061
11.1422    4.97947
11.1628    4.99834
11.2247    5.03606
11.266    5.05492
11.2866    5.07378
11.3073    5.09264
11.3485    5.11151
11.3898    5.14923
11.4105    5.16809
11.4311    5.18695
11.4517    5.20581
11.4724    5.22468
11.493    5.2624
11.5136    5.30012
11.5136    5.31898
11.5343    5.33785
11.5343    5.35671
11.5549    5.41329
11.5549    5.43215
11.5755    5.46988
11.5755    5.48874
11.5755    5.5076
11.5962    5.54532
11.6168    5.56419
11.6374    5.58305
11.6374    5.60191
11.6581    5.60191
11.6787    5.63963
11.6993    5.65849
11.72    5.67736
11.7406    5.67736
11.7612    5.69622
11.8025    5.71508
11.8025    5.71508
11.8231    5.73394
11.8438    5.73394
11.8644    5.7528
11.885    5.77166
11.9057    5.79053
11.9263    5.79053
11.9263    5.80939
11.9263    5.80939
11.9469    5.84711
11.9469    5.84711
11.9469    5.86597
11.9469    5.88483
11.9469    5.88483
11.9263    5.92256
11.9263    5.94142
11.9057    5.94142
11.9057    5.96028
11.9057    5.97914
11.885    5.998
11.885    6.01687
11.8644    6.03573
11.8644    6.05459
11.8644    6.05459
11.8644    6.07345
11.8438    6.09231
11.8438    6.09231
11.8438    6.11117
11.8644    6.11117
11.8644    6.13004
11.8644    6.13004
11.885    6.13004
11.885    6.1489
11.9057    6.1489
11.9263    6.1489
11.9263    6.1489
11.9469    6.1489
11.9469    6.1489
11.9676    6.16776
12.0088    6.16776
12.0088    6.16776
12.0088    6.16776
12.0295    6.16776
12.0295    6.16776
12.0501    6.18662
12.0501    6.18662
12.0501    6.20548
12.0707    6.20548
12.0501    6.20548
12.0707    6.22434
12.0501    6.22434
12.0707    6.2432
12.0707    6.26207
12.0707    6.26207
12.0707    6.28093
12.0707    6.29979
12.0707    6.31865
12.0707    6.33751
12.0914    6.35637
12.0914    6.3941
12.0914    6.41296
12.0914    6.43182
12.0914    6.45068
12.112    6.46954
12.1326    6.48841
12.1326    6.48841
12.1533    6.48841
12.1739    6.48841
12.1739    6.50727
12.2152    6.50727
12.2358    6.50727
12.2771    6.50727
12.2977    6.48841
12.3183    6.48841
12.3802    6.48841
12.3802    6.46954
12.4215    6.46954
12.4421    6.46954
12.4628    6.46954
12.504    6.46954
12.5247    6.46954
12.5453    6.46954
12.5659    6.48841
12.6072    6.48841
12.6485    6.50727
12.6897    6.52613
12.7104    6.52613
12.731    6.52613
12.7723    6.54499
12.8342    6.56385
12.8754    6.56385
12.8961    6.56385
12.9373    6.56385
12.958    6.58271
13.0199    6.56385
13.0199    6.56385
13.0611    6.54499
13.1024    6.54499
