7.28371    4.31932
7.26307    4.30046
7.24244    4.30046
7.24244    4.30046
7.24244    4.30046
7.24244    4.30046
7.26307    4.28159
7.26307    4.28159
7.26307    4.28159
7.26307    4.28159
7.26307    4.26273
7.26307    4.26273
7.26307    4.28159
7.24244    4.28159
7.24244    4.28159
7.2218    4.30046
7.20117    4.30046
7.18054    4.31932
7.18054    4.31932
7.1599    4.33818
7.13927    4.33818
7.11864    4.3759
7.11864    4.3759
7.098    4.39476
7.098    4.41363
7.098    4.41363
7.07737    4.43249
7.07737    4.45135
7.07737    4.47021
7.07737    4.47021
7.098    4.48907
7.098    4.48907
7.11864    4.50793
7.11864    4.50793
7.13927    4.50793
7.1599    4.5268
7.20117    4.5268
7.2218    4.5268
7.24244    4.5268
7.28371    4.5268
7.30434    4.5268
7.38687    4.5268
7.42814    4.5268
7.46941    4.5268
7.51068    4.5268
7.55194    4.5268
7.61385    4.5268
7.65511    4.5268
7.67575    4.5268
7.69638    4.54566
7.71701    4.56452
7.77892    4.58338
7.79955    4.60224
7.82018    4.6211
7.84082    4.63996
7.86145    4.65883
7.90272    4.69655
7.92335    4.73427
7.94398    4.75313
7.96462    4.772
7.98525    4.772
8.02652    4.79086
8.04715    4.80972
8.06779    4.80972
8.08842    4.80972
8.12969    4.80972
8.17096    4.80972
8.21222    4.79086
8.23286    4.79086
8.27412    4.772
8.31539    4.772
8.37729    4.75313
8.41856    4.73427
8.45983    4.71541
8.48046    4.71541
8.52173    4.71541
8.58363    4.69655
8.6249    4.69655
8.66617    4.69655
8.6868    4.69655
8.72807    4.69655
8.78997    4.71541
8.83124    4.73427
8.85187    4.73427
8.89314    4.75313
8.91377    4.772
8.97567    4.79086
9.01694    4.80972
9.03757    4.80972
9.07884    4.82858
9.09947    4.82858
9.16137    4.82858
9.20264    4.82858
9.22328    4.82858
9.24391    4.80972
9.28518    4.80972
9.34708    4.79086
9.38835    4.772
9.42961    4.772
9.47088    4.75313
9.51215    4.73427
9.59468    4.73427
9.63595    4.71541
9.67722    4.71541
9.69785    4.71541
9.73912    4.73427
9.80102    4.73427
9.84229    4.75313
9.86292    4.75313
9.90419    4.772
9.92482    4.79086
9.98672    4.80972
10.0074    4.82858
10.0486    4.8663
10.0693    4.88517
10.0899    4.90403
10.1518    4.94175
10.1931    4.96061
10.2137    4.97947
10.2343    4.99834
10.2756    4.99834
10.3169    5.0172
10.3581    5.0172
10.3788    5.03606
10.42    5.03606
10.4613    5.03606
10.5438    5.03606
10.5851    5.0172
10.6264    5.03606
10.6676    5.03606
10.7089    5.03606
10.7708    5.05492
10.8121    5.07378
10.8327    5.07378
10.8533    5.09264
10.8946    5.11151
10.9359    5.16809
10.9565    5.18695
10.9771    5.20581
10.9978    5.24354
11.0184    5.2624
11.0597    5.31898
11.0597    5.35671
11.0803    5.37557
11.1009    5.39443
11.1216    5.41329
11.1628    5.43215
11.1835    5.45102
11.2041    5.45102
11.2247    5.46988
11.2454    5.46988
11.2866    5.46988
11.3279    5.46988
11.3485    5.46988
11.3692    5.46988
11.4105    5.46988
11.4724    5.46988
11.493    5.46988
11.5136    5.46988
11.5343    5.46988
11.5549    5.48874
11.5755    5.48874
11.5962    5.5076
11.5962    5.5076
11.5962    5.52646
11.5962    5.52646
11.6168    5.54532
11.6168    5.56419
11.6168    5.56419
11.5962    5.58305
11.5962    5.60191
11.5755    5.62077
11.5549    5.62077
11.5549    5.63963
11.5549    5.65849
11.5343    5.65849
11.5343    5.67736
11.5343    5.69622
11.5136    5.69622
11.5136    5.71508
11.5136    5.71508
11.5136    5.73394
11.5136    5.73394
11.5136    5.73394
11.5136    5.7528
11.5136    5.7528
11.5136    5.7528
11.5136    5.77166
11.5343    5.77166
11.5343    5.77166
11.5343    5.77166
11.5549    5.79053
11.5549    5.79053
11.5755    5.79053
11.5962    5.79053
11.5962    5.79053
11.6168    5.79053
11.6374    5.79053
11.6581    5.79053
11.6787    5.77166
11.6993    5.77166
11.72    5.77166
11.7406    5.77166
11.7612    5.77166
11.7819    5.77166
11.8025    5.77166
11.8231    5.77166
11.8438    5.77166
11.8438    5.7528
11.8644    5.7528
11.8644    5.77166
11.885    5.77166
11.885    5.77166
11.9057    5.77166
11.9057    5.77166
11.9057    5.79053
11.9263    5.79053
11.9263    5.79053
11.9263    5.80939
11.9469    5.80939
11.9469    5.82825
11.9469    5.86597
11.9469    5.86597
11.9469    5.88483
11.9469    5.9037
11.9676    5.94142
11.9469    5.998
11.9676    6.03573
11.9676    6.07345
11.9469    6.13004
11.9676    6.18662
11.9676    6.29979
11.9882    6.35637
11.9882    6.3941
11.9882    6.43182
12.0088    6.46954
12.0501    6.50727
12.0501    6.52613
12.0707    6.54499
12.0914    6.54499
12.0914    6.56385
12.1533    6.56385
12.1533    6.56385
12.1739    6.56385
12.1945    6.56385
12.2152    6.56385
12.2564    6.56385
12.2977    6.56385
12.3183    6.56385
12.3183    6.56385
12.3596    6.58271
12.4009    6.58271
12.4215    6.60158
12.4421    6.60158
12.4834    6.60158
12.504    6.60158
12.5659    6.62044
12.5866    6.6393
12.6278    6.6393
12.6691    6.6393
12.6897    6.65816
12.7723    6.65816
12.8135    6.65816
12.8548    6.65816
12.8754    6.6393
12.9167    6.6393
12.958    6.62044
12.9992    6.60158
13.0199    6.58271
13.0405    6.56385
13.0611    6.54499
13.1024    6.48841
13.1437    6.46954
13.1437    6.45068
