7.1599    4.79086
7.1599    4.79086
7.1599    4.79086
7.1599    4.79086
7.1599    4.79086
7.1599    4.79086
7.18054    4.772
7.18054    4.772
7.18054    4.772
7.18054    4.75313
7.20117    4.75313
7.24244    4.73427
7.26307    4.71541
7.26307    4.69655
7.26307    4.69655
7.28371    4.67769
7.32497    4.65883
7.34561    4.63996
7.34561    4.63996
7.36624    4.63996
7.38687    4.6211
7.40751    4.6211
7.42814    4.60224
7.42814    4.60224
7.44878    4.60224
7.49004    4.60224
7.53131    4.60224
7.55194    4.60224
7.55194    4.60224
7.57258    4.60224
7.63448    4.6211
7.65511    4.6211
7.71701    4.63996
7.71701    4.63996
7.75828    4.65883
7.77892    4.65883
7.84082    4.67769
7.86145    4.67769
7.90272    4.67769
7.92335    4.67769
7.94398    4.67769
8.00589    4.67769
8.02652    4.67769
8.06779    4.67769
8.08842    4.67769
8.10905    4.67769
8.19159    4.65883
8.21222    4.65883
8.23286    4.63996
8.27412    4.63996
8.31539    4.63996
8.37729    4.6211
8.39793    4.6211
8.43919    4.6211
8.45983    4.6211
8.48046    4.63996
8.54236    4.63996
8.563    4.65883
8.60426    4.65883
8.64553    4.67769
8.66617    4.67769
8.70743    4.71541
8.7487    4.73427
8.76933    4.75313
8.8106    4.772
8.85187    4.79086
8.89314    4.80972
8.9344    4.82858
8.95504    4.84744
8.97567    4.84744
9.01694    4.8663
9.07884    4.88517
9.09947    4.88517
9.14074    4.90403
9.18201    4.90403
9.20264    4.90403
9.26454    4.92289
9.30581    4.92289
9.34708    4.94175
9.38835    4.94175
9.42961    4.94175
9.49151    4.96061
9.51215    4.96061
9.57405    4.97947
9.59468    4.99834
9.63595    5.0172
9.69785    5.03606
9.71849    5.05492
9.75975    5.07378
9.80102    5.09264
9.82165    5.11151
9.88356    5.14923
9.92482    5.16809
9.96609    5.18695
9.98672    5.22468
10.0074    5.24354
10.0693    5.2624
10.0899    5.28126
10.1312    5.30012
10.1724    5.31898
10.1931    5.31898
10.2343    5.33785
10.2756    5.35671
10.3169    5.35671
10.3375    5.37557
10.3994    5.37557
10.4407    5.39443
10.4819    5.39443
10.5232    5.41329
10.5438    5.41329
10.5851    5.43215
10.6264    5.45102
10.647    5.46988
10.6676    5.48874
10.7089    5.5076
10.7295    5.5076
10.7502    5.56419
10.7914    5.58305
10.7914    5.60191
10.8121    5.63963
10.8121    5.65849
10.8533    5.71508
10.874    5.73394
10.8946    5.77166
10.8946    5.79053
10.9152    5.80939
10.9565    5.84711
10.9771    5.86597
10.9771    5.88483
10.9978    5.9037
11.039    5.92256
11.0803    5.94142
11.1009    5.96028
11.1009    5.97914
11.1216    5.998
11.1628    5.998
11.2041    6.03573
11.2454    6.05459
11.266    6.07345
11.266    6.07345
11.2866    6.09231
11.3279    6.13004
11.3279    6.13004
11.3485    6.1489
11.3485    6.16776
11.3485    6.18662
11.3692    6.20548
11.3898    6.22434
11.3898    6.2432
11.3898    6.26207
11.3898    6.26207
11.4105    6.29979
11.4311    6.31865
11.4311    6.31865
11.4311    6.33751
11.4311    6.35637
11.4311    6.37524
11.4517    6.3941
11.4724    6.3941
11.4517    6.41296
11.493    6.41296
11.5136    6.43182
11.5136    6.45068
11.5136    6.45068
11.5343    6.46954
11.5549    6.46954
11.5755    6.48841
11.6168    6.48841
11.6374    6.48841
11.6374    6.48841
11.6581    6.48841
11.6993    6.50727
11.72    6.50727
11.72    6.50727
11.7406    6.52613
11.7612    6.52613
11.7819    6.54499
11.8025    6.54499
11.8025    6.54499
11.8231    6.56385
11.8644    6.56385
11.9057    6.58271
11.9263    6.58271
11.9057    6.60158
11.9469    6.62044
11.9676    6.6393
11.9882    6.65816
12.0295    6.67702
12.0501    6.69588
12.0501    6.69588
12.0707    6.71475
12.1326    6.71475
12.1326    6.71475
12.1533    6.71475
12.1945    6.73361
12.2152    6.73361
12.2564    6.71475
12.2771    6.71475
12.3183    6.71475
12.339    6.69588
12.3596    6.69588
12.4215    6.67702
12.4421    6.67702
12.4628    6.67702
12.4834    6.67702
12.5247    6.67702
12.5866    6.65816
12.5866    6.65816
12.6072    6.65816
12.6691    6.65816
12.6691    6.65816
12.731    6.6393
12.7723    6.6393
