7.30434    5.2624
7.30434    5.2624
7.32497    5.24354
7.34561    5.22468
7.32497    5.24354
7.34561    5.22468
7.34561    5.24354
7.34561    5.22468
7.34561    5.24354
7.36624    5.22468
7.38687    5.24354
7.38687    5.22468
7.38687    5.24354
7.38687    5.22468
7.38687    5.24354
7.40751    5.22468
7.42814    5.24354
7.42814    5.22468
7.42814    5.24354
7.44878    5.22468
7.46941    5.24354
7.49004    5.22468
7.51068    5.24354
7.51068    5.22468
7.53131    5.24354
7.57258    5.22468
7.61385    5.22468
7.65511    5.22468
7.67575    5.22468
7.67575    5.20581
7.69638    5.18695
7.75828    5.20581
7.77892    5.18695
7.82018    5.20581
7.84082    5.18695
7.84082    5.20581
7.90272    5.18695
7.94398    5.20581
7.96462    5.20581
7.98525    5.20581
8.02652    5.20581
8.08842    5.22468
8.10905    5.24354
8.15032    5.24354
8.19159    5.2624
8.21222    5.28126
8.27412    5.28126
8.31539    5.30012
8.35666    5.31898
8.39793    5.30012
8.41856    5.31898
8.48046    5.31898
8.54236    5.31898
8.563    5.31898
8.60426    5.31898
8.64553    5.31898
8.72807    5.31898
8.76933    5.33785
8.8106    5.35671
8.85187    5.33785
8.89314    5.35671
8.97567    5.35671
9.01694    5.37557
9.05821    5.39443
9.09947    5.39443
9.14074    5.39443
9.20264    5.41329
9.22328    5.43215
9.28518    5.43215
9.30581    5.45102
9.36771    5.48874
9.42961    5.5076
9.49151    5.5076
9.51215    5.52646
9.57405    5.54532
9.59468    5.54532
9.67722    5.56419
9.71849    5.60191
9.75975    5.60191
9.80102    5.62077
9.84229    5.60191
9.92482    5.63963
9.96609    5.65849
10.0074    5.65849
10.0486    5.65849
10.0899    5.67736
10.1724    5.71508
10.2137    5.73394
10.2343    5.73394
10.255    5.7528
10.3169    5.77166
10.3581    5.79053
10.3994    5.82825
10.42    5.84711
10.4819    5.84711
10.5026    5.86597
10.5645    5.92256
10.5851    5.94142
10.647    5.97914
10.6676    5.998
10.7089    6.01687
10.7708    6.05459
10.7914    6.07345
10.8533    6.07345
10.874    6.09231
10.9152    6.13004
10.9771    6.16776
10.9978    6.16776
11.039    6.18662
11.0803    6.18662
11.1216    6.20548
11.1835    6.2432
11.2041    6.26207
11.2454    6.26207
11.266    6.26207
11.2866    6.28093
11.3485    6.31865
11.3692    6.33751
11.4105    6.33751
11.4311    6.35637
11.4311    6.37524
11.4724    6.3941
11.5136    6.43182
11.5343    6.45068
11.5755    6.45068
11.5962    6.46954
11.6374    6.50727
11.6581    6.52613
11.6993    6.52613
11.72    6.54499
11.72    6.58271
11.7819    6.60158
11.8231    6.60158
11.8438    6.60158
11.8438    6.62044
11.8644    6.6393
11.9263    6.6393
11.9469    6.6393
11.9882    6.6393
12.0295    6.6393
12.0501    6.6393
12.0914    6.6393
12.112    6.6393
12.1533    6.6393
12.1739    6.6393
12.1945    6.6393
12.2564    6.6393
12.2564    6.6393
12.2977    6.6393
12.3183    6.6393
12.3596    6.6393
12.4009    6.65816
12.4421    6.67702
12.4628    6.65816
12.4628    6.67702
12.504    6.67702
12.5453    6.67702
12.5866    6.67702
12.6072    6.67702
12.6485    6.67702
12.6691    6.67702
12.7104    6.65816
12.731    6.67702
12.7723    6.65816
12.8135    6.65816
12.8342    6.6393
12.8754    6.60158
12.8961    6.58271
12.958    6.58271
