7.1599    5.998
7.1599    5.998
7.1599    5.998
7.18054    5.998
7.1599    5.998
7.18054    6.01687
7.18054    6.01687
7.18054    6.01687
7.20117    6.01687
7.2218    6.03573
7.2218    6.03573
7.2218    6.03573
7.24244    6.03573
7.26307    6.03573
7.26307    6.05459
7.26307    6.05459
7.28371    6.07345
7.32497    6.07345
7.32497    6.07345
7.34561    6.09231
7.34561    6.09231
7.36624    6.11117
7.40751    6.11117
7.42814    6.11117
7.42814    6.13004
7.42814    6.13004
7.46941    6.13004
7.49004    6.13004
7.53131    6.13004
7.55194    6.13004
7.57258    6.13004
7.63448    6.13004
7.65511    6.13004
7.69638    6.11117
7.71701    6.11117
7.73765    6.09231
7.79955    6.07345
7.82018    6.07345
7.86145    6.07345
7.88208    6.07345
7.90272    6.05459
7.96462    6.05459
7.98525    6.05459
8.02652    6.05459
8.04715    6.05459
8.06779    6.05459
8.15032    6.05459
8.17096    6.03573
8.19159    6.03573
8.23286    6.03573
8.27412    6.03573
8.33603    6.03573
8.35666    6.03573
8.39793    6.03573
8.43919    6.01687
8.45983    6.01687
8.5011    5.998
8.54236    5.998
8.563    5.97914
8.60426    5.97914
8.64553    5.96028
8.70743    5.96028
8.72807    5.94142
8.78997    5.94142
8.8106    5.94142
8.85187    5.92256
8.91377    5.9037
8.9344    5.9037
8.97567    5.9037
9.01694    5.9037
9.05821    5.9037
9.12011    5.9037
9.14074    5.9037
9.18201    5.9037
9.22328    5.9037
9.24391    5.9037
9.28518    5.92256
9.32644    5.92256
9.36771    5.94142
9.38835    5.94142
9.45025    5.94142
9.49151    5.96028
9.51215    5.96028
9.57405    5.96028
9.57405    5.97914
9.59468    5.97914
9.67722    5.97914
9.69785    5.998
9.71849    5.998
9.75975    5.998
9.80102    5.998
9.86292    6.01687
9.88356    6.01687
9.92482    6.01687
9.94546    6.03573
9.96609    6.03573
10.028    6.05459
10.0486    6.07345
10.0899    6.09231
10.1105    6.11117
10.1312    6.13004
10.1931    6.1489
10.2137    6.16776
10.255    6.18662
10.2756    6.20548
10.2756    6.22434
10.3375    6.26207
10.3788    6.28093
10.3994    6.28093
10.3994    6.29979
10.4407    6.31865
10.4819    6.35637
10.5026    6.37524
10.5645    6.37524
10.5645    6.3941
10.5851    6.3941
10.647    6.43182
10.6676    6.43182
10.7089    6.45068
10.7295    6.45068
10.7502    6.46954
10.8327    6.48841
10.8533    6.48841
10.8533    6.50727
10.8946    6.50727
10.9152    6.52613
10.9978    6.54499
11.0184    6.56385
11.039    6.56385
11.0803    6.58271
11.1216    6.60158
11.1628    6.62044
11.2041    6.6393
11.2247    6.6393
11.2247    6.65816
11.2454    6.65816
11.3279    6.67702
11.3692    6.69588
11.3898    6.69588
11.3898    6.71475
11.4105    6.71475
11.493    6.73361
11.5136    6.73361
11.5136    6.73361
11.5343    6.73361
11.5755    6.73361
11.6168    6.73361
11.6374    6.73361
11.6581    6.73361
11.6993    6.73361
11.72    6.73361
11.7406    6.71475
11.7819    6.71475
11.8231    6.71475
11.8438    6.71475
11.8438    6.71475
11.885    6.71475
11.9263    6.71475
11.9469    6.69588
11.9882    6.69588
12.0088    6.69588
12.0501    6.69588
12.0707    6.69588
12.112    6.69588
12.1533    6.69588
12.1739    6.69588
12.2152    6.69588
12.2358    6.71475
12.2771    6.71475
12.3183    6.71475
12.339    6.71475
12.3802    6.71475
12.4009    6.71475
12.4421    6.71475
12.4834    6.71475
12.504    6.71475
12.5453    6.69588
12.5866    6.69588
12.6072    6.69588
12.6691    6.67702
12.6897    6.67702
12.7516    6.65816
12.7723    6.65816
12.8135    6.6393
12.8548    6.6393
12.8754    6.6393
12.9167    6.62044
12.958    6.62044
12.9992    6.60158
13.0199    6.58271
13.0818    6.56385
13.1231    6.54499
