6.76786    5.7528
6.76786    5.77166
6.76786    5.7528
6.76786    5.77166
6.76786    5.77166
6.74723    5.77166
6.74723    5.77166
6.74723    5.77166
6.74723    5.77166
6.74723    5.79053
6.74723    5.79053
6.76786    5.80939
6.76786    5.79053
6.76786    5.79053
6.76786    5.79053
6.76786    5.79053
6.7885    5.79053
6.7885    5.77166
6.7885    5.7528
6.80913    5.77166
6.80913    5.73394
6.80913    5.71508
6.82976    5.73394
6.82976    5.69622
6.82976    5.69622
6.82976    5.67736
6.8504    5.67736
6.8504    5.67736
6.87103    5.67736
6.87103    5.65849
6.89166    5.63963
6.9123    5.63963
6.93293    5.63963
6.95357    5.63963
6.9742    5.62077
6.9742    5.60191
7.01547    5.60191
7.0361    5.60191
7.05673    5.60191
7.07737    5.60191
7.098    5.60191
7.1599    5.60191
7.18054    5.60191
7.20117    5.60191
7.24244    5.60191
7.26307    5.62077
7.32497    5.60191
7.36624    5.63963
7.38687    5.63963
7.40751    5.63963
7.42814    5.63963
7.49004    5.63963
7.51068    5.63963
7.53131    5.63963
7.57258    5.63963
7.59321    5.63963
7.65511    5.62077
7.67575    5.60191
7.71701    5.62077
7.75828    5.60191
7.77892    5.60191
7.86145    5.58305
7.90272    5.56419
7.92335    5.58305
7.96462    5.54532
8.00589    5.54532
8.06779    5.54532
8.08842    5.54532
8.12969    5.54532
8.15032    5.54532
8.19159    5.54532
8.25349    5.54532
8.27412    5.54532
8.29476    5.54532
8.31539    5.54532
8.35666    5.56419
8.39793    5.60191
8.41856    5.60191
8.45983    5.62077
8.48046    5.60191
8.5011    5.63963
8.563    5.63963
8.58363    5.65849
8.60426    5.63963
8.64553    5.65849
8.66617    5.63963
8.72807    5.65849
8.7487    5.63963
8.76933    5.65849
8.8106    5.63963
8.85187    5.63963
8.91377    5.63963
8.9344    5.62077
8.97567    5.60191
8.99631    5.62077
9.01694    5.60191
9.07884    5.62077
9.09947    5.60191
9.12011    5.62077
9.14074    5.60191
9.18201    5.62077
9.22328    5.60191
9.24391    5.62077
9.26454    5.60191
9.28518    5.62077
9.30581    5.62077
9.34708    5.63963
9.36771    5.65849
9.38835    5.65849
9.40898    5.67736
9.42961    5.69622
9.47088    5.71508
9.49151    5.73394
9.51215    5.71508
9.53278    5.73394
9.55342    5.73394
9.59468    5.73394
9.61532    5.7528
9.63595    5.77166
9.65658    5.7528
9.67722    5.77166
9.71849    5.7528
9.75975    5.77166
9.78039    5.7528
9.80102    5.77166
9.82165    5.7528
9.88356    5.7528
9.90419    5.7528
9.92482    5.7528
9.96609    5.7528
9.98672    5.7528
10.028    5.7528
10.0486    5.7528
10.0693    5.7528
10.0899    5.7528
10.1105    5.7528
10.1518    5.77166
10.1724    5.77166
10.1931    5.77166
10.2137    5.79053
10.2343    5.80939
10.255    5.82825
10.2756    5.84711
10.2962    5.84711
10.3169    5.86597
10.3169    5.9037
10.3581    5.94142
10.3788    5.96028
10.3994    5.96028
10.3994    5.97914
10.42    5.998
10.4613    6.01687
10.4819    6.03573
10.4819    6.03573
10.5026    6.03573
10.5232    6.05459
10.5438    6.07345
10.5645    6.07345
10.5851    6.07345
10.6057    6.07345
10.6057    6.09231
10.647    6.11117
10.6676    6.09231
10.6883    6.11117
10.6883    6.11117
10.7089    6.11117
10.7502    6.11117
10.7708    6.13004
10.7914    6.1489
10.8121    6.13004
10.8121    6.1489
10.8533    6.1489
10.874    6.1489
10.8946    6.16776
10.9152    6.18662
10.9152    6.18662
10.9565    6.20548
10.9565    6.22434
10.9771    6.22434
10.9771    6.22434
10.9978    6.2432
10.9978    6.28093
11.0184    6.28093
11.0184    6.29979
11.0184    6.29979
11.0184    6.29979
11.0184    6.31865
11.0184    6.35637
11.0184    6.35637
11.039    6.37524
11.039    6.37524
11.039    6.3941
11.039    6.41296
11.039    6.41296
11.039    6.41296
11.039    6.41296
11.0597    6.43182
11.0597    6.45068
11.0597    6.45068
11.0597    6.45068
11.0597    6.45068
11.0597    6.45068
11.0597    6.45068
11.0597    6.45068
11.0597    6.45068
11.0597    6.45068
11.0597    6.45068
11.0597    6.46954
11.039    6.46954
11.039    6.46954
11.039    6.46954
11.039    6.46954
11.039    6.48841
11.039    6.46954
11.039    6.48841
11.039    6.46954
11.039    6.48841
11.0184    6.46954
11.039    6.48841
11.039    6.46954
11.039    6.48841
11.039    6.46954
11.039    6.48841
11.039    6.46954
11.039    6.48841
11.0597    6.46954
11.0597    6.48841
11.0597    6.46954
11.0597    6.48841
11.0597    6.46954
11.0803    6.48841
11.0803    6.46954
11.1009    6.50727
11.1009    6.48841
11.1216    6.46954
11.1216    6.50727
11.1422    6.50727
11.1422    6.50727
11.1628    6.50727
11.1835    6.50727
11.1835    6.50727
11.2041    6.50727
11.2041    6.50727
11.2247    6.50727
11.2247    6.50727
11.2247    6.50727
11.2454    6.50727
11.2454    6.52613
11.2454    6.50727
11.2247    6.52613
11.2454    6.50727
11.2247    6.52613
11.2247    6.52613
11.2041    6.52613
11.2041    6.52613
11.2041    6.52613
11.1628    6.54499
11.1628    6.56385
11.1422    6.54499
11.1422    6.58271
11.1216    6.58271
11.1009    6.60158
11.1009    6.58271
11.1009    6.60158
11.0803    6.58271
11.0803    6.62044
11.0803    6.62044
11.0803    6.62044
11.0597    6.62044
11.0597    6.60158
11.0597    6.60158
11.0597    6.58271
11.0803    6.60158
11.0597    6.58271
11.0803    6.58271
11.0803    6.58271
11.0803    6.56385
11.0597    6.54499
11.0597    6.54499
11.0597    6.54499
11.0597    6.54499
11.0597    6.52613
11.0597    6.50727
11.0803    6.52613
11.0597    6.50727
11.0597    6.52613
11.0597    6.50727
11.0597    6.52613
11.0597    6.52613
11.0597    6.52613
11.0803    6.52613
11.0803    6.54499
11.0803    6.56385
11.0803    6.56385
11.1009    6.56385
11.1009    6.58271
11.1216    6.62044
11.1216    6.6393
11.1216    6.6393
11.1422    6.6393
11.1422    6.6393
11.1422    6.65816
11.1628    6.67702
11.1835    6.67702
11.1835    6.67702
11.2041    6.67702
11.2454    6.67702
11.266    6.69588
11.266    6.71475
11.3073    6.69588
11.3073    6.71475
11.3279    6.69588
11.3279    6.71475
11.3485    6.69588
11.3485    6.69588
11.3485    6.69588
11.3898    6.69588
11.3898    6.67702
11.4105    6.65816
11.4311    6.67702
11.4517    6.65816
11.493    6.67702
11.5136    6.67702
11.5343    6.67702
11.5549    6.67702
11.5755    6.67702
11.6168    6.67702
11.6581    6.69588
11.6787    6.71475
11.6993    6.71475
11.7406    6.71475
11.8025    6.73361
11.8231    6.75247
11.8644    6.73361
11.9057    6.75247
11.9263    6.71475
11.9882    6.71475
12.0295    6.71475
12.0707    6.69588
12.0914    6.69588
12.1326    6.69588
12.1945    6.67702
12.2358    6.65816
12.2771    6.65816
12.2977    6.65816
12.339    6.6393
12.4009    6.62044
12.4215    6.62044
12.4628    6.62044
12.504    6.62044
12.5247    6.62044
12.6072    6.60158
12.6485    6.60158
12.6897    6.60158
12.731    6.60158
12.7723    6.60158
12.8342    6.58271
12.8754    6.60158
