6.02505    5.62077
6.02505    5.62077
6.02505    5.60191
6.02505    5.62077
6.02505    5.60191
6.02505    5.62077
6.02505    5.60191
6.02505    5.62077
6.02505    5.60191
6.04568    5.62077
6.04568    5.60191
6.06632    5.62077
6.06632    5.60191
6.08695    5.60191
6.10758    5.60191
6.10758    5.60191
6.14885    5.60191
6.16948    5.60191
6.19012    5.62077
6.21075    5.60191
6.23139    5.62077
6.27265    5.60191
6.29329    5.62077
6.31392    5.62077
6.33455    5.62077
6.35519    5.62077
6.39646    5.62077
6.41709    5.62077
6.43772    5.62077
6.45836    5.60191
6.47899    5.62077
6.52026    5.58305
6.54089    5.56419
6.56153    5.56419
6.58216    5.54532
6.60279    5.5076
6.64406    5.46988
6.66469    5.43215
6.68533    5.41329
6.70596    5.39443
6.7266    5.33785
6.76786    5.30012
6.7885    5.2624
6.82976    5.24354
6.8504    5.20581
6.87103    5.18695
6.93293    5.16809
6.95357    5.13037
6.9742    5.13037
6.99483    5.11151
7.01547    5.13037
7.05673    5.11151
7.098    5.11151
7.11864    5.11151
7.13927    5.11151
7.18054    5.13037
7.24244    5.13037
7.26307    5.13037
7.30434    5.14923
7.32497    5.16809
7.34561    5.14923
7.38687    5.18695
7.42814    5.18695
7.44878    5.18695
7.46941    5.18695
7.49004    5.18695
7.55194    5.20581
7.57258    5.18695
7.59321    5.20581
7.63448    5.18695
7.65511    5.20581
7.71701    5.18695
7.75828    5.18695
7.77892    5.18695
7.82018    5.18695
7.86145    5.18695
7.92335    5.16809
7.96462    5.14923
7.98525    5.16809
8.02652    5.14923
8.04715    5.16809
8.10905    5.16809
8.15032    5.18695
8.17096    5.20581
8.21222    5.20581
8.23286    5.20581
8.29476    5.22468
8.31539    5.2624
8.33603    5.28126
8.37729    5.28126
8.39793    5.28126
8.43919    5.30012
8.48046    5.31898
8.5011    5.30012
8.52173    5.31898
8.563    5.31898
8.60426    5.30012
8.64553    5.31898
8.66617    5.30012
8.70743    5.31898
8.72807    5.30012
8.78997    5.30012
8.83124    5.28126
8.8725    5.2624
8.91377    5.2624
8.9344    5.24354
9.01694    5.22468
9.05821    5.22468
9.07884    5.22468
9.12011    5.22468
9.16137    5.22468
9.22328    5.22468
9.24391    5.22468
9.28518    5.22468
9.30581    5.24354
9.34708    5.22468
9.40898    5.2624
9.45025    5.2624
9.47088    5.28126
9.51215    5.28126
9.53278    5.28126
9.59468    5.31898
9.63595    5.33785
9.65658    5.35671
9.69785    5.33785
9.71849    5.35671
9.78039    5.33785
9.80102    5.35671
9.84229    5.33785
9.88356    5.35671
9.90419    5.33785
9.96609    5.33785
10.0074    5.33785
10.0486    5.31898
10.0693    5.30012
10.1105    5.30012
10.1724    5.30012
10.2137    5.30012
10.2343    5.30012
10.2756    5.30012
10.2962    5.31898
10.3375    5.30012
10.3581    5.31898
10.3788    5.31898
10.3994    5.31898
10.42    5.33785
10.4613    5.35671
10.4819    5.35671
10.5026    5.37557
10.5026    5.41329
10.5232    5.41329
10.5438    5.45102
10.5645    5.46988
10.5851    5.48874
10.6057    5.5076
10.6264    5.5076
10.647    5.52646
10.6676    5.56419
10.6883    5.56419
10.7089    5.58305
10.7295    5.56419
10.7708    5.60191
10.7914    5.60191
10.8121    5.60191
10.8327    5.62077
10.8533    5.60191
10.8946    5.62077
10.9152    5.60191
10.9565    5.62077
10.9771    5.62077
10.9978    5.62077
11.039    5.62077
11.0597    5.62077
11.0803    5.63963
11.1009    5.65849
11.1009    5.65849
11.1216    5.67736
11.1422    5.69622
11.1422    5.69622
11.1422    5.69622
11.1628    5.71508
11.1628    5.7528
11.1835    5.7528
11.1835    5.77166
11.1835    5.77166
11.1835    5.77166
11.1835    5.79053
11.1835    5.82825
11.1835    5.84711
11.1835    5.84711
11.1835    5.84711
11.1835    5.86597
11.1628    5.88483
11.1835    5.88483
11.1835    5.9037
11.1835    5.92256
11.1835    5.92256
11.1835    5.92256
11.1835    5.92256
11.1835    5.94142
11.1835    5.96028
11.1835    5.96028
11.2041    5.96028
11.2041    5.96028
11.2041    5.96028
11.2247    5.97914
11.2454    5.998
11.2454    5.97914
11.2454    5.998
11.266    5.97914
11.266    5.998
11.3073    5.998
11.3073    5.998
11.3279    5.998
11.3279    5.998
11.3279    5.998
11.3485    5.998
11.3485    5.998
11.3692    5.998
11.3692    5.998
11.3692    5.998
11.3898    6.01687
11.3898    6.03573
11.3898    6.01687
11.3898    6.01687
11.4105    6.01687
11.3898    6.03573
11.4105    6.03573
11.4105    6.03573
11.4105    6.03573
11.4105    6.03573
11.4105    6.05459
11.4311    6.07345
11.4105    6.05459
11.4105    6.07345
11.4311    6.07345
11.4311    6.09231
11.4105    6.11117
11.4311    6.11117
11.4311    6.11117
11.4311    6.11117
11.4517    6.13004
11.4517    6.1489
11.4517    6.13004
11.4517    6.1489
11.4517    6.13004
11.4517    6.1489
11.4724    6.1489
11.4724    6.1489
11.4517    6.1489
11.4724    6.1489
11.4724    6.1489
11.4724    6.16776
11.493    6.18662
11.493    6.16776
11.493    6.18662
11.5136    6.16776
11.5343    6.18662
11.5343    6.16776
11.5549    6.18662
11.5549    6.16776
11.5755    6.18662
11.5755    6.16776
11.5962    6.18662
11.5962    6.16776
11.5962    6.18662
11.6168    6.16776
11.6168    6.18662
11.6168    6.18662
11.6168    6.16776
11.6374    6.20548
11.6374    6.18662
11.6374    6.18662
11.6374    6.18662
11.6374    6.18662
11.6374    6.18662
11.6581    6.18662
11.6581    6.18662
11.6581    6.18662
11.6581    6.18662
11.6581    6.20548
11.6787    6.22434
11.6787    6.20548
11.6993    6.2432
11.6993    6.2432
11.6993    6.26207
11.72    6.26207
11.7406    6.28093
11.7406    6.31865
11.7612    6.31865
11.7819    6.33751
11.8025    6.35637
11.8025    6.3941
11.8231    6.43182
11.8438    6.45068
11.8438    6.46954
11.885    6.52613
11.9057    6.54499
11.9263    6.56385
11.9469    6.56385
11.9676    6.58271
11.9882    6.60158
12.0295    6.60158
12.0501    6.60158
12.0707    6.58271
12.0914    6.60158
12.1533    6.58271
12.1739    6.60158
12.1945    6.58271
12.2358    6.60158
12.2771    6.58271
12.339    6.58271
12.3596    6.58271
12.4009    6.60158
12.4215    6.58271
12.4421    6.60158
12.504    6.58271
12.5247    6.58271
12.5659    6.58271
12.5866    6.58271
12.6278    6.58271
12.6897    6.58271
12.731    6.56385
12.7516    6.54499
12.7929    6.54499
12.8342    6.54499
12.8961    6.52613
12.9373    6.50727
12.9786    6.50727
12.9992    6.48841
