8.25349    4.28159
8.25349    4.30046
8.25349    4.28159
8.25349    4.28159
8.23286    4.28159
8.27412    4.28159
8.27412    4.28159
8.29476    4.30046
8.27412    4.28159
8.29476    4.28159
8.29476    4.28159
8.31539    4.28159
8.33603    4.28159
8.33603    4.28159
8.33603    4.28159
8.35666    4.28159
8.39793    4.26273
8.39793    4.26273
8.41856    4.26273
8.41856    4.28159
8.43919    4.28159
8.48046    4.28159
8.5011    4.30046
8.5011    4.31932
8.52173    4.31932
8.563    4.33818
8.60426    4.3759
8.6249    4.39476
8.6249    4.41363
8.64553    4.43249
8.6868    4.45135
8.72807    4.48907
8.7487    4.50793
8.7487    4.5268
8.76933    4.54566
8.8106    4.54566
8.8725    4.58338
8.8725    4.60224
8.89314    4.6211
8.9344    4.6211
8.97567    4.63996
9.01694    4.65883
9.05821    4.65883
9.09947    4.67769
9.12011    4.67769
9.14074    4.69655
9.22328    4.69655
9.26454    4.71541
9.28518    4.71541
9.30581    4.73427
9.34708    4.73427
9.40898    4.75313
9.42961    4.772
9.47088    4.772
9.51215    4.79086
9.53278    4.80972
9.57405    4.82858
9.59468    4.84744
9.65658    4.84744
9.65658    4.8663
9.69785    4.88517
9.75975    4.90403
9.80102    4.92289
9.84229    4.94175
9.86292    4.94175
9.88356    4.96061
9.96609    4.97947
10.0074    4.99834
10.028    4.99834
10.0486    4.99834
10.0899    5.0172
10.1724    5.03606
10.1931    5.03606
10.2137    5.03606
10.2756    5.03606
10.2756    5.05492
10.3375    5.07378
10.3994    5.07378
10.3994    5.09264
10.4407    5.09264
10.4613    5.11151
10.5438    5.14923
10.5645    5.16809
10.5645    5.18695
10.5851    5.18695
10.6264    5.22468
10.6676    5.2624
10.6883    5.28126
10.6883    5.31898
10.7089    5.33785
10.7502    5.37557
10.7914    5.43215
10.8121    5.45102
10.8121    5.46988
10.8327    5.48874
10.874    5.5076
10.9152    5.54532
10.9359    5.56419
10.9359    5.58305
10.9565    5.60191
10.9978    5.62077
11.039    5.65849
11.0597    5.65849
11.0803    5.67736
11.1216    5.69622
11.1422    5.71508
11.1835    5.7528
11.2247    5.77166
11.2454    5.77166
11.2866    5.79053
11.3279    5.80939
11.3692    5.84711
11.3898    5.86597
11.3898    5.88483
11.4105    5.9037
11.4517    5.92256
11.4724    5.94142
11.4724    5.96028
11.4724    5.97914
11.493    5.998
11.5136    6.01687
11.5136    6.07345
11.5136    6.09231
11.5343    6.11117
11.5549    6.13004
11.5343    6.16776
11.5755    6.20548
11.5962    6.22434
11.5755    6.2432
11.6168    6.26207
11.6168    6.28093
11.6581    6.29979
11.6581    6.31865
11.6787    6.33751
11.6787    6.33751
11.6993    6.35637
11.7406    6.37524
11.7612    6.37524
11.7612    6.37524
11.7819    6.3941
11.8025    6.3941
11.8231    6.41296
11.8438    6.41296
11.8438    6.43182
11.8644    6.43182
11.885    6.45068
11.885    6.45068
11.9057    6.46954
11.9263    6.48841
11.9263    6.48841
11.9469    6.50727
11.9882    6.52613
11.9882    6.54499
12.0088    6.54499
11.9882    6.56385
12.0295    6.56385
12.0501    6.58271
12.0501    6.60158
12.0501    6.62044
12.0707    6.62044
12.0914    6.62044
12.112    6.6393
12.1533    6.65816
12.1739    6.65816
12.1739    6.65816
12.1945    6.65816
12.2564    6.65816
12.2564    6.65816
12.2771    6.65816
12.339    6.65816
12.339    6.6393
12.4009    6.6393
12.4421    6.6393
12.4834    6.62044
12.504    6.62044
12.5247    6.62044
12.5866    6.62044
12.6072    6.62044
12.6485    6.62044
12.6691    6.60158
12.6897    6.60158
12.7723    6.60158
12.7929    6.60158
12.8135    6.60158
12.8548    6.58271
12.8961    6.58271
12.958    6.58271
12.9786    6.58271
