7.65511    6.26207
7.67575    6.26207
7.67575    6.2432
7.69638    6.2432
7.69638    6.2432
7.69638    6.22434
7.71701    6.18662
7.73765    6.18662
7.75828    6.16776
7.77892    6.18662
7.79955    6.16776
7.84082    6.16776
7.86145    6.1489
7.88208    6.13004
7.90272    6.1489
7.92335    6.13004
7.98525    6.13004
8.02652    6.13004
8.04715    6.13004
8.08842    6.13004
8.12969    6.13004
8.17096    6.13004
8.21222    6.13004
8.25349    6.13004
8.27412    6.11117
8.31539    6.09231
8.37729    6.09231
8.41856    6.07345
8.45983    6.03573
8.48046    6.03573
8.52173    6.01687
8.60426    5.998
8.6249    5.96028
8.66617    5.96028
8.70743    5.94142
8.7487    5.94142
8.83124    5.94142
8.8725    5.92256
8.9344    5.9037
8.97567    5.92256
9.03757    5.9037
9.14074    5.92256
9.20264    5.9037
9.26454    5.94142
9.32644    5.96028
9.36771    5.94142
9.49151    5.97914
9.55342    5.97914
9.61532    5.998
9.65658    5.998
9.71849    5.998
9.82165    6.01687
9.88356    6.03573
9.94546    6.03573
9.98672    6.03573
10.0486    6.05459
10.1724    6.11117
10.2137    6.13004
10.2756    6.16776
10.3169    6.18662
10.3788    6.20548
10.4819    6.26207
10.5438    6.26207
10.6057    6.28093
10.647    6.31865
10.7089    6.33751
10.8121    6.35637
10.8533    6.3941
10.9152    6.3941
10.9565    6.41296
10.9978    6.41296
11.1009    6.45068
11.1422    6.48841
11.2041    6.50727
11.2454    6.54499
11.3073    6.56385
11.3898    6.60158
11.4311    6.62044
11.493    6.6393
11.5343    6.65816
11.5755    6.69588
11.6581    6.73361
11.72    6.75247
11.7612    6.75247
11.8025    6.77133
11.8438    6.79019
11.9469    6.79019
11.9882    6.80905
12.0295    6.82792
12.0707    6.80905
12.112    6.82792
12.1945    6.80905
12.2358    6.80905
12.2977    6.80905
12.339    6.80905
12.3802    6.79019
12.4628    6.77133
12.504    6.77133
12.5453    6.75247
12.5866    6.73361
12.6278    6.75247
12.7104    6.71475
12.7516    6.71475
12.7929    6.69588
12.8342    6.71475
12.8754    6.69588
