7.65511    6.84678
7.67575    6.84678
7.69638    6.84678
7.71701    6.84678
7.71701    6.82792
7.73765    6.82792
7.75828    6.80905
7.77892    6.80905
7.79955    6.79019
7.82018    6.79019
7.86145    6.79019
7.90272    6.75247
7.92335    6.73361
7.94398    6.71475
7.98525    6.69588
8.00589    6.67702
8.06779    6.62044
8.08842    6.62044
8.10905    6.60158
8.15032    6.58271
8.17096    6.56385
8.21222    6.54499
8.25349    6.52613
8.27412    6.52613
8.31539    6.50727
8.35666    6.50727
8.39793    6.48841
8.43919    6.46954
8.48046    6.46954
8.52173    6.45068
8.563    6.45068
8.64553    6.43182
8.6868    6.43182
8.70743    6.41296
8.7487    6.41296
8.78997    6.3941
8.85187    6.37524
8.89314    6.35637
8.9344    6.35637
8.95504    6.33751
8.99631    6.31865
9.07884    6.29979
9.09947    6.28093
9.14074    6.26207
9.18201    6.26207
9.22328    6.2432
9.28518    6.22434
9.30581    6.20548
9.34708    6.20548
9.38835    6.20548
9.42961    6.20548
9.49151    6.20548
9.53278    6.20548
9.57405    6.20548
9.61532    6.20548
9.63595    6.20548
9.73912    6.22434
9.78039    6.2432
9.82165    6.2432
9.86292    6.26207
9.90419    6.26207
9.98672    6.28093
10.028    6.29979
10.0486    6.29979
10.0899    6.29979
10.1312    6.29979
10.1931    6.31865
10.2343    6.31865
10.2756    6.31865
10.3169    6.31865
10.3581    6.31865
10.4407    6.33751
10.4819    6.33751
10.5438    6.33751
10.5851    6.33751
10.6264    6.35637
10.7089    6.37524
10.7708    6.3941
10.8121    6.41296
10.8533    6.43182
10.8946    6.45068
10.9771    6.48841
11.039    6.52613
11.0803    6.54499
11.1216    6.54499
11.1628    6.56385
11.2454    6.60158
11.3073    6.62044
11.3485    6.62044
11.3898    6.62044
11.4517    6.62044
11.5343    6.6393
11.5755    6.6393
11.6374    6.6393
11.6787    6.6393
11.72    6.6393
11.8231    6.6393
11.8644    6.6393
11.9057    6.65816
11.9469    6.65816
11.9882    6.67702
12.0707    6.69588
12.112    6.69588
12.1533    6.71475
12.1945    6.71475
12.2564    6.73361
12.339    6.75247
12.3802    6.77133
12.4421    6.79019
12.4834    6.80905
12.5453    6.82792
12.6278    6.84678
12.6897    6.84678
12.731    6.84678
12.7723    6.84678
12.8135    6.84678
12.8961    6.80905
12.9373    6.79019
