7.11864    6.97881
7.11864    6.97881
7.11864    6.95995
7.11864    6.97881
7.11864    6.95995
7.13927    6.95995
7.13927    6.95995
7.13927    6.95995
7.13927    6.95995
7.13927    6.95995
7.1599    6.95995
7.18054    6.95995
7.18054    6.94109
7.18054    6.94109
7.20117    6.94109
7.20117    6.92222
7.2218    6.90336
7.24244    6.8845
7.26307    6.86564
7.28371    6.86564
7.28371    6.84678
7.32497    6.79019
7.34561    6.77133
7.36624    6.73361
7.38687    6.71475
7.40751    6.69588
7.42814    6.6393
7.44878    6.60158
7.46941    6.58271
7.49004    6.56385
7.51068    6.54499
7.55194    6.52613
7.57258    6.50727
7.59321    6.50727
7.61385    6.48841
7.63448    6.46954
7.69638    6.45068
7.71701    6.45068
7.73765    6.45068
7.77892    6.45068
7.79955    6.43182
7.86145    6.43182
7.90272    6.41296
7.94398    6.41296
7.96462    6.41296
7.98525    6.3941
8.04715    6.37524
8.06779    6.35637
8.10905    6.35637
8.12969    6.33751
8.15032    6.31865
8.21222    6.29979
8.25349    6.28093
8.27412    6.26207
8.31539    6.2432
8.35666    6.22434
8.41856    6.18662
8.43919    6.16776
8.48046    6.1489
8.5011    6.13004
8.54236    6.13004
8.58363    6.11117
8.6249    6.11117
8.64553    6.09231
8.6868    6.09231
8.72807    6.09231
8.78997    6.09231
8.83124    6.09231
8.85187    6.09231
8.89314    6.09231
8.91377    6.09231
8.97567    6.11117
9.01694    6.11117
9.03757    6.11117
9.07884    6.11117
9.09947    6.11117
9.14074    6.11117
9.18201    6.11117
9.20264    6.09231
9.22328    6.09231
9.24391    6.09231
9.30581    6.07345
9.32644    6.05459
9.34708    6.05459
9.36771    6.03573
9.40898    6.03573
9.45025    6.01687
9.49151    6.01687
9.51215    5.998
9.53278    5.998
9.55342    5.998
9.59468    5.998
9.61532    5.998
9.63595    5.998
9.63595    5.998
9.65658    5.998
9.69785    6.01687
9.71849    6.01687
9.73912    6.03573
9.75975    6.05459
9.78039    6.07345
9.82165    6.11117
9.84229    6.13004
9.88356    6.1489
9.90419    6.16776
9.92482    6.18662
9.96609    6.20548
9.98672    6.22434
10.0074    6.22434
10.028    6.2432
10.0486    6.2432
10.0693    6.26207
10.0899    6.26207
10.1105    6.26207
10.1312    6.28093
10.1518    6.28093
10.1724    6.28093
10.1931    6.28093
10.2343    6.28093
10.255    6.28093
10.2756    6.29979
10.3169    6.29979
10.3581    6.29979
10.3788    6.29979
10.3994    6.29979
10.42    6.29979
10.4613    6.31865
10.4819    6.33751
10.5026    6.33751
10.5026    6.35637
10.5232    6.35637
10.5645    6.3941
10.5851    6.3941
10.6057    6.41296
10.6264    6.43182
10.6264    6.45068
10.6676    6.48841
10.6883    6.50727
10.6883    6.52613
10.7089    6.54499
10.7295    6.56385
10.7502    6.58271
10.7708    6.60158
10.7708    6.60158
10.7914    6.62044
10.8121    6.62044
10.8327    6.62044
10.8533    6.62044
10.874    6.62044
10.8946    6.62044
10.9152    6.62044
10.9359    6.60158
10.9565    6.60158
10.9771    6.60158
10.9978    6.58271
11.0184    6.56385
11.0597    6.56385
11.0803    6.56385
11.1009    6.56385
11.1216    6.56385
11.1422    6.56385
11.1628    6.56385
11.1835    6.56385
11.2041    6.58271
11.2041    6.58271
11.2247    6.60158
11.2454    6.62044
11.266    6.6393
11.266    6.65816
11.2866    6.67702
11.3073    6.67702
11.3279    6.71475
11.3279    6.73361
11.3485    6.73361
11.3485    6.73361
11.3692    6.75247
11.3898    6.75247
11.3898    6.75247
11.4105    6.75247
11.4105    6.75247
11.4311    6.75247
11.4517    6.75247
11.4517    6.73361
11.4724    6.73361
11.4724    6.71475
11.493    6.71475
11.5136    6.69588
11.5343    6.69588
11.5343    6.67702
11.5549    6.67702
11.5755    6.67702
11.5962    6.67702
11.5962    6.65816
11.6168    6.65816
11.6168    6.65816
11.6374    6.65816
11.6581    6.65816
11.6787    6.65816
11.6787    6.65816
11.6993    6.65816
11.6993    6.67702
11.7406    6.69588
11.7612    6.69588
11.7819    6.71475
11.8025    6.73361
11.8231    6.75247
11.8644    6.77133
11.885    6.79019
11.9057    6.79019
11.9263    6.80905
11.9469    6.80905
11.9676    6.82792
11.9882    6.82792
12.0088    6.82792
12.0295    6.82792
12.0501    6.82792
12.0914    6.82792
12.112    6.80905
12.1326    6.80905
12.1533    6.80905
12.1739    6.79019
12.2152    6.77133
12.2358    6.75247
12.2564    6.75247
12.2771    6.73361
12.3183    6.73361
12.3596    6.71475
12.3802    6.71475
12.4009    6.69588
12.4215    6.69588
12.4421    6.69588
12.504    6.69588
12.5247    6.69588
12.5453    6.69588
12.5866    6.69588
12.6072    6.71475
12.6691    6.73361
12.6897    6.73361
12.731    6.75247
12.7516    6.75247
12.7723    6.75247
12.8342    6.75247
12.8548    6.75247
12.8754    6.75247
12.8961    6.73361
12.9167    6.73361
