7.61385    7.48807
7.61385    7.50694
7.61385    7.50694
7.61385    7.50694
7.59321    7.5258
7.59321    7.54466
7.59321    7.56352
7.59321    7.58238
7.57258    7.58238
7.57258    7.60124
7.57258    7.62011
7.57258    7.63897
7.57258    7.65783
7.57258    7.65783
7.57258    7.67669
7.59321    7.67669
7.59321    7.67669
7.59321    7.67669
7.61385    7.67669
7.61385    7.67669
7.63448    7.67669
7.65511    7.65783
7.67575    7.65783
7.69638    7.65783
7.71701    7.63897
7.73765    7.62011
7.75828    7.58238
7.77892    7.56352
7.79955    7.54466
7.82018    7.54466
7.84082    7.5258
7.88208    7.50694
7.90272    7.48807
7.92335    7.48807
7.94398    7.48807
7.96462    7.48807
8.00589    7.50694
8.02652    7.50694
8.04715    7.50694
8.08842    7.5258
8.10905    7.5258
8.17096    7.56352
8.19159    7.58238
8.21222    7.60124
8.25349    7.63897
8.27412    7.65783
8.33603    7.69555
8.35666    7.71441
8.37729    7.73327
8.39793    7.75214
8.41856    7.75214
8.48046    7.75214
8.5011    7.771
8.52173    7.771
8.54236    7.771
8.563    7.75214
8.6249    7.75214
8.64553    7.73327
8.66617    7.73327
8.6868    7.71441
8.72807    7.69555
8.76933    7.67669
8.78997    7.67669
8.8106    7.65783
8.83124    7.65783
8.85187    7.65783
8.89314    7.63897
8.91377    7.63897
8.9344    7.63897
8.9344    7.63897
8.95504    7.63897
8.97567    7.65783
8.99631    7.65783
8.99631    7.65783
9.01694    7.67669
9.01694    7.69555
9.03757    7.71441
9.05821    7.73327
9.05821    7.75214
9.07884    7.771
9.07884    7.78986
9.09947    7.82758
9.12011    7.84644
9.12011    7.86531
9.14074    7.86531
9.14074    7.88417
9.18201    7.90303
9.20264    7.90303
9.20264    7.90303
9.22328    7.90303
9.22328    7.90303
9.26454    7.90303
9.28518    7.90303
9.30581    7.90303
9.30581    7.88417
9.32644    7.86531
9.36771    7.86531
9.38835    7.84644
9.40898    7.82758
9.42961    7.82758
9.45025    7.80872
9.49151    7.78986
9.51215    7.78986
9.53278    7.771
9.55342    7.771
9.57405    7.771
9.59468    7.75214
9.61532    7.75214
9.63595    7.75214
9.63595    7.75214
9.65658    7.75214
9.69785    7.771
9.71849    7.771
9.73912    7.771
9.75975    7.78986
9.78039    7.78986
9.82165    7.80872
9.84229    7.80872
9.86292    7.82758
9.88356    7.82758
9.90419    7.82758
9.92482    7.82758
9.94546    7.82758
9.96609    7.82758
9.98672    7.82758
9.98672    7.80872
10.0074    7.78986
10.028    7.78986
10.028    7.771
10.0486    7.75214
10.0486    7.75214
10.0693    7.71441
10.0899    7.69555
10.0899    7.67669
10.1105    7.63897
10.1105    7.62011
10.1312    7.56352
10.1518    7.54466
10.1518    7.5258
10.1724    7.50694
10.1724    7.48807
10.1931    7.45035
10.2137    7.45035
10.2343    7.43149
10.2343    7.43149
10.255    7.43149
10.2756    7.41263
10.2962    7.41263
10.2962    7.41263
10.3169    7.43149
10.3375    7.43149
10.3581    7.45035
10.3788    7.45035
10.3994    7.46921
10.42    7.46921
10.42    7.48807
10.4613    7.50694
10.4613    7.50694
10.4819    7.50694
10.4819    7.50694
10.5026    7.50694
10.5232    7.50694
10.5232    7.50694
10.5438    7.50694
10.5438    7.50694
10.5645    7.50694
10.5645    7.48807
10.5851    7.48807
10.5851    7.46921
10.5851    7.45035
10.6057    7.45035
10.6057    7.43149
10.6057    7.41263
10.6264    7.39377
10.6264    7.3749
10.6264    7.35604
10.647    7.33718
10.647    7.31832
10.6676    7.29946
10.6676    7.29946
10.6676    7.2806
10.6883    7.2806
10.6883    7.26173
10.7089    7.26173
10.7089    7.26173
10.7089    7.26173
10.7295    7.26173
10.7295    7.26173
10.7502    7.26173
10.7502    7.2806
10.7502    7.2806
10.7708    7.29946
10.7708    7.31832
10.7914    7.31832
10.7914    7.33718
10.8121    7.33718
10.8327    7.3749
10.8327    7.3749
10.8533    7.39377
10.8533    7.39377
10.8533    7.39377
10.874    7.41263
10.874    7.41263
10.8946    7.41263
10.8946    7.41263
10.8946    7.41263
10.9152    7.41263
10.9152    7.41263
10.9152    7.41263
10.9152    7.41263
10.9152    7.41263
10.9152    7.39377
10.9152    7.3749
10.9152    7.35604
10.9152    7.35604
10.8946    7.33718
10.8946    7.29946
10.8946    7.2806
10.8946    7.2806
10.874    7.26173
10.874    7.24287
10.874    7.22401
10.874    7.20515
10.874    7.20515
10.874    7.18629
10.874    7.18629
10.8946    7.18629
10.8946    7.18629
10.9152    7.18629
10.9152    7.18629
10.9152    7.18629
10.9359    7.18629
10.9565    7.18629
10.9771    7.20515
10.9771    7.20515
10.9978    7.20515
11.0184    7.22401
11.039    7.22401
11.0597    7.22401
11.0597    7.24287
11.0803    7.24287
11.1009    7.24287
11.1009    7.24287
11.1216    7.24287
11.1216    7.24287
11.1216    7.24287
11.1422    7.24287
11.1422    7.22401
11.1422    7.22401
11.1628    7.22401
11.1628    7.22401
11.1835    7.20515
11.1835    7.18629
11.1835    7.18629
11.2041    7.16743
11.2041    7.16743
11.2247    7.1297
11.2247    7.11084
11.2454    7.09198
11.2454    7.07312
11.266    7.05426
11.266    7.03539
11.2866    7.01653
11.2866    6.99767
11.2866    6.99767
11.3073    6.97881
11.3279    6.95995
11.3279    6.95995
11.3279    6.95995
11.3279    6.95995
11.3485    6.95995
11.3692    6.95995
11.3692    6.95995
11.3898    6.95995
11.3898    6.97881
11.4105    6.97881
11.4311    6.99767
11.4517    7.01653
11.4724    7.03539
11.493    7.03539
11.493    7.05426
11.5343    7.09198
11.5549    7.11084
11.5755    7.1297
11.5962    7.14856
11.6168    7.14856
11.6374    7.16743
11.6581    7.18629
11.6787    7.18629
11.6787    7.18629
11.6993    7.18629
11.72    7.18629
11.7406    7.18629
11.7612    7.18629
11.7612    7.18629
11.7819    7.18629
11.8025    7.16743
11.8231    7.14856
11.8438    7.14856
11.8644    7.1297
11.885    7.1297
11.9263    7.11084
11.9469    7.09198
11.9676    7.09198
11.9882    7.09198
12.0088    7.09198
12.0501    7.09198
12.0707    7.11084
12.0914    7.11084
12.112    7.11084
12.1326    7.1297
12.1739    7.14856
12.1945    7.16743
12.2152    7.18629
12.2564    7.20515
12.2771    7.22401
12.339    7.26173
12.3596    7.2806
12.4009    7.29946
12.4215    7.31832
12.4421    7.31832
12.504    7.33718
12.5247    7.33718
12.5659    7.33718
12.5866    7.33718
12.6072    7.33718
12.6691    7.31832
