7.098    7.56352
7.098    7.56352
7.098    7.56352
7.098    7.56352
7.098    7.56352
7.098    7.56352
7.098    7.56352
7.098    7.56352
7.098    7.56352
7.098    7.56352
7.11864    7.56352
7.13927    7.56352
7.13927    7.54466
7.13927    7.54466
7.13927    7.54466
7.1599    7.54466
7.18054    7.5258
7.18054    7.50694
7.18054    7.50694
7.20117    7.50694
7.2218    7.50694
7.2218    7.48807
7.24244    7.48807
7.26307    7.48807
7.26307    7.48807
7.26307    7.48807
7.26307    7.50694
7.28371    7.50694
7.30434    7.5258
7.28371    7.5258
7.30434    7.5258
7.30434    7.56352
7.30434    7.56352
7.30434    7.58238
7.32497    7.60124
7.34561    7.60124
7.34561    7.62011
7.34561    7.63897
7.36624    7.65783
7.38687    7.65783
7.38687    7.65783
7.42814    7.67669
7.44878    7.69555
7.46941    7.69555
7.49004    7.71441
7.53131    7.71441
7.57258    7.71441
7.59321    7.71441
7.61385    7.71441
7.65511    7.71441
7.67575    7.71441
7.71701    7.73327
7.73765    7.73327
7.77892    7.73327
7.79955    7.73327
7.82018    7.75214
7.88208    7.75214
7.90272    7.771
7.94398    7.771
7.98525    7.771
8.00589    7.78986
8.04715    7.80872
8.08842    7.82758
8.12969    7.82758
8.15032    7.84644
8.21222    7.84644
8.23286    7.86531
8.29476    7.88417
8.29476    7.88417
8.31539    7.88417
8.35666    7.88417
8.41856    7.90303
8.41856    7.90303
8.43919    7.90303
8.48046    7.90303
8.52173    7.92189
8.563    7.92189
8.58363    7.92189
8.58363    7.92189
8.60426    7.92189
8.64553    7.92189
8.6868    7.92189
8.70743    7.94075
8.70743    7.94075
8.72807    7.94075
8.7487    7.94075
8.76933    7.95961
8.8106    7.97848
8.83124    7.97848
8.83124    7.99734
8.85187    7.99734
8.89314    8.0162
8.91377    8.0162
8.91377    8.03506
8.91377    8.03506
8.9344    8.03506
8.97567    8.05392
8.97567    8.05392
8.99631    8.05392
8.97567    8.07278
8.99631    8.07278
9.01694    8.07278
9.03757    8.07278
9.03757    8.07278
9.03757    8.07278
9.05821    8.07278
9.09947    8.07278
9.12011    8.07278
9.12011    8.05392
9.12011    8.05392
9.14074    8.05392
9.18201    8.03506
9.20264    8.03506
9.20264    8.0162
9.20264    8.0162
9.22328    8.0162
9.26454    7.99734
9.28518    7.99734
9.28518    7.99734
9.30581    7.99734
9.34708    7.97848
9.38835    7.97848
9.40898    7.97848
9.40898    7.97848
9.42961    7.97848
9.47088    7.99734
9.51215    7.99734
9.55342    8.0162
9.57405    8.0162
9.57405    8.0162
9.59468    8.03506
9.65658    8.03506
9.67722    8.03506
9.69785    8.03506
9.69785    8.03506
9.71849    8.05392
9.75975    8.05392
9.78039    8.05392
9.78039    8.05392
9.80102    8.05392
9.82165    8.03506
9.84229    8.03506
9.86292    8.0162
9.86292    8.0162
9.88356    7.99734
9.90419    7.99734
9.90419    7.97848
9.92482    7.95961
9.94546    7.94075
9.94546    7.94075
9.96609    7.92189
10.0074    7.90303
10.028    7.90303
10.028    7.88417
10.0486    7.88417
10.0693    7.88417
10.0899    7.86531
10.1312    7.86531
10.1518    7.86531
10.1518    7.86531
10.1724    7.84644
10.2137    7.84644
10.2343    7.84644
10.2343    7.82758
10.255    7.82758
10.2756    7.82758
10.2962    7.80872
10.3169    7.80872
10.3169    7.80872
10.3169    7.78986
10.3169    7.78986
10.3375    7.78986
10.3581    7.771
10.3375    7.771
10.3581    7.75214
10.3375    7.75214
10.3581    7.73327
10.3581    7.71441
10.3581    7.71441
10.3581    7.69555
10.3581    7.67669
10.3375    7.65783
10.3581    7.63897
10.3375    7.62011
10.3581    7.60124
10.3375    7.60124
10.3375    7.56352
10.3375    7.54466
10.3375    7.54466
10.3375    7.5258
10.3375    7.5258
10.3375    7.50694
10.3375    7.48807
10.3375    7.48807
10.3375    7.48807
10.3375    7.46921
10.3581    7.46921
10.3375    7.46921
10.3581    7.46921
10.3581    7.45035
10.3581    7.45035
10.3788    7.45035
10.3994    7.43149
10.3994    7.43149
10.3994    7.41263
10.3994    7.41263
10.42    7.3749
10.4407    7.35604
10.4407    7.33718
10.4407    7.31832
10.4407    7.29946
10.4613    7.26173
10.4819    7.24287
10.4819    7.22401
10.4819    7.18629
10.4819    7.16743
10.5026    7.1297
10.5232    7.09198
10.5232    7.07312
10.5232    7.05426
10.5232    7.01653
10.5438    6.97881
10.5645    6.95995
10.5645    6.94109
10.5851    6.92222
10.6057    6.90336
10.6264    6.8845
10.647    6.86564
10.6676    6.86564
10.6883    6.84678
10.6883    6.84678
10.7295    6.82792
10.7502    6.82792
10.7708    6.82792
10.7708    6.82792
10.7914    6.82792
10.8327    6.80905
10.8533    6.80905
10.8533    6.80905
10.8533    6.80905
10.874    6.79019
10.9152    6.77133
10.9152    6.77133
10.9359    6.77133
10.9152    6.75247
10.9565    6.75247
10.9565    6.73361
10.9771    6.73361
10.9565    6.71475
10.9771    6.71475
10.9771    6.69588
10.9978    6.67702
11.0184    6.65816
11.0184    6.65816
11.0184    6.6393
11.0184    6.62044
11.039    6.58271
11.0597    6.56385
11.0597    6.54499
11.0597    6.52613
11.0803    6.50727
11.1009    6.48841
11.1009    6.46954
11.1009    6.45068
11.1009    6.45068
11.1216    6.43182
11.1422    6.43182
11.1422    6.41296
11.1422    6.41296
11.1422    6.41296
11.1628    6.41296
11.1835    6.43182
11.1835    6.45068
11.1835    6.45068
11.2041    6.45068
11.2247    6.46954
11.2247    6.48841
11.2247    6.48841
11.2247    6.50727
11.2454    6.50727
11.266    6.50727
11.266    6.52613
11.266    6.52613
11.266    6.54499
11.266    6.54499
11.2866    6.54499
11.3073    6.54499
11.3073    6.54499
11.3073    6.54499
11.3279    6.54499
11.3485    6.54499
11.3485    6.52613
11.3692    6.52613
11.3898    6.50727
11.3898    6.50727
11.3898    6.48841
11.4105    6.48841
11.4311    6.48841
11.4311    6.48841
11.4517    6.48841
11.4724    6.48841
11.4724    6.48841
11.4724    6.48841
11.493    6.48841
11.5136    6.50727
11.5136    6.50727
11.5136    6.52613
11.5343    6.54499
11.5549    6.56385
11.5549    6.58271
11.5549    6.60158
11.5755    6.62044
11.6168    6.6393
11.6168    6.65816
11.6168    6.65816
11.6374    6.67702
11.6374    6.69588
11.6374    6.69588
11.6581    6.69588
11.6787    6.71475
11.6787    6.71475
11.6993    6.71475
11.7406    6.69588
11.7406    6.69588
11.7612    6.69588
11.7612    6.67702
11.7819    6.65816
11.8231    6.6393
11.8438    6.6393
11.8438    6.62044
11.8644    6.62044
11.9057    6.62044
11.9263    6.60158
11.9263    6.60158
11.9469    6.60158
11.9676    6.60158
11.9882    6.60158
12.0295    6.60158
12.0501    6.62044
12.0501    6.62044
12.0707    6.62044
12.1533    6.65816
12.1739    6.65816
12.1945    6.67702
12.2358    6.69588
12.2564    6.69588
12.2977    6.71475
12.3183    6.73361
12.3596    6.73361
12.3802    6.73361
12.4009    6.73361
12.4628    6.73361
12.4628    6.73361
12.504    6.73361
12.5247    6.71475
12.5659    6.71475
12.6278    6.69588
12.6485    6.67702
12.6897    6.67702
12.731    6.65816
12.7516    6.65816
12.7929    6.6393
12.8342    6.6393
12.8548    6.62044
12.8961    6.62044
