7.07737    8.0162
7.098    8.03506
7.098    8.03506
7.11864    8.03506
7.11864    8.03506
7.11864    8.03506
7.13927    8.05392
7.1599    8.07278
7.1599    8.07278
7.1599    8.07278
7.18054    8.09165
7.20117    8.11051
7.20117    8.11051
7.20117    8.11051
7.2218    8.12937
7.2218    8.12937
7.26307    8.14823
7.26307    8.14823
7.28371    8.14823
7.30434    8.16709
7.32497    8.16709
7.34561    8.16709
7.36624    8.16709
7.38687    8.16709
7.42814    8.16709
7.44878    8.16709
7.49004    8.16709
7.51068    8.14823
7.53131    8.14823
7.55194    8.14823
7.57258    8.14823
7.61385    8.14823
7.63448    8.14823
7.65511    8.14823
7.67575    8.12937
7.69638    8.12937
7.75828    8.12937
7.77892    8.12937
7.79955    8.14823
7.82018    8.14823
7.86145    8.14823
7.92335    8.16709
7.94398    8.16709
7.96462    8.16709
8.00589    8.18595
8.02652    8.20482
8.08842    8.22368
8.10905    8.22368
8.12969    8.22368
8.17096    8.22368
8.19159    8.22368
8.25349    8.24254
8.29476    8.24254
8.31539    8.24254
8.33603    8.22368
8.37729    8.22368
8.43919    8.22368
8.48046    8.22368
8.5011    8.20482
8.54236    8.20482
8.58363    8.20482
8.6249    8.20482
8.66617    8.20482
8.6868    8.20482
8.72807    8.20482
8.7487    8.20482
8.78997    8.22368
8.83124    8.22368
8.85187    8.22368
8.8725    8.24254
8.89314    8.24254
8.95504    8.2614
8.97567    8.28026
9.01694    8.28026
9.03757    8.29912
9.07884    8.29912
9.12011    8.33685
9.16137    8.33685
9.18201    8.35571
9.20264    8.35571
9.24391    8.37457
9.28518    8.37457
9.32644    8.37457
9.34708    8.37457
9.36771    8.37457
9.40898    8.37457
9.45025    8.35571
9.49151    8.35571
9.51215    8.33685
9.53278    8.31799
9.57405    8.31799
9.61532    8.29912
9.63595    8.29912
9.67722    8.28026
9.69785    8.28026
9.71849    8.2614
9.78039    8.2614
9.80102    8.2614
9.84229    8.24254
9.86292    8.24254
9.90419    8.24254
9.94546    8.22368
9.98672    8.22368
10.0074    8.22368
10.0486    8.22368
10.0693    8.22368
10.1312    8.22368
10.1518    8.22368
10.1724    8.20482
10.1931    8.20482
10.2137    8.18595
10.255    8.16709
10.2756    8.14823
10.2962    8.12937
10.3169    8.11051
10.3169    8.09165
10.3581    8.05392
10.3788    8.03506
10.3994    7.99734
10.3994    7.97848
10.42    7.95961
10.4613    7.90303
10.4613    7.88417
10.4819    7.86531
10.5026    7.84644
10.5232    7.82758
10.5645    7.78986
10.6057    7.771
10.6264    7.75214
10.647    7.75214
10.6676    7.73327
10.7089    7.71441
10.7502    7.69555
10.7708    7.67669
10.8121    7.67669
10.8327    7.67669
10.874    7.65783
10.9152    7.65783
10.9359    7.63897
10.9565    7.63897
10.9771    7.62011
11.0184    7.60124
11.039    7.60124
11.0597    7.58238
11.0597    7.56352
11.0803    7.54466
11.1216    7.5258
11.1216    7.50694
11.1422    7.48807
11.1628    7.46921
11.1835    7.46921
11.2041    7.43149
11.2247    7.41263
11.2454    7.39377
11.266    7.39377
11.266    7.3749
11.3073    7.35604
11.3279    7.33718
11.3485    7.33718
11.3692    7.33718
11.3898    7.31832
11.4311    7.31832
11.4517    7.31832
11.4724    7.31832
11.493    7.31832
11.5136    7.31832
11.5549    7.31832
11.5962    7.33718
11.6168    7.33718
11.6374    7.33718
11.6581    7.35604
11.72    7.3749
11.7406    7.3749
11.7612    7.3749
11.7819    7.3749
11.8025    7.3749
11.8644    7.3749
11.885    7.3749
11.9057    7.3749
11.9263    7.3749
11.9469    7.3749
11.9882    7.35604
12.0295    7.35604
12.0501    7.35604
12.0707    7.35604
12.0914    7.35604
12.1326    7.35604
12.1533    7.35604
12.1739    7.35604
12.2152    7.3749
12.2358    7.3749
12.2771    7.39377
12.3183    7.39377
12.339    7.41263
12.3596    7.41263
12.4009    7.43149
12.4628    7.45035
12.4834    7.46921
12.5247    7.48807
12.5453    7.48807
12.5659    7.50694
12.6278    7.5258
12.6485    7.54466
12.6691    7.54466
12.7104    7.54466
12.731    7.56352
12.7929    7.56352
12.8342    7.56352
12.8548    7.58238
12.8754    7.58238
12.9167    7.58238
12.9786    7.60124
13.0199    7.62011
13.0611    7.62011
