6.31392    7.84644
6.31392    7.84644
6.31392    7.84644
6.33455    7.84644
6.35519    7.84644
6.33455    7.84644
6.37582    7.84644
6.37582    7.84644
6.39646    7.84644
6.37582    7.84644
6.41709    7.86531
6.45836    7.86531
6.45836    7.88417
6.47899    7.88417
6.47899    7.90303
6.47899    7.90303
6.49962    7.92189
6.52026    7.92189
6.52026    7.94075
6.52026    7.94075
6.54089    7.95961
6.56153    7.95961
6.56153    7.95961
6.56153    7.97848
6.58216    7.97848
6.60279    7.97848
6.60279    7.99734
6.62343    7.99734
6.64406    7.99734
6.64406    7.99734
6.66469    7.99734
6.70596    7.99734
6.7266    7.99734
6.7266    7.97848
6.74723    7.97848
6.7885    7.95961
6.8504    7.94075
6.8504    7.94075
6.87103    7.92189
6.9123    7.92189
6.93293    7.90303
6.95357    7.88417
6.99483    7.88417
7.01547    7.88417
7.01547    7.88417
7.0361    7.88417
7.098    7.88417
7.098    7.88417
7.11864    7.88417
7.1599    7.90303
7.18054    7.90303
7.20117    7.92189
7.24244    7.92189
7.26307    7.94075
7.28371    7.94075
7.32497    7.95961
7.36624    7.97848
7.40751    7.99734
7.42814    8.0162
7.42814    8.03506
7.44878    8.05392
7.51068    8.07278
7.53131    8.09165
7.57258    8.09165
7.59321    8.11051
7.59321    8.11051
7.63448    8.12937
7.67575    8.12937
7.69638    8.12937
7.73765    8.12937
7.75828    8.12937
7.79955    8.12937
7.82018    8.11051
7.88208    8.11051
7.88208    8.09165
7.90272    8.09165
7.96462    8.09165
7.98525    8.07278
8.02652    8.07278
8.04715    8.07278
8.04715    8.07278
8.08842    8.05392
8.10905    8.05392
8.15032    8.05392
8.17096    8.03506
8.17096    8.03506
8.21222    8.03506
8.23286    8.03506
8.27412    8.03506
8.29476    8.03506
8.29476    8.03506
8.33603    8.03506
8.35666    8.03506
8.39793    8.03506
8.41856    8.03506
8.41856    8.03506
8.45983    8.0162
8.48046    8.0162
8.5011    8.0162
8.5011    7.99734
8.52173    7.99734
8.58363    7.95961
8.58363    7.95961
8.60426    7.94075
8.6249    7.92189
8.6249    7.92189
8.66617    7.88417
8.66617    7.88417
8.6868    7.86531
8.70743    7.86531
8.70743    7.86531
8.72807    7.84644
8.76933    7.84644
8.76933    7.84644
8.78997    7.84644
8.76933    7.86531
8.8106    7.86531
8.83124    7.86531
8.83124    7.88417
8.83124    7.88417
8.85187    7.90303
8.89314    7.92189
8.91377    7.94075
8.91377    7.95961
8.91377    7.97848
8.9344    7.99734
8.97567    8.03506
8.99631    8.05392
8.99631    8.07278
9.01694    8.09165
9.05821    8.11051
9.07884    8.12937
9.07884    8.12937
9.09947    8.14823
9.14074    8.14823
9.14074    8.14823
9.18201    8.14823
9.20264    8.14823
9.20264    8.14823
9.20264    8.12937
9.22328    8.12937
9.28518    8.09165
9.28518    8.09165
9.30581    8.07278
9.32644    8.05392
9.34708    8.03506
9.38835    8.0162
9.40898    7.99734
9.40898    7.99734
9.42961    7.99734
9.47088    7.97848
9.49151    7.97848
9.49151    7.97848
9.51215    7.97848
9.53278    7.97848
9.53278    7.95961
9.57405    7.97848
9.57405    7.97848
9.59468    7.97848
9.61532    7.97848
9.61532    7.99734
9.63595    8.0162
9.67722    8.0162
9.67722    8.03506
9.69785    8.03506
9.69785    8.05392
9.71849    8.05392
9.75975    8.07278
9.78039    8.07278
9.78039    8.07278
9.78039    8.07278
9.82165    8.07278
9.82165    8.05392
9.84229    8.05392
9.86292    8.03506
9.86292    8.03506
9.88356    7.99734
9.90419    7.99734
9.90419    7.97848
9.90419    7.95961
9.90419    7.94075
9.92482    7.90303
9.94546    7.88417
9.94546    7.86531
9.94546    7.84644
9.94546    7.82758
9.96609    7.80872
9.98672    7.78986
9.98672    7.771
9.98672    7.771
9.98672    7.75214
10.0074    7.73327
10.028    7.73327
10.0074    7.73327
10.028    7.71441
10.028    7.71441
10.0486    7.71441
10.0693    7.71441
10.0693    7.71441
10.0693    7.71441
10.0899    7.71441
10.1312    7.71441
10.1518    7.73327
10.1312    7.73327
10.1724    7.73327
10.1931    7.75214
10.1931    7.771
10.2137    7.771
10.2343    7.78986
10.2343    7.78986
10.2343    7.80872
10.255    7.80872
10.2962    7.80872
10.2962    7.82758
10.3169    7.82758
10.2962    7.82758
10.3375    7.82758
10.3375    7.82758
10.3581    7.82758
10.3375    7.82758
10.3581    7.82758
10.3581    7.80872
10.3581    7.80872
10.3788    7.78986
10.3994    7.78986
10.3788    7.771
10.3994    7.73327
10.3788    7.73327
10.3994    7.71441
10.3994    7.69555
10.3994    7.67669
10.3994    7.63897
10.3994    7.62011
10.3994    7.60124
10.42    7.60124
10.4407    7.58238
10.42    7.54466
10.4407    7.5258
10.4407    7.5258
10.4407    7.50694
10.4407    7.48807
10.4613    7.46921
10.4819    7.46921
10.4819    7.46921
10.4819    7.45035
10.5026    7.45035
10.5438    7.43149
10.5438    7.43149
10.5645    7.43149
10.5645    7.43149
10.5645    7.41263
10.5851    7.41263
10.6264    7.41263
10.647    7.41263
10.6264    7.41263
10.6676    7.41263
10.6883    7.41263
10.6883    7.41263
10.6883    7.41263
10.7089    7.41263
10.7295    7.39377
10.7295    7.39377
10.7295    7.39377
10.7502    7.3749
10.7708    7.3749
10.7708    7.35604
10.7708    7.33718
10.7708    7.31832
10.7914    7.29946
10.8121    7.29946
10.7914    7.2806
10.8121    7.24287
10.8121    7.22401
10.8121    7.20515
10.8121    7.18629
10.8121    7.16743
10.8327    7.14856
10.8533    7.1297
10.8327    7.11084
10.8533    7.09198
10.8533    7.09198
10.8533    7.07312
10.8533    7.05426
10.874    7.05426
10.8946    7.03539
10.874    7.03539
10.9152    7.01653
10.9152    7.01653
10.9359    7.01653
10.9152    7.01653
10.9359    7.01653
10.9565    7.01653
10.9771    7.01653
10.9771    7.01653
10.9771    7.01653
10.9771    7.01653
10.9978    7.03539
11.0184    7.03539
11.0184    7.03539
11.039    7.05426
11.0597    7.05426
11.0597    7.05426
11.0803    7.05426
11.1009    7.07312
11.1009    7.07312
11.1009    7.07312
11.1216    7.07312
11.1422    7.07312
11.1422    7.07312
11.1628    7.07312
11.1835    7.07312
11.1835    7.07312
11.2041    7.07312
11.2247    7.07312
11.2247    7.07312
11.2247    7.05426
11.2454    7.03539
11.2866    7.03539
11.2866    7.01653
11.3073    7.01653
11.2866    6.99767
11.3279    6.97881
11.3485    6.97881
11.3279    6.95995
11.3485    6.95995
11.3485    6.94109
11.3692    6.92222
11.3898    6.92222
11.3898    6.92222
11.3898    6.90336
11.3898    6.90336
11.4105    6.90336
11.4311    6.90336
11.4311    6.90336
11.4517    6.8845
11.4724    6.8845
11.4724    6.8845
11.493    6.8845
11.5136    6.8845
11.5136    6.8845
11.5343    6.8845
11.5755    6.8845
11.5962    6.8845
11.5962    6.8845
11.6168    6.8845
11.6374    6.8845
11.6581    6.8845
11.6787    6.8845
11.6787    6.8845
11.6993    6.8845
11.72    6.8845
11.7406    6.8845
11.7819    6.86564
11.8025    6.86564
11.8025    6.86564
11.8231    6.84678
11.8644    6.82792
11.885    6.82792
11.885    6.80905
11.9057    6.79019
11.9469    6.79019
12.0088    6.77133
12.0088    6.75247
12.0295    6.75247
12.0707    6.73361
12.0914    6.73361
12.112    6.73361
12.1533    6.73361
12.1739    6.73361
12.1739    6.73361
12.1945    6.73361
12.2358    6.75247
12.2564    6.77133
12.2771    6.77133
12.2977    6.79019
12.2977    6.80905
12.339    6.84678
12.3596    6.86564
12.3802    6.8845
12.3802    6.90336
12.4009    6.92222
12.4421    6.94109
12.4628    6.95995
12.4628    6.95995
12.4834    6.97881
12.5247    6.97881
12.5659    6.99767
12.5866    7.01653
12.5866    7.01653
12.6072    7.01653
12.6485    7.03539
12.6897    7.03539
12.731    7.05426
12.7516    7.05426
