6.54089    8.60091
6.54089    8.60091
6.54089    8.60091
6.54089    8.60091
6.54089    8.60091
6.54089    8.60091
6.54089    8.60091
6.54089    8.60091
6.54089    8.60091
6.54089    8.60091
6.56153    8.61977
6.56153    8.63863
6.58216    8.63863
6.58216    8.63863
6.58216    8.6575
6.58216    8.67636
6.60279    8.69522
6.60279    8.71408
6.62343    8.73294
6.62343    8.7518
6.64406    8.77067
6.66469    8.82725
6.66469    8.84611
6.68533    8.88384
6.68533    8.9027
6.70596    8.9027
6.7266    8.94042
6.74723    8.95928
6.74723    8.99701
6.76786    9.01587
6.7885    8.99701
6.80913    9.03473
6.80913    9.05359
6.82976    9.05359
6.8504    9.05359
6.8504    9.05359
6.89166    9.07245
6.89166    9.09131
6.9123    9.07245
6.93293    9.09131
6.95357    9.07245
6.9742    9.07245
6.99483    9.05359
7.01547    9.03473
7.01547    9.05359
7.0361    9.03473
7.07737    9.01587
7.098    8.99701
7.11864    8.99701
7.13927    8.99701
7.13927    8.99701
7.18054    8.99701
7.20117    8.99701
7.2218    8.99701
7.2218    8.99701
7.24244    8.99701
7.26307    9.01587
7.28371    8.99701
7.30434    9.01587
7.32497    9.01587
7.34561    9.01587
7.36624    9.03473
7.38687    9.05359
7.40751    9.05359
7.42814    9.05359
7.44878    9.07245
7.49004    9.09131
7.51068    9.09131
7.53131    9.09131
7.55194    9.09131
7.57258    9.09131
7.61385    9.09131
7.63448    9.09131
7.65511    9.09131
7.65511    9.07245
7.67575    9.09131
7.71701    9.05359
7.73765    9.05359
7.73765    9.03473
7.75828    9.03473
7.75828    9.01587
7.77892    8.97814
7.79955    8.95928
7.82018    8.95928
7.82018    8.94042
7.84082    8.92156
7.86145    8.9027
7.88208    8.86497
7.90272    8.84611
7.92335    8.86497
7.92335    8.84611
7.96462    8.84611
7.98525    8.84611
8.00589    8.84611
8.02652    8.84611
8.02652    8.84611
8.06779    8.84611
8.08842    8.86497
8.10905    8.84611
8.12969    8.88384
8.15032    8.9027
8.19159    8.92156
8.21222    8.95928
8.23286    8.97814
8.25349    8.97814
8.27412    8.99701
8.31539    9.03473
8.33603    9.05359
8.35666    9.05359
8.37729    9.05359
8.39793    9.07245
8.43919    9.09131
8.45983    9.07245
8.48046    9.09131
8.5011    9.07245
8.52173    9.09131
8.54236    9.05359
8.563    9.05359
8.58363    9.03473
8.60426    9.05359
8.6249    9.03473
8.6868    9.03473
8.70743    9.03473
8.72807    9.01587
8.7487    8.99701
8.76933    9.01587
8.8106    8.97814
8.83124    8.97814
8.85187    8.97814
8.8725    8.97814
8.91377    8.97814
8.95504    8.97814
8.97567    8.97814
8.99631    8.97814
9.03757    8.97814
9.05821    8.97814
9.12011    8.97814
9.16137    8.99701
9.18201    9.01587
9.22328    8.99701
9.24391    9.01587
9.30581    8.99701
9.32644    9.01587
9.34708    8.99701
9.36771    8.99701
9.38835    8.99701
9.42961    8.97814
9.45025    8.94042
9.47088    8.92156
9.49151    8.92156
9.51215    8.9027
9.53278    8.86497
9.55342    8.84611
9.57405    8.84611
9.59468    8.82725
9.59468    8.78953
9.63595    8.77067
9.65658    8.77067
9.67722    8.7518
9.69785    8.73294
9.69785    8.73294
9.73912    8.71408
9.75975    8.69522
9.78039    8.69522
9.80102    8.69522
9.82165    8.69522
9.86292    8.67636
9.88356    8.6575
9.90419    8.67636
9.92482    8.6575
9.94546    8.67636
9.98672    8.6575
10.0074    8.67636
10.028    8.6575
10.0486    8.67636
10.0693    8.6575
10.1105    8.67636
10.1312    8.6575
10.1518    8.67636
10.1724    8.6575
10.1931    8.6575
10.2137    8.63863
10.2137    8.61977
10.2343    8.61977
10.2343    8.61977
10.255    8.60091
10.255    8.56319
10.255    8.54433
10.255    8.54433
10.2756    8.52546
10.2756    8.5066
10.2756    8.48774
10.2962    8.45002
10.2962    8.43116
10.2962    8.43116
10.2962    8.41229
10.3169    8.37457
10.3375    8.35571
10.3375    8.37457
10.3581    8.33685
10.3581    8.33685
10.3788    8.31799
10.3994    8.33685
10.3994    8.29912
10.42    8.29912
10.4407    8.29912
10.4613    8.29912
10.4613    8.29912
10.4819    8.29912
10.4819    8.29912
10.5026    8.29912
10.5232    8.29912
10.5438    8.29912
10.5438    8.29912
10.5645    8.29912
10.5851    8.29912
10.6057    8.29912
10.6264    8.29912
10.6264    8.29912
10.647    8.29912
10.647    8.29912
10.6676    8.28026
10.6676    8.29912
10.6883    8.28026
10.6883    8.29912
10.7089    8.2614
10.7295    8.24254
10.7295    8.2614
10.7295    8.24254
10.7295    8.24254
10.7502    8.22368
10.7502    8.18595
10.7708    8.16709
10.7708    8.16709
10.7708    8.16709
10.7708    8.14823
10.7914    8.11051
10.7914    8.09165
10.8121    8.09165
10.8121    8.09165
10.8121    8.07278
10.8327    8.03506
10.8327    8.0162
10.8533    8.03506
10.8533    7.99734
10.8533    7.99734
10.874    7.97848
10.874    7.99734
10.8946    7.97848
10.8946    7.97848
10.9152    7.97848
10.9152    7.97848
10.9359    7.97848
10.9359    7.97848
10.9565    7.97848
10.9565    7.97848
10.9771    7.97848
10.9771    7.97848
10.9978    7.97848
10.9978    7.97848
11.0184    7.97848
11.039    7.97848
11.039    7.97848
11.0597    7.97848
11.0597    7.97848
11.0803    7.97848
11.1009    7.97848
11.1009    7.97848
11.1216    7.97848
11.1216    7.97848
11.1216    7.97848
11.1422    7.97848
11.1422    7.95961
11.1422    7.94075
11.1628    7.95961
11.1628    7.92189
11.1628    7.90303
11.1628    7.90303
11.1628    7.90303
11.1628    7.88417
11.1628    7.86531
11.1628    7.84644
11.1422    7.82758
11.1422    7.82758
11.1422    7.80872
11.1422    7.771
11.1422    7.75214
11.1422    7.75214
11.1422    7.73327
11.1216    7.71441
11.1216    7.71441
11.1422    7.67669
11.1422    7.65783
11.1422    7.63897
11.1422    7.63897
11.1422    7.63897
11.1422    7.62011
11.1628    7.60124
11.1628    7.60124
11.1628    7.60124
11.1628    7.60124
11.1835    7.58238
11.2041    7.56352
11.2041    7.58238
11.2247    7.56352
11.2454    7.58238
11.266    7.58238
11.2866    7.58238
11.2866    7.58238
11.3073    7.58238
11.3279    7.60124
11.3485    7.62011
11.3692    7.60124
11.3898    7.62011
11.3898    7.60124
11.4105    7.62011
11.4311    7.60124
11.4517    7.60124
11.4517    7.60124
11.4724    7.60124
11.4724    7.60124
11.493    7.58238
11.5136    7.54466
11.5136    7.54466
11.5343    7.5258
11.5343    7.5258
11.5549    7.50694
11.5755    7.48807
11.5962    7.48807
11.5962    7.46921
11.6168    7.43149
11.6374    7.41263
11.6581    7.41263
11.6787    7.39377
11.6993    7.35604
11.72    7.33718
11.7612    7.33718
11.7819    7.33718
11.7819    7.33718
11.8025    7.33718
11.8231    7.31832
11.8644    7.29946
11.885    7.31832
11.9057    7.29946
11.9263    7.31832
11.9676    7.29946
12.0088    7.31832
12.0501    7.31832
12.0707    7.31832
12.112    7.33718
12.1326    7.35604
12.1945    7.35604
12.2152    7.35604
12.2564    7.35604
12.2771    7.35604
12.2977    7.33718
12.3596    7.35604
12.4009    7.33718
12.4215    7.33718
12.4628    7.33718
12.4834    7.33718
12.5453    7.31832
12.5866    7.29946
12.6278    7.29946
12.6691    7.29946
12.6897    7.29946
12.7516    7.29946
12.7929    7.29946
12.8135    7.29946
12.8342    7.29946
12.8754    7.31832
12.9167    7.31832
12.9373    7.31832
12.958    7.33718
12.9786    7.35604
