7.73765    8.20482
7.73765    8.20482
7.73765    8.20482
7.75828    8.20482
7.73765    8.20482
7.75828    8.20482
7.75828    8.20482
7.75828    8.20482
7.75828    8.20482
7.75828    8.20482
7.77892    8.20482
7.82018    8.20482
7.84082    8.20482
7.82018    8.20482
7.86145    8.20482
7.88208    8.20482
7.90272    8.18595
7.94398    8.18595
7.96462    8.16709
7.96462    8.16709
7.98525    8.16709
8.04715    8.12937
8.06779    8.11051
8.10905    8.11051
8.12969    8.09165
8.15032    8.09165
8.21222    8.07278
8.23286    8.07278
8.27412    8.07278
8.31539    8.05392
8.35666    8.05392
8.41856    8.05392
8.43919    8.05392
8.5011    8.05392
8.52173    8.05392
8.563    8.05392
8.64553    8.07278
8.6868    8.07278
8.72807    8.07278
8.76933    8.07278
8.8106    8.07278
8.8725    8.07278
8.91377    8.05392
8.9344    8.05392
8.99631    8.05392
9.01694    8.03506
9.12011    8.0162
9.14074    7.99734
9.20264    7.99734
9.24391    7.99734
9.28518    7.97848
9.36771    7.95961
9.40898    7.95961
9.45025    7.95961
9.49151    7.94075
9.53278    7.94075
9.59468    7.92189
9.65658    7.90303
9.67722    7.90303
9.73912    7.88417
9.75975    7.88417
9.84229    7.86531
9.88356    7.84644
9.92482    7.84644
9.96609    7.82758
10.0074    7.80872
10.0693    7.78986
10.0899    7.771
10.1312    7.75214
10.1518    7.73327
10.1724    7.71441
10.2343    7.67669
10.255    7.63897
10.2962    7.62011
10.3375    7.60124
10.3581    7.58238
10.3994    7.54466
10.4407    7.5258
10.4819    7.50694
10.5026    7.48807
10.5438    7.46921
10.6057    7.45035
10.6264    7.43149
10.6883    7.43149
10.6883    7.41263
10.7295    7.41263
10.7914    7.39377
10.8533    7.39377
10.8533    7.3749
10.8946    7.3749
10.9152    7.35604
10.9978    7.33718
11.0184    7.31832
11.039    7.29946
11.0803    7.2806
11.1009    7.26173
11.1422    7.24287
11.1835    7.22401
11.2041    7.20515
11.2454    7.18629
11.2866    7.16743
11.3485    7.1297
11.3692    7.11084
11.4105    7.09198
11.4311    7.07312
11.4517    7.05426
11.5343    7.03539
11.5755    7.01653
11.5962    6.99767
11.6168    6.99767
11.6581    6.99767
11.7406    6.97881
11.7819    6.95995
11.8231    6.95995
11.8644    6.95995
11.9057    6.95995
11.9882    6.95995
12.0295    6.95995
12.0707    6.95995
12.112    6.97881
12.1533    6.97881
12.2152    6.97881
12.2358    6.99767
12.2977    6.99767
12.3183    6.99767
12.3802    6.99767
12.4421    7.01653
12.504    7.03539
12.5247    7.05426
12.5659    7.07312
12.6072    7.09198
12.6691    7.1297
12.7104    7.14856
12.731    7.16743
12.7929    7.18629
12.8135    7.22401
12.8754    7.2806
12.9167    7.29946
12.958    7.31832
