7.46941    8.56319
7.46941    8.56319
7.46941    8.56319
7.49004    8.56319
7.49004    8.56319
7.51068    8.56319
7.49004    8.56319
7.51068    8.56319
7.51068    8.56319
7.51068    8.56319
7.53131    8.58205
7.55194    8.58205
7.55194    8.58205
7.55194    8.58205
7.55194    8.58205
7.55194    8.58205
7.57258    8.56319
7.61385    8.54433
7.61385    8.54433
7.63448    8.54433
7.63448    8.54433
7.65511    8.52546
7.69638    8.5066
7.73765    8.52546
7.75828    8.5066
7.77892    8.52546
7.84082    8.5066
7.86145    8.52546
7.90272    8.52546
7.94398    8.52546
7.96462    8.52546
8.02652    8.54433
8.06779    8.56319
8.08842    8.54433
8.10905    8.56319
8.15032    8.54433
8.21222    8.56319
8.23286    8.52546
8.27412    8.52546
8.31539    8.52546
8.33603    8.5066
8.39793    8.5066
8.45983    8.48774
8.48046    8.45002
8.52173    8.45002
8.563    8.43116
8.64553    8.45002
8.66617    8.41229
8.6868    8.41229
8.7487    8.41229
8.76933    8.39343
8.85187    8.41229
8.91377    8.37457
8.9344    8.37457
8.97567    8.37457
9.03757    8.35571
9.07884    8.37457
9.12011    8.35571
9.16137    8.35571
9.18201    8.35571
9.22328    8.33685
9.28518    8.31799
9.30581    8.31799
9.34708    8.31799
9.38835    8.29912
9.42961    8.28026
9.49151    8.2614
9.51215    8.24254
9.55342    8.22368
9.59468    8.20482
9.61532    8.20482
9.67722    8.18595
9.71849    8.16709
9.75975    8.16709
9.80102    8.14823
9.84229    8.12937
9.90419    8.12937
9.92482    8.11051
9.98672    8.07278
10.0074    8.07278
10.0693    8.05392
10.1312    8.05392
10.1724    8.03506
10.2137    7.99734
10.2343    7.97848
10.255    7.99734
10.3169    7.94075
10.3375    7.94075
10.3788    7.92189
10.3994    7.88417
10.42    7.86531
10.4819    7.84644
10.5026    7.80872
10.5438    7.771
10.5645    7.75214
10.5851    7.75214
10.6676    7.73327
10.6883    7.69555
10.7089    7.67669
10.7502    7.67669
10.7708    7.67669
10.8121    7.63897
10.8533    7.62011
10.874    7.60124
10.9359    7.60124
10.9565    7.60124
11.0184    7.56352
11.0184    7.54466
11.039    7.5258
11.0803    7.5258
11.1009    7.50694
11.1216    7.45035
11.1628    7.45035
11.1835    7.43149
11.1835    7.39377
11.1835    7.3749
11.2247    7.33718
11.2454    7.31832
11.266    7.2806
11.266    7.26173
11.2866    7.24287
11.3279    7.18629
11.3485    7.18629
11.3485    7.16743
11.3692    7.14856
11.4105    7.14856
11.4517    7.1297
11.4724    7.09198
11.4724    7.09198
11.493    7.07312
11.5343    7.09198
11.5962    7.07312
11.6168    7.07312
11.6581    7.07312
11.6787    7.07312
11.6787    7.07312
11.72    7.05426
11.7406    7.03539
11.7819    7.05426
11.8231    7.03539
11.8438    7.03539
11.8644    7.03539
11.9057    7.01653
11.9263    6.99767
11.9469    6.99767
11.9882    6.99767
12.0295    6.97881
12.0707    6.95995
12.0914    6.95995
12.112    6.95995
12.1533    6.95995
12.1945    6.95995
12.2358    6.95995
12.2564    6.95995
12.2771    6.95995
12.3183    6.95995
12.3802    6.97881
12.4009    6.95995
12.4421    6.99767
12.4834    6.99767
12.5247    7.01653
12.5866    7.01653
12.6072    7.01653
12.6485    7.03539
12.6897    7.05426
12.7104    7.05426
12.7516    7.05426
12.7929    7.07312
12.8342    7.09198
12.8548    7.09198
12.9167    7.09198
