7.59321    4.50793
7.59321    4.5268
7.59321    4.5268
7.59321    4.5268
7.59321    4.5268
7.59321    4.54566
7.59321    4.54566
7.61385    4.54566
7.61385    4.54566
7.63448    4.54566
7.61385    4.54566
7.65511    4.54566
7.65511    4.54566
7.67575    4.54566
7.67575    4.54566
7.67575    4.5268
7.69638    4.50793
7.73765    4.50793
7.75828    4.48907
7.75828    4.48907
7.77892    4.47021
7.82018    4.43249
7.82018    4.41363
7.84082    4.41363
7.84082    4.39476
7.86145    4.39476
7.90272    4.3759
7.92335    4.3759
7.92335    4.3759
7.94398    4.35704
7.98525    4.35704
8.02652    4.35704
8.04715    4.35704
8.04715    4.3759
8.06779    4.3759
8.10905    4.39476
8.15032    4.41363
8.19159    4.43249
8.21222    4.45135
8.21222    4.47021
8.23286    4.47021
8.29476    4.48907
8.31539    4.48907
8.35666    4.50793
8.37729    4.50793
8.39793    4.50793
8.45983    4.50793
8.45983    4.50793
8.5011    4.50793
8.52173    4.50793
8.563    4.48907
8.64553    4.48907
8.66617    4.47021
8.6868    4.47021
8.72807    4.47021
8.76933    4.47021
8.8106    4.48907
8.85187    4.48907
8.8725    4.48907
8.8725    4.50793
8.89314    4.50793
8.95504    4.54566
8.95504    4.56452
8.97567    4.58338
9.01694    4.60224
9.03757    4.6211
9.05821    4.67769
9.09947    4.69655
9.12011    4.69655
9.12011    4.71541
9.14074    4.73427
9.20264    4.73427
9.22328    4.73427
9.26454    4.73427
9.28518    4.73427
9.30581    4.73427
9.36771    4.73427
9.38835    4.71541
9.45025    4.71541
9.47088    4.69655
9.51215    4.69655
9.57405    4.67769
9.59468    4.67769
9.63595    4.67769
9.67722    4.67769
9.69785    4.67769
9.73912    4.69655
9.75975    4.69655
9.80102    4.71541
9.82165    4.73427
9.82165    4.73427
9.86292    4.79086
9.88356    4.80972
9.92482    4.82858
9.94546    4.8663
9.94546    4.88517
9.96609    4.94175
10.0074    4.96061
10.028    4.97947
10.0486    4.99834
10.0899    5.0172
10.1312    5.03606
10.1518    5.03606
10.1724    5.03606
10.2137    5.05492
10.255    5.05492
10.3169    5.07378
10.3169    5.07378
10.3581    5.07378
10.3788    5.09264
10.42    5.09264
10.4819    5.13037
10.4819    5.14923
10.5026    5.14923
10.5232    5.16809
10.5232    5.18695
10.5438    5.22468
10.5851    5.24354
10.5851    5.2624
10.6057    5.28126
10.5851    5.30012
10.6264    5.33785
10.647    5.35671
10.6264    5.35671
10.6676    5.37557
10.6883    5.37557
10.7089    5.39443
10.7295    5.39443
10.7502    5.39443
10.7914    5.39443
10.8121    5.39443
10.8533    5.39443
10.874    5.39443
10.9152    5.39443
10.9565    5.39443
10.9771    5.39443
11.0184    5.41329
11.039    5.41329
11.0803    5.43215
11.1009    5.43215
11.1009    5.45102
11.1422    5.46988
11.1628    5.48874
11.1835    5.5076
11.1835    5.5076
11.1835    5.52646
11.2041    5.56419
11.2247    5.58305
11.2247    5.60191
11.2247    5.62077
11.2454    5.62077
11.2866    5.63963
11.3073    5.65849
11.3073    5.67736
11.3073    5.67736
11.3279    5.67736
11.3898    5.69622
11.3898    5.69622
11.4105    5.71508
11.4517    5.71508
11.4724    5.71508
11.493    5.71508
11.5343    5.73394
11.5549    5.73394
11.5549    5.7528
11.5549    5.7528
11.5755    5.79053
11.6168    5.79053
11.6168    5.80939
11.6168    5.82825
11.6168    5.82825
11.6168    5.86597
11.6168    5.88483
11.6168    5.9037
11.6168    5.9037
11.6168    5.92256
11.6168    5.96028
11.6168    5.96028
11.6168    5.97914
11.6168    5.998
11.6374    5.998
11.6168    6.03573
11.6581    6.03573
11.6581    6.05459
11.6787    6.05459
11.6787    6.07345
11.6993    6.09231
11.7406    6.09231
11.7612    6.11117
11.7612    6.11117
11.7819    6.13004
11.8438    6.1489
11.8438    6.16776
11.8438    6.16776
11.8644    6.18662
11.885    6.18662
11.885    6.20548
11.885    6.22434
11.885    6.22434
11.885    6.22434
11.885    6.2432
11.885    6.26207
11.8644    6.26207
11.885    6.26207
11.8644    6.28093
11.8644    6.28093
11.8438    6.29979
11.8231    6.29979
11.8438    6.31865
11.8231    6.31865
11.8438    6.31865
11.8438    6.33751
11.8438    6.33751
11.8644    6.33751
11.885    6.33751
11.885    6.33751
11.9263    6.33751
11.9263    6.33751
11.9469    6.35637
11.9676    6.35637
11.9469    6.35637
11.9676    6.35637
11.9469    6.37524
11.9676    6.37524
11.9469    6.37524
11.9676    6.3941
11.9263    6.3941
11.9057    6.3941
11.9057    6.3941
11.9057    6.3941
11.885    6.3941
11.8438    6.3941
11.8231    6.3941
11.8438    6.3941
11.8231    6.41296
11.8231    6.41296
11.8231    6.41296
11.8231    6.41296
11.8231    6.41296
11.8231    6.43182
11.8231    6.43182
11.8231    6.43182
11.8438    6.45068
11.8231    6.45068
11.8644    6.45068
11.885    6.46954
11.9057    6.46954
11.9263    6.48841
11.9263    6.48841
11.9469    6.48841
11.9676    6.48841
11.9676    6.50727
11.9882    6.50727
12.0088    6.52613
11.9882    6.52613
12.0088    6.52613
11.9882    6.56385
12.0088    6.56385
11.9882    6.58271
12.0088    6.58271
11.9882    6.60158
12.0295    6.62044
12.0501    6.62044
12.0295    6.62044
12.0707    6.62044
12.0914    6.62044
12.112    6.60158
12.1533    6.58271
12.1739    6.58271
12.1945    6.56385
12.2358    6.56385
12.2771    6.54499
12.2977    6.54499
12.3183    6.54499
12.3596    6.54499
12.3802    6.54499
12.4009    6.54499
12.4421    6.56385
12.4628    6.56385
12.4834    6.56385
12.5247    6.58271
12.5659    6.60158
12.5866    6.62044
12.6072    6.62044
12.6485    6.6393
12.6691    6.6393
12.7104    6.6393
12.7516    6.6393
12.7723    6.6393
12.8135    6.62044
12.8342    6.60158
12.8754    6.56385
