7.67575    8.95928
7.67575    8.97814
7.67575    8.95928
7.69638    8.97814
7.69638    8.95928
7.69638    8.97814
7.69638    8.97814
7.71701    8.97814
7.71701    8.97814
7.71701    8.97814
7.73765    8.99701
7.75828    9.01587
7.77892    9.01587
7.77892    9.01587
7.77892    9.01587
7.79955    9.03473
7.82018    9.05359
7.84082    9.03473
7.84082    9.05359
7.86145    9.03473
7.88208    9.05359
7.90272    9.03473
7.92335    9.03473
7.94398    9.03473
7.96462    9.03473
7.98525    9.01587
8.02652    8.97814
8.04715    8.95928
8.06779    8.95928
8.10905    8.95928
8.12969    8.94042
8.19159    8.9027
8.21222    8.88384
8.23286    8.9027
8.27412    8.88384
8.29476    8.88384
8.35666    8.88384
8.39793    8.88384
8.43919    8.88384
8.45983    8.88384
8.5011    8.88384
8.58363    8.86497
8.6249    8.86497
8.66617    8.86497
8.70743    8.86497
8.7487    8.86497
8.83124    8.86497
8.8725    8.86497
8.91377    8.86497
8.95504    8.86497
8.97567    8.84611
9.05821    8.84611
9.09947    8.84611
9.14074    8.82725
9.16137    8.78953
9.20264    8.77067
9.24391    8.77067
9.28518    8.7518
9.30581    8.71408
9.32644    8.71408
9.36771    8.69522
9.40898    8.69522
9.45025    8.69522
9.47088    8.67636
9.51215    8.6575
9.55342    8.6575
9.61532    8.63863
9.65658    8.61977
9.67722    8.61977
9.71849    8.60091
9.75975    8.58205
9.82165    8.58205
9.86292    8.56319
9.90419    8.54433
9.94546    8.54433
9.98672    8.54433
10.0486    8.52546
10.0899    8.48774
10.1312    8.46888
10.1724    8.46888
10.1931    8.46888
10.255    8.43116
10.2962    8.41229
10.3169    8.39343
10.3375    8.37457
10.3788    8.35571
10.4407    8.33685
10.4613    8.29912
10.4819    8.28026
10.5232    8.28026
10.5438    8.2614
10.6057    8.22368
10.6264    8.20482
10.6676    8.20482
10.6883    8.20482
10.7089    8.18595
10.7708    8.14823
10.7914    8.12937
10.8121    8.14823
10.8327    8.12937
10.874    8.12937
10.9152    8.11051
10.9359    8.09165
10.9771    8.09165
10.9978    8.09165
11.0184    8.09165
11.0803    8.07278
11.1009    8.05392
11.1216    8.05392
11.1422    8.05392
11.1835    8.03506
11.2247    7.99734
11.2454    7.97848
11.266    7.97848
11.2866    7.97848
11.2866    7.95961
11.3279    7.90303
11.3279    7.90303
11.3485    7.88417
11.3692    7.86531
11.3692    7.86531
11.3898    7.82758
11.4105    7.80872
11.4311    7.771
11.4311    7.771
11.4517    7.75214
11.493    7.73327
11.5136    7.71441
11.5343    7.71441
11.5549    7.69555
11.5755    7.67669
11.6168    7.67669
11.6374    7.65783
11.6581    7.63897
11.6787    7.65783
11.72    7.63897
11.5755    7.56352
11.5962    7.56352
11.5962    7.56352
11.6168    7.54466
11.6581    7.5258
11.6993    7.5258
11.72    7.5258
11.72    7.5258
11.7406    7.5258
11.7819    7.5258
11.8025    7.5258
11.8025    7.54466
11.8231    7.5258
11.8644    7.5258
11.885    7.5258
11.9057    7.50694
11.9263    7.50694
11.9469    7.50694
11.9676    7.50694
11.9882    7.48807
12.0914    7.33718
12.112    7.33718
12.1533    7.33718
12.1533    7.31832
12.1739    7.31832
12.1739    7.31832
12.1945    7.31832
12.2152    7.29946
12.2358    7.29946
12.2564    7.29946
12.2771    7.29946
12.3183    7.29946
12.3596    7.29946
12.3802    7.29946
12.4009    7.31832
12.4628    7.31832
12.4834    7.31832
12.5247    7.31832
12.5453    7.31832
12.5453    7.31832
12.5866    7.31832
12.6072    7.31832
12.6278    7.31832
12.6278    7.31832
12.6485    7.31832
12.6897    7.31832
12.7104    7.33718
12.7104    7.33718
12.731    7.33718
12.7516    7.35604
12.7929    7.3749

