7.11864    8.86497
7.11864    8.82725
7.098    8.80839
7.11864    8.80839
7.098    8.78953
7.098    8.7518
7.098    8.73294
7.098    8.73294
7.098    8.71408
7.098    8.69522
7.098    8.69522
7.11864    8.67636
7.11864    8.63863
7.11864    8.61977
7.11864    8.61977
7.11864    8.61977
7.11864    8.58205
7.11864    8.56319
7.11864    8.54433
7.11864    8.54433
7.13927    8.54433
7.13927    8.5066
7.13927    8.5066
7.1599    8.5066
7.1599    8.5066
7.18054    8.5066
7.18054    8.52546
7.18054    8.52546
7.20117    8.52546
7.2218    8.54433
7.2218    8.56319
7.24244    8.58205
7.26307    8.60091
7.28371    8.60091
7.30434    8.60091
7.32497    8.60091
7.36624    8.61977
7.36624    8.63863
7.38687    8.61977
7.40751    8.63863
7.44878    8.61977
7.49004    8.61977
7.51068    8.61977
7.53131    8.60091
7.57258    8.58205
7.59321    8.58205
7.63448    8.56319
7.65511    8.54433
7.69638    8.54433
7.71701    8.54433
7.73765    8.54433
7.79955    8.52546
7.82018    8.5066
7.86145    8.5066
7.88208    8.5066
7.92335    8.5066
7.98525    8.5066
8.02652    8.5066
8.04715    8.5066
8.08842    8.5066
8.12969    8.5066
8.19159    8.52546
8.21222    8.5066
8.25349    8.52546
8.27412    8.5066
8.31539    8.52546
8.37729    8.5066
8.39793    8.52546
8.43919    8.5066
8.45983    8.5066
8.48046    8.5066
8.54236    8.48774
8.563    8.46888
8.60426    8.46888
8.6249    8.46888
8.66617    8.46888
8.70743    8.46888
8.7487    8.46888
8.76933    8.46888
8.8106    8.46888
8.83124    8.46888
8.89314    8.48774
8.9344    8.46888
8.95504    8.48774
8.97567    8.48774
9.01694    8.48774
9.05821    8.48774
9.09947    8.48774
9.12011    8.48774
9.14074    8.48774
9.16137    8.48774
9.20264    8.46888
9.22328    8.48774
9.24391    8.45002
9.26454    8.45002
9.28518    8.43116
9.32644    8.45002
9.34708    8.43116
9.38835    8.45002
9.40898    8.43116
9.42961    8.45002
9.49151    8.43116
9.53278    8.45002
9.55342    8.43116
9.59468    8.45002
9.61532    8.45002
9.67722    8.46888
9.69785    8.48774
9.71849    8.46888
9.75975    8.48774
9.78039    8.48774
9.82165    8.48774
9.84229    8.48774
9.88356    8.46888
9.90419    8.48774
9.92482    8.46888
9.96609    8.46888
9.98672    8.45002
10.0074    8.43116
10.028    8.43116
10.0486    8.41229
10.0693    8.37457
10.0899    8.35571
10.1105    8.35571
10.1312    8.33685
10.1518    8.31799
10.1931    8.29912
10.2137    8.28026
10.2343    8.28026
10.255    8.2614
10.2756    8.24254
10.3169    8.22368
10.3375    8.20482
10.3788    8.20482
10.3994    8.18595
10.42    8.16709
10.4819    8.16709
10.5026    8.14823
10.5232    8.12937
10.5438    8.12937
10.5851    8.12937
10.6264    8.09165
10.647    8.07278
10.6676    8.05392
10.6883    8.05392
10.7089    8.03506
10.7502    7.97848
10.7708    7.97848
10.7708    7.94075
10.7914    7.92189
10.8121    7.88417
10.8327    7.84644
10.8327    7.82758
10.8533    7.82758
10.874    7.80872
10.874    7.771
10.9152    7.73327
10.9359    7.71441
10.9359    7.71441
10.9565    7.69555
10.9771    7.67669
11.0184    7.65783
11.039    7.63897
11.0597    7.63897
11.0803    7.62011
11.1009    7.60124
11.1216    7.60124
11.1422    7.58238
11.1628    7.56352
11.1835    7.56352
11.1835    7.54466
11.2247    7.50694
11.2247    7.48807
11.2454    7.48807
11.2454    7.46921
11.266    7.45035
11.2866    7.43149
11.2866    7.39377
11.2866    7.3749
11.3073    7.3749
11.3073    7.3749
11.3279    7.35604
11.3485    7.31832
11.3692    7.31832
11.3692    7.29946
11.3898    7.31832
11.4105    7.29946
11.4311    7.29946
11.4517    7.29946
11.4517    7.29946
11.4724    7.29946
11.493    7.2806
11.5136    7.26173
11.5136    7.2806
11.5136    7.26173
11.5343    7.26173
11.5343    7.24287
11.5343    7.22401
11.5343    7.22401
11.5549    7.22401
11.5549    7.20515
11.5549    7.18629
11.5755    7.18629
11.5755    7.18629
11.5755    7.16743
11.5962    7.14856
11.6168    7.16743
11.6168    7.14856
11.6374    7.16743
11.6374    7.14856
11.6581    7.16743
11.6787    7.16743
11.6993    7.16743
11.72    7.16743
11.72    7.16743
11.7406    7.16743
11.7612    7.16743
11.7819    7.16743
11.8025    7.16743
11.8025    7.16743
11.8231    7.14856
11.8438    7.14856
11.8644    7.14856
11.8644    7.14856
11.885    7.1297
11.9057    7.11084
11.9263    7.11084
11.9469    7.09198
11.9469    7.07312
11.9676    7.07312
11.9882    7.07312
12.0295    7.07312
12.0501    7.07312
12.0707    7.07312
12.0707    7.07312
12.0914    7.07312
12.1326    7.07312
12.1533    7.07312
12.1739    7.07312
12.1945    7.07312
12.2152    7.07312
12.2564    7.07312
12.2771    7.07312
12.2977    7.07312
12.3183    7.07312
12.3596    7.07312
12.4009    7.07312
12.4215    7.07312
12.4628    7.05426
12.4834    7.03539
12.504    7.05426
12.5659    7.03539
12.6072    7.03539
12.6278    7.03539
12.6691    7.05426
12.6897    7.03539
12.7516    7.05426
12.7929    7.05426
12.8342    7.07312
12.8754    7.09198
12.8961    7.09198
12.958    7.11084
12.9992    7.14856
13.0199    7.16743
13.0611    7.14856
