6.93293    9.3931
6.95357    9.3931
6.9742    9.3931
6.9742    9.3931
6.9742    9.3931
6.99483    9.3931
7.01547    9.3931
7.01547    9.3931
7.0361    9.3931
7.05673    9.3931
7.07737    9.3931
7.11864    9.37424
7.13927    9.37424
7.13927    9.35538
7.1599    9.33651
7.18054    9.31765
7.20117    9.27993
7.24244    9.26107
7.24244    9.24221
7.26307    9.24221
7.28371    9.22335
7.30434    9.18562
7.30434    9.18562
7.32497    9.18562
7.34561    9.16676
7.36624    9.16676
7.40751    9.1479
7.40751    9.1479
7.42814    9.12904
7.42814    9.12904
7.44878    9.12904
7.51068    9.1479
7.51068    9.1479
7.53131    9.1479
7.57258    9.1479
7.59321    9.1479
7.63448    9.1479
7.65511    9.1479
7.69638    9.1479
7.71701    9.1479
7.73765    9.12904
7.79955    9.11018
7.82018    9.09131
7.86145    9.07245
7.88208    9.07245
7.88208    9.03473
7.94398    8.99701
7.98525    8.97814
8.02652    8.95928
8.04715    8.95928
8.06779    8.94042
8.12969    8.92156
8.15032    8.92156
8.19159    8.92156
8.23286    8.9027
8.27412    8.9027
8.33603    8.9027
8.35666    8.9027
8.39793    8.9027
8.43919    8.9027
8.48046    8.92156
8.52173    8.92156
8.563    8.94042
8.60426    8.94042
8.6249    8.94042
8.64553    8.94042
8.72807    8.92156
8.76933    8.92156
8.78997    8.92156
8.8106    8.9027
8.85187    8.88384
8.91377    8.86497
8.9344    8.84611
8.97567    8.84611
9.01694    8.82725
9.05821    8.82725
9.12011    8.80839
9.14074    8.80839
9.18201    8.78953
9.22328    8.78953
9.24391    8.78953
9.28518    8.77067
9.32644    8.77067
9.34708    8.77067
9.40898    8.77067
9.42961    8.77067
9.51215    8.77067
9.53278    8.77067
9.55342    8.77067
9.59468    8.77067
9.63595    8.7518
9.69785    8.7518
9.69785    8.73294
9.73912    8.73294
9.75975    8.71408
9.80102    8.69522
9.84229    8.67636
9.88356    8.6575
9.90419    8.63863
9.90419    8.63863
9.92482    8.61977
9.98672    8.60091
10.0074    8.60091
10.0486    8.58205
10.0693    8.58205
10.0693    8.58205
10.1105    8.58205
10.1518    8.58205
10.1724    8.58205
10.2137    8.60091
10.2343    8.60091
10.2756    8.61977
10.2962    8.63863
10.3375    8.6575
10.3788    8.6575
10.3994    8.67636
10.42    8.67636
10.4613    8.67636
10.4819    8.67636
10.4819    8.67636
10.5026    8.67636
10.5438    8.6575
10.5645    8.63863
10.5645    8.63863
10.5645    8.61977
10.5645    8.60091
10.5851    8.56319
10.6057    8.54433
10.5851    8.52546
10.6057    8.52546
10.6057    8.5066
10.6264    8.48774
10.647    8.46888
10.647    8.46888
10.6676    8.45002
10.7089    8.45002
10.7502    8.43116
10.7708    8.43116
10.7914    8.43116
10.8327    8.43116
10.874    8.43116
10.9152    8.43116
10.9565    8.43116
10.9771    8.43116
10.9771    8.41229
10.9978    8.41229
11.0597    8.39343
11.0803    8.37457
11.1009    8.37457
11.1216    8.35571
11.1422    8.33685
11.1628    8.31799
11.1835    8.29912
11.1835    8.28026
11.1835    8.2614
11.2041    8.24254
11.2454    8.20482
11.266    8.18595
11.266    8.16709
11.266    8.14823
11.2866    8.12937
11.3279    8.11051
11.3485    8.09165
11.3485    8.09165
11.3692    8.07278
11.4105    8.05392
11.4517    8.03506
11.4724    8.03506
11.493    8.03506
11.5343    8.0162
11.5549    8.0162
11.5755    7.99734
11.6168    7.99734
11.6374    7.97848
11.6374    7.97848
11.6581    7.95961
11.6993    7.94075
11.72    7.94075
11.72    7.92189
11.72    7.92189
11.7406    7.90303
11.7612    7.88417
11.7612    7.88417
11.7612    7.86531
11.7612    7.86531
11.7819    7.84644
11.8025    7.82758
11.7819    7.80872
11.7819    7.80872
11.7819    7.78986
11.7819    7.78986
11.7612    7.771
11.7406    7.75214
11.7406    7.73327
11.7406    7.71441
11.7406    7.71441
11.72    7.67669
11.6993    7.65783
11.72    7.63897
11.6993    7.62011
11.72    7.60124
11.72    7.58238
11.7406    7.56352
11.7612    7.56352
11.7612    7.54466
11.7819    7.54466
11.8231    7.5258
11.8438    7.5258
11.8644    7.5258
11.885    7.50694
11.885    7.50694
11.9263    7.48807
11.9469    7.46921
11.9676    7.46921
11.9676    7.45035
11.9882    7.45035
12.0088    7.41263
12.0088    7.41263
12.0295    7.39377
12.0501    7.39377
12.0501    7.39377
12.0707    7.3749
12.0914    7.3749
12.0914    7.3749
12.112    7.3749
12.1533    7.3749
12.1945    7.3749
12.2152    7.3749
12.2152    7.3749
12.2358    7.39377
12.2771    7.39377
12.3183    7.41263
12.339    7.43149
12.3596    7.43149
12.4009    7.43149
12.4215    7.45035
12.4421    7.45035
12.4834    7.46921
12.5247    7.46921
12.5453    7.46921
12.5453    7.46921
12.5866    7.48807
12.6278    7.48807
12.6485    7.48807
12.6897    7.48807
12.731    7.48807
12.7929    7.48807
12.7929    7.48807
