7.63448    9.69489
7.63448    9.69489
7.63448    9.69489
7.65511    9.67602
7.65511    9.67602
7.65511    9.67602
7.67575    9.67602
7.67575    9.67602
7.65511    9.67602
7.65511    9.67602
7.65511    9.69489
7.65511    9.69489
7.65511    9.69489
7.63448    9.69489
7.63448    9.69489
7.63448    9.69489
7.61385    9.67602
7.61385    9.67602
7.61385    9.67602
7.61385    9.65716
7.63448    9.65716
7.61385    9.6383
7.63448    9.6383
7.63448    9.6383
7.63448    9.61944
7.65511    9.61944
7.67575    9.60058
7.67575    9.60058
7.69638    9.60058
7.71701    9.58172
7.73765    9.58172
7.79955    9.58172
7.82018    9.56285
7.86145    9.56285
7.88208    9.56285
7.92335    9.54399
7.98525    9.54399
8.02652    9.54399
8.06779    9.54399
8.08842    9.54399
8.12969    9.54399
8.21222    9.54399
8.25349    9.54399
8.27412    9.52513
8.31539    9.52513
8.35666    9.50627
8.43919    9.48741
8.48046    9.46855
8.52173    9.44968
8.563    9.44968
8.60426    9.43082
8.6868    9.41196
8.72807    9.3931
8.76933    9.3931
8.78997    9.37424
8.83124    9.37424
8.91377    9.35538
8.95504    9.33651
8.99631    9.31765
9.03757    9.31765
9.07884    9.29879
9.14074    9.26107
9.18201    9.26107
9.22328    9.24221
9.26454    9.22335
9.30581    9.22335
9.36771    9.20448
9.40898    9.20448
9.42961    9.20448
9.47088    9.18562
9.49151    9.16676
9.55342    9.1479
9.59468    9.12904
9.61532    9.11018
9.65658    9.09131
9.67722    9.07245
9.73912    9.05359
9.78039    9.03473
9.80102    9.01587
9.84229    8.99701
9.86292    8.97814
9.92482    8.94042
9.94546    8.94042
9.96609    8.92156
9.98672    8.9027
10.0074    8.9027
10.0693    8.86497
10.0899    8.84611
10.1105    8.82725
10.1518    8.80839
10.1724    8.78953
10.2137    8.77067
10.255    8.7518
10.2756    8.73294
10.2962    8.73294
10.3169    8.71408
10.3788    8.69522
10.3994    8.67636
10.42    8.6575
10.4407    8.6575
10.4613    8.63863
10.5026    8.61977
10.5232    8.60091
10.5232    8.58205
10.5438    8.56319
10.5645    8.54433
10.5851    8.52546
10.6057    8.5066
10.6264    8.48774
10.6264    8.46888
10.647    8.45002
10.6676    8.41229
10.6883    8.39343
10.6883    8.37457
10.7089    8.37457
10.7295    8.35571
10.7502    8.31799
10.7708    8.31799
10.7914    8.29912
10.8121    8.28026
10.8121    8.28026
10.8533    8.2614
10.874    8.24254
10.8946    8.22368
10.9152    8.22368
10.9359    8.20482
10.9565    8.18595
10.9771    8.16709
10.9978    8.16709
11.0184    8.14823
11.0184    8.12937
11.039    8.09165
11.0597    8.07278
11.0597    8.07278
11.0803    8.05392
11.0803    8.03506
11.1009    7.99734
11.1009    7.99734
11.1216    7.97848
11.1216    7.95961
11.1422    7.94075
11.1628    7.92189
11.1835    7.90303
11.1835    7.90303
11.2041    7.88417
11.2247    7.88417
11.2454    7.86531
11.266    7.84644
11.2866    7.84644
11.2866    7.82758
11.3073    7.82758
11.3279    7.80872
11.3485    7.80872
11.3692    7.80872
11.3692    7.78986
11.3898    7.78986
11.4105    7.771
11.4311    7.771
11.4311    7.75214
11.4517    7.75214
11.4517    7.73327
11.4724    7.71441
11.493    7.71441
11.493    7.69555
11.493    7.67669
11.5136    7.67669
11.5136    7.65783
11.5136    7.63897
11.5343    7.63897
11.5343    7.62011
11.5343    7.60124
11.5549    7.58238
11.5549    7.58238
11.5755    7.56352
11.5755    7.56352
11.5962    7.54466
11.6168    7.54466
11.6168    7.5258
11.6374    7.5258
11.6374    7.50694
11.6581    7.50694
11.6787    7.50694
11.6993    7.48807
11.6993    7.48807
11.72    7.48807
11.7406    7.48807
11.7612    7.46921
11.7819    7.46921
11.7819    7.45035
11.8025    7.45035
11.8231    7.43149
11.8438    7.41263
11.8644    7.39377
11.885    7.39377
11.885    7.3749
11.9057    7.35604
11.9263    7.35604
11.9469    7.33718
11.9676    7.33718
11.9882    7.31832
12.0088    7.31832
12.0501    7.31832
12.0707    7.29946
12.0914    7.29946
12.112    7.29946
12.1326    7.29946
12.1739    7.29946
12.1945    7.31832
12.2152    7.31832
12.2358    7.31832
12.2771    7.31832
12.3183    7.33718
12.339    7.33718
12.3596    7.35604
12.3802    7.35604
12.4215    7.35604
12.4628    7.3749
12.4834    7.39377
12.5247    7.39377
12.5453    7.41263
12.5866    7.41263
12.6278    7.43149
12.6691    7.43149
12.6897    7.43149
12.7104    7.45035
12.7516    7.45035
12.7929    7.46921
12.8342    7.46921
12.8548    7.48807
12.8754    7.48807
