7.24244    9.61944
7.24244    9.6383
7.24244    9.61944
7.24244    9.61944
7.24244    9.61944
7.24244    9.61944
7.24244    9.6383
7.24244    9.6383
7.24244    9.6383
7.24244    9.6383
7.26307    9.65716
7.24244    9.65716
7.26307    9.65716
7.24244    9.65716
7.26307    9.65716
7.24244    9.67602
7.26307    9.65716
7.26307    9.65716
7.26307    9.65716
7.26307    9.65716
7.26307    9.65716
7.26307    9.6383
7.26307    9.6383
7.26307    9.6383
7.26307    9.61944
7.26307    9.61944
7.26307    9.60058
7.28371    9.58172
7.30434    9.58172
7.28371    9.56285
7.30434    9.54399
7.30434    9.52513
7.30434    9.50627
7.30434    9.50627
7.32497    9.48741
7.34561    9.46855
7.34561    9.44968
7.34561    9.43082
7.36624    9.43082
7.40751    9.41196
7.40751    9.3931
7.44878    9.37424
7.46941    9.37424
7.46941    9.37424
7.49004    9.37424
7.51068    9.35538
7.55194    9.35538
7.55194    9.35538
7.57258    9.35538
7.61385    9.35538
7.63448    9.35538
7.65511    9.33651
7.69638    9.33651
7.71701    9.33651
7.71701    9.31765
7.73765    9.31765
7.77892    9.31765
7.79955    9.29879
7.79955    9.27993
7.82018    9.27993
7.86145    9.26107
7.88208    9.22335
7.88208    9.22335
7.90272    9.20448
7.94398    9.18562
7.96462    9.16676
7.98525    9.12904
8.02652    9.11018
8.04715    9.09131
8.04715    9.07245
8.04715    9.05359
8.08842    9.01587
8.10905    8.99701
8.15032    8.99701
8.17096    8.97814
8.17096    8.97814
8.21222    8.95928
8.23286    8.95928
8.27412    8.95928
8.31539    8.94042
8.33603    8.94042
8.35666    8.94042
8.39793    8.94042
8.41856    8.94042
8.41856    8.94042
8.43919    8.94042
8.5011    8.94042
8.52173    8.92156
8.563    8.92156
8.58363    8.9027
8.58363    8.9027
8.6249    8.88384
8.64553    8.86497
8.6868    8.86497
8.72807    8.84611
8.7487    8.82725
8.76933    8.80839
8.8106    8.80839
8.83124    8.80839
8.83124    8.78953
8.8725    8.78953
8.91377    8.78953
8.9344    8.77067
8.97567    8.77067
8.99631    8.77067
9.01694    8.77067
9.07884    8.78953
9.09947    8.78953
9.14074    8.78953
9.18201    8.78953
9.20264    8.80839
9.24391    8.80839
9.26454    8.80839
9.30581    8.80839
9.34708    8.80839
9.36771    8.80839
9.38835    8.80839
9.42961    8.80839
9.45025    8.78953
9.47088    8.78953
9.49151    8.78953
9.53278    8.77067
9.53278    8.7518
9.55342    8.73294
9.59468    8.73294
9.61532    8.71408
9.63595    8.69522
9.67722    8.69522
9.69785    8.67636
9.69785    8.67636
9.71849    8.6575
9.75975    8.63863
9.78039    8.63863
9.78039    8.61977
9.80102    8.61977
9.84229    8.61977
9.88356    8.60091
9.90419    8.58205
9.90419    8.58205
9.92482    8.58205
9.96609    8.56319
10.0074    8.56319
10.028    8.56319
10.028    8.56319
10.0486    8.54433
10.0693    8.54433
10.0899    8.52546
10.1105    8.52546
10.1105    8.5066
10.1312    8.48774
10.1518    8.48774
10.1518    8.45002
10.1724    8.43116
10.1931    8.43116
10.1724    8.41229
10.1931    8.39343
10.1931    8.37457
10.2137    8.35571
10.2343    8.35571
10.2137    8.33685
10.255    8.31799
10.255    8.29912
10.2756    8.29912
10.2756    8.28026
10.2756    8.28026
10.2962    8.2614
10.3375    8.24254
10.3581    8.24254
10.3581    8.24254
10.3581    8.22368
10.3788    8.22368
10.42    8.22368
10.4407    8.20482
10.4407    8.20482
10.4613    8.20482
10.4819    8.20482
10.5026    8.20482
10.5438    8.18595
10.5438    8.18595
10.5645    8.18595
10.5645    8.18595
10.5851    8.16709
10.6057    8.14823
10.6057    8.14823
10.6264    8.12937
10.647    8.12937
10.6676    8.11051
10.6883    8.09165
10.6883    8.07278
10.6883    8.07278
10.7089    8.05392
10.7502    8.03506
10.7502    8.0162
10.7708    8.0162
10.7502    7.99734
10.7708    7.97848
10.7708    7.95961
10.7914    7.95961
10.8121    7.95961
10.8121    7.94075
10.8121    7.94075
10.8327    7.94075
10.8533    7.92189
10.8327    7.92189
10.874    7.92189
10.874    7.92189
10.8946    7.90303
10.874    7.90303
10.8946    7.90303
10.8946    7.90303
10.8946    7.90303
10.9152    7.90303
10.9359    7.90303
10.9359    7.92189
10.9359    7.92189
10.9565    7.92189
10.9771    7.92189
10.9771    7.92189
10.9771    7.92189
10.9771    7.92189
10.9771    7.92189
10.9978    7.90303
11.0184    7.90303
11.0184    7.90303
11.0184    7.90303
11.0184    7.88417
11.0184    7.88417
11.0184    7.86531
11.039    7.86531
11.0597    7.84644
11.039    7.84644
11.0597    7.82758
11.039    7.82758
11.0597    7.80872
11.039    7.80872
11.0597    7.78986
11.0597    7.771
11.0597    7.771
11.0597    7.75214
11.0597    7.75214
11.0597    7.73327
11.0597    7.71441
11.0597    7.71441
11.0597    7.69555
11.0597    7.69555
11.0597    7.67669
11.0803    7.65783
11.1009    7.65783
11.0803    7.65783
11.1009    7.63897
11.1009    7.63897
11.1009    7.62011
11.1216    7.62011
11.1422    7.62011
11.1216    7.62011
11.1628    7.60124
11.1835    7.60124
11.1628    7.60124
11.2041    7.60124
11.2041    7.60124
11.2247    7.60124
11.2247    7.60124
11.2454    7.60124
11.266    7.60124
11.266    7.58238
11.266    7.58238
11.2866    7.58238
11.3073    7.58238
11.2866    7.58238
11.3073    7.58238
11.3073    7.58238
11.3073    7.56352
11.3279    7.56352
11.3485    7.56352
11.3279    7.56352
11.3692    7.56352
11.3692    7.54466
11.3898    7.54466
11.3692    7.54466
11.3898    7.5258
11.3898    7.5258
11.3898    7.50694
11.3898    7.50694
11.4105    7.48807
11.4311    7.48807
11.4105    7.46921
11.4311    7.45035
11.4311    7.45035
11.4311    7.45035
11.4311    7.43149
11.4311    7.43149
11.4517    7.41263
11.4724    7.41263
11.4724    7.41263
11.4724    7.39377
11.493    7.39377
11.5343    7.39377
11.5343    7.3749
11.5549    7.3749
11.5549    7.3749
11.5549    7.3749
11.5962    7.3749
11.5962    7.3749
11.6168    7.3749
11.6581    7.3749
11.6787    7.3749
11.6787    7.3749
11.6993    7.3749
11.7406    7.3749
11.7612    7.3749
11.7612    7.39377
11.7819    7.39377
11.8231    7.39377
11.8438    7.39377
11.8438    7.39377
11.8644    7.39377
11.9057    7.39377
11.9263    7.39377
11.9263    7.39377
11.9469    7.39377
11.9676    7.3749
11.9882    7.3749
12.0295    7.3749
12.0501    7.3749
12.0501    7.35604
12.0501    7.35604
12.0914    7.33718
12.112    7.33718
12.1533    7.31832
12.1739    7.31832
12.1739    7.29946
12.2152    7.29946
12.2358    7.29946
12.2771    7.29946
12.2977    7.29946
12.2977    7.29946
12.339    7.29946
12.3802    7.29946
12.4009    7.29946
12.4421    7.29946
12.4628    7.31832
12.504    7.33718
12.5453    7.35604
12.5659    7.35604
12.6072    7.3749
12.6278    7.3749
12.6691    7.39377
12.6897    7.41263
12.731    7.41263
12.7723    7.43149
12.7929    7.43149
12.8342    7.45035
