7.77892    10.0533
7.75828    10.0721
7.73765    10.0721
7.75828    10.0721
7.71701    10.0721
7.71701    10.091
7.69638    10.1098
7.71701    10.1098
7.69638    10.1098
7.71701    10.1287
7.69638    10.1476
7.71701    10.1476
7.69638    10.1476
7.69638    10.1287
7.69638    10.1287
7.69638    10.1287
7.69638    10.1287
7.69638    10.1287
7.69638    10.1287
7.69638    10.1287
7.69638    10.1287
7.69638    10.1098
7.69638    10.1098
7.69638    10.1098
7.69638    10.091
7.69638    10.091
7.69638    10.0721
7.69638    10.0533
7.69638    10.0533
7.69638    10.0533
7.71701    10.0344
7.71701    10.0344
7.71701    10.0344
7.71701    10.0344
7.73765    10.0344
7.75828    10.0155
7.77892    10.0155
7.79955    10.0155
7.82018    10.0155
7.84082    10.0155
7.84082    10.0155
7.88208    10.0155
7.90272    10.0155
7.94398    9.99667
7.96462    10.0155
7.96462    9.99667
8.00589    9.97781
8.00589    9.97781
8.02652    9.95895
8.06779    9.95895
8.06779    9.95895
8.10905    9.92123
8.12969    9.92123
8.12969    9.90236
8.12969    9.8835
8.15032    9.86464
8.21222    9.82692
8.21222    9.80806
8.21222    9.78919
8.23286    9.77033
8.27412    9.75147
8.29476    9.71375
8.31539    9.69489
8.35666    9.67602
8.37729    9.67602
8.37729    9.65716
8.41856    9.6383
8.45983    9.6383
8.48046    9.61944
8.52173    9.61944
8.54236    9.61944
8.58363    9.60058
8.6249    9.60058
8.64553    9.60058
8.70743    9.60058
8.72807    9.61944
8.78997    9.61944
8.8106    9.60058
8.85187    9.60058
8.8725    9.60058
8.8725    9.58172
8.9344    9.58172
8.97567    9.56285
8.99631    9.54399
9.01694    9.54399
9.05821    9.52513
9.09947    9.50627
9.14074    9.48741
9.16137    9.46855
9.18201    9.44968
9.22328    9.43082
9.28518    9.3931
9.28518    9.37424
9.32644    9.35538
9.34708    9.33651
9.38835    9.31765
9.45025    9.31765
9.47088    9.29879
9.51215    9.29879
9.55342    9.27993
9.57405    9.27993
9.61532    9.26107
9.65658    9.26107
9.69785    9.26107
9.71849    9.26107
9.78039    9.26107
9.82165    9.24221
9.84229    9.24221
9.88356    9.24221
9.90419    9.24221
9.92482    9.22335
9.98672    9.20448
9.98672    9.20448
10.0074    9.18562
10.028    9.18562
10.028    9.16676
10.0693    9.1479
10.0693    9.12904
10.0899    9.11018
10.1105    9.11018
10.1105    9.09131
10.1312    9.05359
10.1724    9.03473
10.1931    9.01587
10.1931    9.01587
10.1931    8.99701
10.2343    8.97814
10.255    8.95928
10.2962    8.95928
10.3169    8.94042
10.3169    8.94042
10.3581    8.92156
10.3788    8.9027
10.42    8.9027
10.4613    8.88384
10.4819    8.88384
10.5026    8.86497
10.5232    8.86497
10.5232    8.86497
10.5438    8.84611
10.5851    8.84611
10.6057    8.82725
10.6057    8.80839
10.6057    8.80839
10.6264    8.78953
10.647    8.77067
10.647    8.73294
10.647    8.73294
10.647    8.71408
10.6676    8.69522
10.6883    8.67636
10.6883    8.63863
10.6883    8.61977
10.7089    8.60091
10.7295    8.58205
10.7295    8.56319
10.7708    8.54433
10.7914    8.52546
10.8327    8.52546
10.8533    8.5066
10.8533    8.5066
10.8946    8.5066
10.9152    8.5066
10.9565    8.5066
10.9978    8.5066
11.0184    8.5066
11.039    8.5066
11.0803    8.5066
11.1009    8.5066
11.1009    8.5066
11.1216    8.48774
11.1628    8.48774
11.1835    8.48774
11.1628    8.46888
11.2041    8.45002
11.2041    8.45002
11.2247    8.41229
11.2247    8.41229
11.2247    8.39343
11.2454    8.37457
11.266    8.35571
11.266    8.31799
11.266    8.28026
11.266    8.2614
11.2866    8.24254
11.3073    8.22368
11.3073    8.18595
11.3279    8.16709
11.3485    8.14823
11.3485    8.12937
11.3485    8.12937
11.3692    8.11051
11.3898    8.09165
11.3898    8.09165
11.3898    8.09165
11.4105    8.07278
11.4517    8.07278
11.4724    8.07278
11.4724    8.07278
11.4724    8.07278
11.493    8.07278
11.5549    8.07278
11.5549    8.07278
11.5755    8.07278
11.5962    8.07278
11.5962    8.07278
11.6168    8.05392
11.6581    8.03506
11.6581    8.03506
11.6787    8.0162
11.6581    8.0162
11.6787    7.99734
11.6787    7.97848
11.6787    7.95961
11.6787    7.95961
11.6787    7.94075
11.6787    7.90303
11.6787    7.88417
11.6787    7.86531
11.6787    7.84644
11.6787    7.82758
11.6787    7.78986
11.6787    7.771
11.6787    7.75214
11.6993    7.73327
11.72    7.71441
11.72    7.69555
11.72    7.67669
11.7406    7.65783
11.7612    7.65783
11.7612    7.63897
11.7819    7.62011
11.8231    7.62011
11.8438    7.60124
11.8438    7.60124
11.8644    7.60124
11.9057    7.58238
11.9263    7.58238
11.9263    7.56352
11.9469    7.56352
11.9882    7.54466
12.0088    7.5258
12.0088    7.5258
12.0295    7.50694
12.0707    7.48807
12.0707    7.48807
12.112    7.45035
12.112    7.43149
12.1326    7.43149
12.1326    7.41263
12.1326    7.39377
12.1533    7.3749
12.1739    7.3749
12.1945    7.35604
12.2152    7.35604
12.2152    7.33718
12.2564    7.33718
12.2771    7.33718
12.2977    7.33718
12.3183    7.31832
12.3596    7.31832
12.4009    7.31832
12.4215    7.31832
12.4215    7.31832
12.4421    7.31832
12.4834    7.31832
12.5247    7.31832
12.5453    7.31832
12.5659    7.31832
12.6072    7.31832
12.6278    7.31832
12.6485    7.31832
12.6897    7.31832
12.731    7.31832
12.7516    7.31832
12.7516    7.31832
12.7929    7.33718
12.8135    7.33718
12.8548    7.33718
12.8961    7.33718
12.9167    7.33718
12.958    7.33718
12.9786    7.33718
13.0199    7.33718
