8.43919    9.54399
8.43919    9.54399
8.41856    9.54399
8.41856    9.54399
8.39793    9.54399
8.41856    9.54399
8.41856    9.54399
8.41856    9.54399
8.41856    9.52513
8.43919    9.54399
8.45983    9.54399
8.48046    9.54399
8.5011    9.54399
8.5011    9.54399
8.52173    9.54399
8.563    9.54399
8.60426    9.54399
8.6249    9.54399
8.64553    9.56285
8.6868    9.58172
8.72807    9.56285
8.76933    9.56285
8.78997    9.56285
8.8106    9.56285
8.85187    9.56285
8.8725    9.54399
8.91377    9.50627
8.9344    9.46855
8.97567    9.44968
9.01694    9.44968
9.03757    9.43082
9.07884    9.37424
9.09947    9.35538
9.16137    9.31765
9.18201    9.29879
9.22328    9.27993
9.28518    9.24221
9.30581    9.22335
9.34708    9.22335
9.38835    9.22335
9.40898    9.20448
9.47088    9.16676
9.51215    9.1479
9.55342    9.1479
9.59468    9.1479
9.61532    9.12904
9.67722    9.09131
9.73912    9.07245
9.78039    9.07245
9.82165    9.05359
9.84229    9.01587
9.94546    8.97814
9.96609    8.95928
10.0074    8.95928
10.028    8.92156
10.0486    8.9027
10.1312    8.82725
10.1724    8.80839
10.1931    8.78953
10.2137    8.73294
10.255    8.71408
10.3169    8.63863
10.3375    8.61977
10.3994    8.60091
10.3994    8.56319
10.4407    8.54433
10.5026    8.52546
10.5645    8.48774
10.5851    8.46888
10.6264    8.46888
10.647    8.46888
10.7089    8.43116
10.7502    8.41229
10.7914    8.37457
10.8327    8.35571
10.874    8.37457
10.9359    8.31799
10.9565    8.31799
10.9978    8.29912
11.0184    8.28026
11.039    8.2614
11.1009    8.22368
11.1009    8.20482
11.1216    8.18595
11.1628    8.14823
11.1835    8.12937
11.2041    8.09165
11.2247    8.07278
11.2247    8.03506
11.2454    7.99734
11.2866    7.97848
11.3073    7.94075
11.3073    7.90303
11.3279    7.88417
11.3692    7.84644
11.3898    7.80872
11.4105    7.771
11.4517    7.75214
11.4724    7.75214
11.493    7.75214
11.5343    7.73327
11.5755    7.67669
11.5962    7.67669
11.5962    7.65783
11.6168    7.63897
11.6581    7.63897
11.6993    7.62011
11.72    7.58238
11.72    7.58238
11.7406    7.56352
11.7819    7.58238
11.8231    7.5258
11.8438    7.5258
11.8438    7.50694
11.8644    7.48807
11.9057    7.48807
11.9469    7.45035
11.9676    7.43149
11.9676    7.39377
11.9882    7.39377
12.0088    7.3749
12.0295    7.35604
12.0501    7.33718
12.0707    7.33718
12.0914    7.33718
12.0914    7.31832
12.1326    7.29946
12.1533    7.31832
12.1945    7.2806
12.2152    7.2806
12.2152    7.2806
12.2564    7.2806
12.2771    7.2806
12.3183    7.2806
12.339    7.2806
12.339    7.2806
12.4009    7.2806
12.4421    7.2806
12.4628    7.2806
12.4834    7.2806
12.5247    7.2806
12.5659    7.2806
12.6072    7.2806
12.6278    7.2806
12.6485    7.2806
12.6897    7.2806
12.731    7.2806
12.7723    7.29946
12.7929    7.31832
