7.01547    4.69655
7.01547    4.71541
7.01547    4.69655
7.01547    4.73427
6.99483    4.73427
7.01547    4.75313
6.99483    4.73427
6.99483    4.772
6.99483    4.772
6.99483    4.772
6.99483    4.79086
6.99483    4.79086
6.99483    4.79086
6.99483    4.79086
6.99483    4.79086
6.99483    4.79086
7.01547    4.79086
7.01547    4.79086
7.01547    4.79086
7.0361    4.79086
7.0361    4.79086
7.05673    4.772
7.05673    4.79086
7.07737    4.772
7.07737    4.772
7.098    4.772
7.098    4.73427
7.11864    4.71541
7.11864    4.69655
7.13927    4.69655
7.1599    4.67769
7.18054    4.63996
7.20117    4.6211
7.2218    4.63996
7.24244    4.60224
7.26307    4.60224
7.30434    4.58338
7.32497    4.60224
7.34561    4.58338
7.36624    4.58338
7.40751    4.58338
7.46941    4.58338
7.49004    4.60224
7.53131    4.58338
7.57258    4.6211
7.59321    4.6211
7.65511    4.63996
7.69638    4.6211
7.71701    4.63996
7.73765    4.63996
7.75828    4.63996
7.82018    4.63996
7.84082    4.6211
7.88208    4.63996
7.90272    4.6211
7.92335    4.63996
7.98525    4.6211
8.00589    4.6211
8.02652    4.6211
8.06779    4.60224
8.08842    4.58338
8.12969    4.60224
8.17096    4.58338
8.19159    4.60224
8.21222    4.58338
8.23286    4.60224
8.29476    4.58338
8.31539    4.60224
8.33603    4.58338
8.37729    4.6211
8.39793    4.6211
8.45983    4.63996
8.48046    4.63996
8.52173    4.63996
8.54236    4.65883
8.563    4.69655
8.6249    4.71541
8.64553    4.71541
8.66617    4.71541
8.6868    4.71541
8.70743    4.71541
8.76933    4.71541
8.78997    4.71541
8.83124    4.71541
8.85187    4.69655
8.8725    4.71541
8.9344    4.67769
8.95504    4.65883
8.97567    4.65883
9.01694    4.65883
9.03757    4.63996
9.09947    4.60224
9.12011    4.58338
9.16137    4.60224
9.18201    4.58338
9.20264    4.58338
9.26454    4.58338
9.28518    4.60224
9.32644    4.58338
9.34708    4.60224
9.36771    4.60224
9.42961    4.6211
9.45025    4.65883
9.47088    4.67769
9.49151    4.67769
9.51215    4.69655
9.55342    4.73427
9.57405    4.75313
9.59468    4.73427
9.61532    4.772
9.65658    4.772
9.69785    4.79086
9.71849    4.79086
9.75975    4.79086
9.78039    4.79086
9.82165    4.79086
9.88356    4.79086
9.90419    4.79086
9.94546    4.79086
9.98672    4.79086
10.028    4.79086
10.0899    4.79086
10.1312    4.79086
10.1518    4.79086
10.1724    4.79086
10.2137    4.79086
10.255    4.80972
10.2756    4.82858
10.3169    4.82858
10.3375    4.82858
10.3581    4.82858
10.3994    4.8663
10.42    4.8663
10.4407    4.88517
10.4613    4.90403
10.4819    4.90403
10.5232    4.94175
10.5232    4.94175
10.5438    4.96061
10.5645    4.97947
10.5851    4.97947
10.6264    4.99834
10.647    5.0172
10.6676    5.0172
10.6883    5.0172
10.7089    5.03606
10.7502    5.05492
10.7708    5.05492
10.7914    5.05492
10.8121    5.07378
10.8327    5.09264
10.8946    5.09264
10.9152    5.09264
10.9565    5.11151
10.9771    5.13037
10.9978    5.11151
11.039    5.14923
11.0803    5.16809
11.1009    5.16809
11.1216    5.16809
11.1422    5.18695
11.1628    5.22468
11.1835    5.24354
11.1835    5.24354
11.2041    5.24354
11.2041    5.2624
11.2041    5.30012
11.2247    5.31898
11.2247    5.31898
11.2247    5.33785
11.2247    5.35671
11.2247    5.37557
11.2247    5.41329
11.2247    5.41329
11.2454    5.43215
11.2454    5.43215
11.266    5.45102
11.266    5.46988
11.2866    5.46988
11.2866    5.46988
11.3073    5.46988
11.3485    5.48874
11.3692    5.5076
11.3692    5.5076
11.3898    5.5076
11.4105    5.5076
11.4517    5.5076
11.493    5.52646
11.5136    5.54532
11.5343    5.52646
11.5549    5.54532
11.5962    5.54532
11.6168    5.54532
11.6374    5.54532
11.6374    5.54532
11.6581    5.56419
11.6787    5.58305
11.6787    5.58305
11.6993    5.58305
11.6993    5.60191
11.6993    5.62077
11.72    5.62077
11.72    5.63963
11.72    5.65849
11.72    5.65849
11.72    5.67736
11.72    5.71508
11.72    5.73394
11.6993    5.73394
11.6993    5.73394
11.6993    5.7528
11.6993    5.79053
11.6993    5.80939
11.6993    5.80939
11.6993    5.80939
11.6993    5.82825
11.6993    5.86597
11.6993    5.86597
11.6993    5.88483
11.6993    5.86597
11.6993    5.88483
11.72    5.88483
11.72    5.88483
11.7406    5.9037
11.7406    5.92256
11.7406    5.9037
11.7612    5.92256
11.7819    5.9037
11.8025    5.92256
11.8025    5.92256
11.8231    5.92256
11.8438    5.92256
11.8644    5.92256
11.8644    5.92256
11.885    5.92256
11.885    5.94142
11.9057    5.96028
11.9057    5.94142
11.9263    5.96028
11.9263    5.94142
11.9263    5.96028
11.9263    5.96028
11.9263    5.96028
11.9263    5.96028
11.9263    5.97914
11.9263    5.998
11.9263    5.998
11.9263    5.998
11.9263    6.01687
11.9057    6.03573
11.9057    6.03573
11.885    6.05459
11.885    6.09231
11.8644    6.11117
11.8644    6.09231
11.8438    6.13004
11.8231    6.16776
11.8231    6.18662
11.8231    6.16776
11.8025    6.20548
11.8025    6.20548
11.8025    6.22434
11.8025    6.22434
11.8025    6.22434
11.8025    6.2432
11.8231    6.26207
11.8438    6.26207
11.8438    6.26207
11.8644    6.28093
11.8644    6.29979
11.885    6.28093
11.9263    6.29979
11.9469    6.29979
11.9676    6.29979
11.9676    6.29979
11.9882    6.29979
12.0088    6.29979
12.0088    6.31865
12.0295    6.33751
12.0295    6.31865
12.0501    6.33751
12.0501    6.31865
12.0501    6.33751
12.0707    6.31865
12.0707    6.33751
12.0707    6.33751
12.0707    6.33751
12.0707    6.33751
12.0707    6.33751
12.0707    6.35637
12.0707    6.37524
12.0707    6.37524
12.0707    6.3941
12.0707    6.41296
12.0707    6.41296
12.0707    6.43182
12.0707    6.45068
12.0707    6.45068
12.0707    6.45068
12.0707    6.45068
12.0914    6.45068
12.112    6.46954
12.112    6.46954
12.1326    6.46954
12.1326    6.46954
12.1533    6.46954
12.1739    6.46954
12.1945    6.46954
12.2152    6.46954
12.2358    6.46954
12.2358    6.46954
12.2771    6.46954
12.2771    6.46954
12.2977    6.46954
12.3183    6.46954
12.3183    6.48841
12.3596    6.46954
12.3596    6.48841
12.3802    6.48841
12.4009    6.48841
12.4215    6.48841
12.4628    6.50727
12.4834    6.52613
12.504    6.52613
12.5247    6.54499
12.5453    6.56385
12.5866    6.56385
12.6072    6.58271
12.6278    6.60158
12.6485    6.60158
12.6691    6.60158
12.731    6.60158
12.7516    6.60158
12.7723    6.60158
12.7929    6.58271
12.8342    6.58271
12.8754    6.56385
12.8961    6.52613
12.9167    6.50727
12.9373    6.50727
12.958    6.48841
13.0199    6.43182
