7.88208    4.97947
7.88208    4.97947
7.88208    4.97947
7.88208    4.97947
7.88208    4.97947
7.88208    4.97947
7.88208    4.96061
7.88208    4.96061
7.88208    4.96061
7.88208    4.96061
7.90272    4.96061
7.92335    4.96061
7.90272    4.96061
7.92335    4.94175
7.90272    4.94175
7.92335    4.94175
7.90272    4.94175
7.92335    4.94175
7.92335    4.94175
7.92335    4.94175
7.92335    4.94175
7.94398    4.94175
7.98525    4.94175
8.00589    4.94175
8.00589    4.94175
8.02652    4.96061
8.06779    4.96061
8.10905    4.97947
8.12969    4.97947
8.12969    4.99834
8.15032    4.99834
8.21222    5.0172
8.21222    5.03606
8.23286    5.05492
8.27412    5.05492
8.29476    5.07378
8.31539    5.09264
8.35666    5.09264
8.37729    5.11151
8.39793    5.11151
8.43919    5.11151
8.48046    5.13037
8.5011    5.13037
8.5011    5.13037
8.52173    5.13037
8.563    5.13037
8.60426    5.13037
8.6249    5.11151
8.64553    5.11151
8.6868    5.11151
8.70743    5.11151
8.72807    5.09264
8.76933    5.09264
8.78997    5.09264
8.8106    5.09264
8.83124    5.09264
8.8725    5.11151
8.89314    5.11151
8.9344    5.11151
8.95504    5.13037
8.95504    5.13037
8.99631    5.14923
9.01694    5.14923
9.05821    5.16809
9.07884    5.16809
9.07884    5.18695
9.12011    5.20581
9.14074    5.20581
9.18201    5.22468
9.20264    5.22468
9.20264    5.24354
9.26454    5.2624
9.30581    5.2624
9.32644    5.28126
9.34708    5.28126
9.38835    5.28126
9.45025    5.30012
9.45025    5.30012
9.49151    5.30012
9.51215    5.30012
9.57405    5.30012
9.61532    5.30012
9.65658    5.30012
9.69785    5.30012
9.71849    5.30012
9.78039    5.30012
9.82165    5.31898
9.86292    5.31898
9.88356    5.33785
9.92482    5.33785
9.96609    5.35671
10.028    5.37557
10.0486    5.37557
10.0899    5.39443
10.1105    5.39443
10.1105    5.41329
10.1724    5.43215
10.2137    5.45102
10.2343    5.46988
10.2343    5.48874
10.255    5.48874
10.3169    5.52646
10.3375    5.52646
10.3788    5.54532
10.3994    5.54532
10.3994    5.56419
10.4407    5.58305
10.4819    5.58305
10.5026    5.58305
10.5438    5.60191
10.5645    5.60191
10.6057    5.60191
10.6264    5.62077
10.6676    5.62077
10.7089    5.63963
10.7295    5.63963
10.7502    5.65849
10.7914    5.67736
10.8121    5.67736
10.8121    5.69622
10.8327    5.71508
10.8946    5.73394
10.8946    5.7528
10.9152    5.77166
10.9565    5.77166
10.9771    5.79053
10.9771    5.82825
10.9978    5.84711
11.039    5.86597
11.0597    5.88483
11.0597    5.9037
11.1009    5.94142
11.1216    5.96028
11.1422    5.96028
11.1422    5.97914
11.1628    5.97914
11.2247    5.998
11.2247    6.01687
11.2454    6.01687
11.2866    6.01687
11.3073    6.01687
11.3073    6.03573
11.3279    6.03573
11.3692    6.03573
11.3898    6.03573
11.3898    6.03573
11.4105    6.05459
11.4311    6.07345
11.4311    6.07345
11.4517    6.09231
11.4724    6.09231
11.4724    6.11117
11.493    6.13004
11.5136    6.1489
11.493    6.1489
11.5343    6.16776
11.5343    6.20548
11.5549    6.22434
11.5343    6.2432
11.5549    6.26207
11.5549    6.28093
11.5549    6.29979
11.5755    6.31865
11.5962    6.33751
11.5755    6.33751
11.6168    6.35637
11.6374    6.37524
11.6168    6.3941
11.6581    6.3941
11.6581    6.41296
11.6787    6.41296
11.6787    6.43182
11.6993    6.43182
11.72    6.43182
11.72    6.43182
11.7406    6.45068
11.7819    6.45068
11.8025    6.46954
11.7819    6.46954
11.8231    6.48841
11.8231    6.48841
11.8644    6.52613
11.885    6.52613
11.8644    6.54499
11.9057    6.54499
11.9263    6.56385
11.9263    6.58271
11.9469    6.60158
11.9882    6.62044
12.0088    6.62044
12.0088    6.6393
12.0501    6.65816
12.0707    6.67702
12.0914    6.67702
12.112    6.67702
12.1326    6.69588
12.1739    6.71475
12.1945    6.71475
12.2358    6.71475
12.2564    6.71475
12.2564    6.71475
12.3183    6.71475
12.3596    6.69588
12.3802    6.69588
12.3802    6.69588
12.4009    6.69588
12.4628    6.69588
12.4834    6.69588
12.504    6.69588
12.504    6.69588
12.5247    6.69588
12.5866    6.69588
12.6072    6.69588
12.6485    6.69588
12.6691    6.69588
12.6691    6.71475
12.731    6.71475
12.7723    6.71475
12.7929    6.73361
