7.90272    5.54532
7.90272    5.54532
7.90272    5.54532
7.92335    5.54532
7.92335    5.52646
7.92335    5.52646
7.94398    5.52646
7.96462    5.52646
7.98525    5.52646
8.00589    5.52646
8.02652    5.52646
8.06779    5.5076
8.08842    5.5076
8.10905    5.48874
8.12969    5.48874
8.15032    5.48874
8.19159    5.45102
8.21222    5.45102
8.23286    5.43215
8.25349    5.43215
8.27412    5.41329
8.31539    5.39443
8.33603    5.39443
8.37729    5.39443
8.39793    5.39443
8.41856    5.39443
8.45983    5.39443
8.5011    5.39443
8.52173    5.39443
8.563    5.39443
8.58363    5.39443
8.64553    5.39443
8.66617    5.39443
8.6868    5.39443
8.70743    5.39443
8.7487    5.39443
8.78997    5.39443
8.83124    5.37557
8.85187    5.37557
8.8725    5.37557
8.91377    5.35671
8.95504    5.33785
8.97567    5.33785
9.01694    5.31898
9.03757    5.31898
9.07884    5.31898
9.12011    5.30012
9.14074    5.30012
9.18201    5.30012
9.20264    5.30012
9.22328    5.30012
9.28518    5.30012
9.30581    5.30012
9.34708    5.31898
9.36771    5.31898
9.38835    5.31898
9.45025    5.35671
9.47088    5.37557
9.51215    5.39443
9.53278    5.41329
9.57405    5.43215
9.61532    5.46988
9.65658    5.48874
9.67722    5.48874
9.69785    5.5076
9.73912    5.5076
9.80102    5.54532
9.82165    5.56419
9.86292    5.56419
9.88356    5.58305
9.90419    5.58305
9.96609    5.62077
10.0074    5.63963
10.0486    5.65849
10.0899    5.65849
10.1105    5.67736
10.1931    5.71508
10.2343    5.73394
10.255    5.7528
10.2962    5.77166
10.3169    5.79053
10.3788    5.84711
10.3994    5.86597
10.42    5.9037
10.4407    5.92256
10.4819    5.96028
10.5232    6.01687
10.5645    6.03573
10.5851    6.07345
10.6057    6.09231
10.647    6.11117
10.7089    6.1489
10.7295    6.16776
10.7708    6.18662
10.7914    6.20548
10.8327    6.20548
10.9152    6.2432
10.9565    6.26207
10.9978    6.26207
11.039    6.28093
11.0803    6.29979
11.1422    6.33751
11.1835    6.33751
11.2041    6.35637
11.2454    6.37524
11.2866    6.3941
11.3485    6.41296
11.3692    6.43182
11.4105    6.45068
11.4517    6.46954
11.4724    6.48841
11.5549    6.50727
11.5962    6.52613
11.6168    6.54499
11.6581    6.56385
11.6787    6.56385
11.7406    6.58271
11.7612    6.58271
11.7819    6.58271
11.8231    6.60158
11.8438    6.60158
11.885    6.60158
11.9263    6.60158
11.9469    6.60158
11.9676    6.60158
12.0088    6.60158
12.0501    6.60158
12.0914    6.60158
12.112    6.60158
12.1326    6.60158
12.1739    6.60158
12.2152    6.62044
12.2564    6.62044
12.2771    6.62044
12.3183    6.62044
12.339    6.6393
12.4009    6.6393
12.4421    6.6393
12.4628    6.6393
12.504    6.65816
12.5453    6.65816
12.6072    6.65816
12.6485    6.65816
12.6897    6.65816
12.731    6.65816
12.7516    6.6393
12.8135    6.62044
12.8548    6.62044
12.8754    6.60158
12.9167    6.58271
12.9373    6.56385
12.9992    6.54499
