7.49004    5.73394
7.49004    5.73394
7.49004    5.73394
7.49004    5.73394
7.49004    5.73394
7.49004    5.73394
7.49004    5.71508
7.49004    5.71508
7.49004    5.69622
7.49004    5.69622
7.49004    5.69622
7.49004    5.67736
7.49004    5.67736
7.49004    5.65849
7.49004    5.65849
7.49004    5.63963
7.49004    5.62077
7.51068    5.62077
7.49004    5.62077
7.51068    5.60191
7.51068    5.60191
7.51068    5.58305
7.53131    5.58305
7.55194    5.58305
7.55194    5.58305
7.57258    5.58305
7.61385    5.56419
7.63448    5.56419
7.63448    5.56419
7.65511    5.56419
7.69638    5.56419
7.75828    5.58305
7.75828    5.58305
7.77892    5.58305
7.82018    5.58305
7.86145    5.60191
7.90272    5.60191
7.92335    5.60191
7.94398    5.60191
7.98525    5.60191
8.00589    5.60191
8.04715    5.60191
8.06779    5.60191
8.10905    5.60191
8.15032    5.62077
8.17096    5.60191
8.21222    5.60191
8.25349    5.60191
8.29476    5.60191
8.33603    5.60191
8.35666    5.58305
8.43919    5.58305
8.48046    5.58305
8.5011    5.58305
8.52173    5.58305
8.563    5.58305
8.6249    5.58305
8.64553    5.58305
8.6868    5.60191
8.72807    5.60191
8.76933    5.60191
8.83124    5.62077
8.85187    5.63963
8.89314    5.63963
8.9344    5.65849
8.97567    5.65849
9.03757    5.67736
9.05821    5.69622
9.12011    5.69622
9.12011    5.69622
9.16137    5.71508
9.22328    5.71508
9.26454    5.71508
9.30581    5.73394
9.34708    5.73394
9.36771    5.73394
9.40898    5.73394
9.45025    5.7528
9.49151    5.7528
9.51215    5.7528
9.55342    5.7528
9.61532    5.77166
9.63595    5.79053
9.67722    5.79053
9.71849    5.80939
9.73912    5.80939
9.78039    5.84711
9.82165    5.84711
9.84229    5.86597
9.88356    5.86597
9.92482    5.88483
9.98672    5.92256
9.98672    5.92256
10.028    5.94142
10.0486    5.96028
10.0899    5.96028
10.1518    5.97914
10.1518    5.998
10.1724    5.998
10.2137    6.01687
10.2343    6.01687
10.2756    6.03573
10.2962    6.03573
10.3375    6.05459
10.3581    6.05459
10.3581    6.07345
10.3994    6.09231
10.42    6.09231
10.4613    6.11117
10.4819    6.13004
10.4819    6.1489
10.5232    6.16776
10.5438    6.18662
10.5851    6.20548
10.6057    6.22434
10.6057    6.2432
10.6264    6.28093
10.6676    6.31865
10.6883    6.33751
10.6883    6.35637
10.7089    6.37524
10.7708    6.41296
10.7708    6.43182
10.7914    6.43182
10.8327    6.45068
10.8533    6.46954
10.874    6.48841
10.9152    6.48841
10.9359    6.50727
10.9359    6.50727
10.9565    6.50727
11.0184    6.52613
11.039    6.54499
11.0803    6.54499
11.1009    6.54499
11.1009    6.56385
11.1422    6.58271
11.1628    6.58271
11.1835    6.60158
11.2041    6.60158
11.2247    6.62044
11.2454    6.6393
11.2866    6.6393
11.3073    6.65816
11.3073    6.67702
11.3279    6.67702
11.3692    6.71475
11.3898    6.73361
11.3898    6.73361
11.4105    6.75247
11.4311    6.77133
11.4517    6.79019
11.493    6.79019
11.493    6.80905
11.5136    6.80905
11.5136    6.80905
11.5343    6.80905
11.5755    6.80905
11.5755    6.82792
11.5962    6.80905
11.5962    6.80905
11.6168    6.80905
11.6374    6.80905
11.6374    6.80905
11.6581    6.80905
11.6787    6.80905
11.6993    6.80905
11.7406    6.80905
11.7612    6.80905
11.7612    6.80905
11.7819    6.82792
11.8231    6.84678
11.8438    6.84678
11.8438    6.84678
11.8644    6.86564
11.9057    6.86564
11.9469    6.8845
11.9676    6.8845
11.9676    6.8845
11.9882    6.8845
12.0295    6.8845
12.0707    6.8845
12.0914    6.8845
12.112    6.8845
12.1533    6.86564
12.1739    6.86564
12.1945    6.84678
12.2358    6.84678
12.2564    6.82792
12.2771    6.82792
12.2977    6.82792
12.339    6.80905
12.3596    6.80905
12.4009    6.79019
12.4421    6.79019
12.4628    6.77133
12.504    6.77133
12.5453    6.75247
12.5659    6.75247
12.6072    6.75247
12.6485    6.73361
12.7104    6.71475
12.731    6.69588
12.7723    6.67702
12.7929    6.67702
