6.9742    5.46988
6.99483    5.46988
7.01547    5.45102
6.99483    5.46988
7.01547    5.45102
7.01547    5.45102
7.01547    5.45102
7.01547    5.45102
7.01547    5.43215
7.01547    5.41329
7.0361    5.43215
7.05673    5.41329
7.0361    5.43215
7.05673    5.41329
7.05673    5.43215
7.05673    5.41329
7.05673    5.41329
7.05673    5.43215
7.05673    5.41329
7.07737    5.43215
7.098    5.41329
7.07737    5.45102
7.098    5.45102
7.098    5.46988
7.098    5.45102
7.098    5.48874
7.098    5.5076
7.11864    5.5076
7.13927    5.5076
7.13927    5.5076
7.13927    5.5076
7.1599    5.52646
7.18054    5.54532
7.18054    5.52646
7.20117    5.54532
7.2218    5.52646
7.24244    5.54532
7.28371    5.52646
7.30434    5.52646
7.30434    5.52646
7.32497    5.5076
7.38687    5.46988
7.40751    5.45102
7.44878    5.45102
7.46941    5.45102
7.49004    5.43215
7.55194    5.39443
7.55194    5.39443
7.57258    5.39443
7.61385    5.39443
7.63448    5.37557
7.67575    5.39443
7.69638    5.37557
7.73765    5.39443
7.77892    5.37557
7.79955    5.39443
7.84082    5.37557
7.88208    5.39443
7.92335    5.37557
7.94398    5.39443
7.98525    5.37557
8.04715    5.39443
8.06779    5.39443
8.10905    5.39443
8.12969    5.37557
8.15032    5.39443
8.21222    5.37557
8.23286    5.39443
8.27412    5.35671
8.29476    5.35671
8.31539    5.33785
8.39793    5.33785
8.41856    5.33785
8.43919    5.31898
8.48046    5.30012
8.52173    5.30012
8.58363    5.30012
8.58363    5.30012
8.6249    5.28126
8.64553    5.28126
8.6868    5.28126
8.72807    5.28126
8.7487    5.28126
8.76933    5.28126
8.8106    5.28126
8.83124    5.30012
8.85187    5.31898
8.89314    5.31898
8.9344    5.31898
8.95504    5.33785
8.95504    5.35671
8.99631    5.37557
9.03757    5.39443
9.05821    5.37557
9.09947    5.41329
9.12011    5.41329
9.16137    5.41329
9.18201    5.43215
9.22328    5.41329
9.24391    5.43215
9.26454    5.41329
9.32644    5.43215
9.34708    5.41329
9.38835    5.43215
9.40898    5.41329
9.42961    5.43215
9.51215    5.41329
9.53278    5.41329
9.55342    5.41329
9.59468    5.41329
9.61532    5.43215
9.63595    5.41329
9.67722    5.43215
9.69785    5.41329
9.71849    5.43215
9.75975    5.43215
9.80102    5.43215
9.82165    5.45102
9.82165    5.46988
9.84229    5.46988
9.88356    5.46988
9.92482    5.48874
9.94546    5.52646
9.94546    5.52646
9.96609    5.54532
10.0074    5.52646
10.0486    5.56419
10.0693    5.56419
10.0693    5.58305
10.0693    5.56419
10.0899    5.58305
10.1518    5.56419
10.1518    5.58305
10.1724    5.58305
10.2137    5.58305
10.2343    5.58305
10.255    5.58305
10.2962    5.58305
10.3169    5.56419
10.3169    5.58305
10.3375    5.56419
10.3994    5.58305
10.42    5.56419
10.4407    5.58305
10.4407    5.56419
10.4613    5.58305
10.5026    5.58305
10.5232    5.58305
10.5438    5.58305
10.5645    5.60191
10.5645    5.62077
10.5851    5.63963
10.6264    5.65849
10.647    5.65849
10.6264    5.67736
10.647    5.69622
10.6676    5.73394
10.6883    5.7528
10.6883    5.79053
10.6883    5.80939
10.7089    5.80939
10.7502    5.82825
10.7502    5.86597
10.7502    5.86597
10.7708    5.88483
10.7708    5.88483
10.7708    5.88483
10.7914    5.9037
10.8121    5.92256
10.8121    5.9037
10.8327    5.92256
10.874    5.92256
10.8946    5.92256
10.8946    5.92256
10.9152    5.94142
10.9359    5.96028
10.9565    5.94142
10.9978    5.96028
11.0184    5.94142
11.039    5.96028
11.0597    5.96028
11.0803    5.96028
11.1216    5.96028
11.1422    5.96028
11.1422    5.97914
11.1422    5.998
11.1628    5.998
11.1835    5.998
11.1835    5.998
11.1835    5.998
11.2041    5.998
11.2247    6.01687
11.2247    6.03573
11.2247    6.03573
11.2247    6.03573
11.2247    6.03573
11.2454    6.05459
11.266    6.07345
11.2454    6.07345
11.266    6.07345
11.2454    6.09231
11.266    6.13004
11.266    6.13004
11.266    6.1489
11.266    6.1489
11.266    6.16776
11.266    6.20548
11.266    6.22434
11.266    6.20548
11.266    6.2432
11.266    6.2432
11.266    6.26207
11.266    6.26207
11.2866    6.26207
11.3073    6.28093
11.2866    6.29979
11.3279    6.29979
11.3485    6.29979
11.3279    6.29979
11.3692    6.29979
11.3692    6.31865
11.3898    6.33751
11.3898    6.31865
11.4105    6.35637
11.4311    6.35637
11.4311    6.35637
11.4517    6.37524
11.4724    6.35637
11.4517    6.37524
11.4724    6.37524
11.4724    6.37524
11.4724    6.3941
11.4724    6.41296
11.4724    6.41296
11.4724    6.41296
11.4724    6.43182
11.4724    6.46954
11.4724    6.46954
11.4724    6.48841
11.4517    6.48841
11.4724    6.48841
11.4517    6.50727
11.4724    6.54499
11.4517    6.54499
11.4724    6.56385
11.4517    6.54499
11.4724    6.56385
11.4724    6.56385
11.4724    6.56385
11.493    6.56385
11.5136    6.56385
11.5136    6.58271
11.5136    6.60158
11.5343    6.58271
11.5549    6.60158
11.5549    6.58271
11.5755    6.60158
11.5962    6.60158
11.5962    6.60158
11.5962    6.60158
11.5962    6.62044
11.6168    6.6393
11.6374    6.6393
11.6168    6.6393
11.6374    6.65816
11.6374    6.67702
11.6374    6.67702
11.6581    6.67702
11.6787    6.69588
11.6787    6.71475
11.6787    6.71475
11.6993    6.73361
11.72    6.75247
11.72    6.75247
11.72    6.75247
11.7406    6.77133
11.7612    6.79019
11.7612    6.77133
11.7819    6.79019
11.8025    6.79019
11.8025    6.79019
11.8231    6.79019
11.8644    6.79019
11.885    6.79019
11.885    6.79019
11.9057    6.79019
11.9469    6.80905
11.9676    6.82792
11.9676    6.80905
11.9882    6.82792
12.0295    6.82792
12.0707    6.82792
12.0914    6.84678
12.0914    6.86564
12.112    6.86564
12.1533    6.86564
12.1945    6.8845
12.2358    6.90336
12.2564    6.90336
12.2771    6.90336
12.3183    6.90336
12.3596    6.90336
12.3802    6.8845
12.4009    6.90336
12.4421    6.8845
12.4628    6.8845
12.504    6.86564
12.5247    6.84678
12.5659    6.84678
12.5866    6.82792
12.6072    6.80905
12.6691    6.77133
12.6691    6.77133
12.6897    6.75247
