6.47899    5.96028
6.52026    5.97914
6.54089    5.998
6.56153    5.998
6.56153    6.01687
6.58216    6.03573
6.64406    6.03573
6.64406    6.05459
6.66469    6.07345
6.70596    6.07345
6.7266    6.09231
6.74723    6.13004
6.7885    6.1489
6.7885    6.1489
6.80913    6.1489
6.80913    6.1489
6.8504    6.16776
6.87103    6.18662
6.89166    6.16776
6.9123    6.18662
6.93293    6.16776
6.95357    6.16776
6.99483    6.16776
7.01547    6.16776
7.01547    6.1489
7.0361    6.13004
7.07737    6.11117
7.098    6.07345
7.098    6.07345
7.11864    6.05459
7.1599    6.05459
7.20117    6.03573
7.20117    6.01687
7.2218    6.01687
7.2218    6.01687
7.24244    5.998
7.30434    5.97914
7.30434    5.97914
7.32497    5.97914
7.38687    5.97914
7.38687    5.96028
7.44878    5.94142
7.49004    5.96028
7.53131    5.94142
7.55194    5.96028
7.57258    5.96028
7.65511    5.96028
7.67575    5.96028
7.69638    5.96028
7.73765    5.96028
7.75828    5.96028
7.79955    5.96028
7.82018    5.96028
7.86145    5.94142
7.88208    5.96028
7.90272    5.94142
7.96462    5.94142
7.98525    5.94142
8.02652    5.92256
8.04715    5.9037
8.06779    5.9037
8.12969    5.86597
8.15032    5.86597
8.19159    5.84711
8.21222    5.82825
8.21222    5.82825
8.27412    5.82825
8.31539    5.82825
8.33603    5.80939
8.35666    5.79053
8.39793    5.80939
8.45983    5.79053
8.45983    5.79053
8.5011    5.79053
8.52173    5.80939
8.58363    5.79053
8.6249    5.82825
8.66617    5.82825
8.6868    5.82825
8.7487    5.84711
8.7487    5.82825
8.8106    5.84711
8.85187    5.84711
8.89314    5.84711
8.91377    5.84711
8.9344    5.84711
9.01694    5.84711
9.05821    5.84711
9.07884    5.84711
9.09947    5.82825
9.14074    5.84711
9.22328    5.80939
9.24391    5.80939
9.26454    5.79053
9.30581    5.80939
9.34708    5.79053
9.38835    5.80939
9.42961    5.79053
9.45025    5.80939
9.45025    5.79053
9.49151    5.80939
9.53278    5.79053
9.55342    5.80939
9.61532    5.80939
9.61532    5.80939
9.65658    5.80939
9.69785    5.82825
9.71849    5.84711
9.78039    5.84711
9.78039    5.84711
9.80102    5.84711
9.86292    5.84711
9.88356    5.86597
9.90419    5.88483
9.92482    5.86597
9.96609    5.88483
10.0074    5.88483
10.028    5.88483
10.0486    5.88483
10.0899    5.88483
10.1105    5.88483
10.1312    5.86597
10.1724    5.88483
10.2137    5.86597
10.2343    5.88483
10.2343    5.86597
10.2756    5.88483
10.2962    5.88483
10.3375    5.88483
10.3581    5.88483
10.3581    5.88483
10.3788    5.9037
10.42    5.92256
10.4407    5.92256
10.4407    5.94142
10.4613    5.96028
10.5026    5.97914
10.5232    6.01687
10.5232    6.03573
10.5438    6.03573
10.5645    6.05459
10.5851    6.11117
10.6264    6.11117
10.6264    6.13004
10.647    6.16776
10.647    6.18662
10.6676    6.18662
10.7089    6.20548
10.7295    6.22434
10.7295    6.22434
10.7295    6.2432
10.7708    6.26207
10.7914    6.26207
10.8121    6.26207
10.8121    6.26207
10.8327    6.26207
10.874    6.28093
10.8946    6.29979
10.8946    6.28093
10.8946    6.29979
10.9152    6.29979
10.9565    6.29979
10.9565    6.31865
10.9771    6.33751
10.9771    6.31865
10.9771    6.33751
10.9978    6.35637
11.0184    6.37524
10.9978    6.35637
11.0184    6.37524
11.0184    6.37524
11.039    6.3941
11.0597    6.41296
11.0597    6.3941
11.0597    6.41296
11.0803    6.41296
11.1216    6.41296
11.1422    6.41296
11.1216    6.41296
11.1628    6.41296
11.1835    6.41296
11.1835    6.41296
11.2041    6.41296
11.2247    6.41296
11.2247    6.41296
11.2454    6.41296
11.2866    6.41296
11.2866    6.43182
11.3073    6.45068
11.3073    6.43182
11.3073    6.45068
11.3279    6.45068
11.3485    6.46954
11.3485    6.48841
11.3485    6.46954
11.3485    6.50727
11.3692    6.52613
11.3898    6.52613
11.3898    6.52613
11.3898    6.54499
11.4105    6.56385
11.4517    6.56385
11.4517    6.56385
11.4724    6.56385
11.4724    6.56385
11.4724    6.58271
11.493    6.60158
11.5136    6.58271
11.5136    6.60158
11.5136    6.58271
11.5343    6.60158
11.5755    6.58271
11.5755    6.60158
11.5962    6.58271
11.5962    6.60158
11.5962    6.60158
11.6168    6.60158
11.6581    6.60158
11.6581    6.60158
11.6787    6.62044
11.6581    6.6393
11.6993    6.62044
11.6993    6.6393
11.6993    6.6393
11.6993    6.6393
11.6993    6.65816
11.72    6.67702
11.6993    6.67702
11.72    6.67702
11.72    6.67702
11.72    6.69588
11.7406    6.71475
11.7612    6.71475
11.7612    6.71475
11.7819    6.71475
11.8025    6.71475
11.8231    6.73361
11.8644    6.75247
11.885    6.73361
11.885    6.75247
11.9057    6.73361
11.9676    6.73361
11.9882    6.73361
12.0295    6.73361
12.0501    6.73361
12.0501    6.73361
12.0914    6.71475
12.112    6.69588
12.1533    6.71475
12.1739    6.69588
12.1739    6.69588
12.2152    6.69588
12.2358    6.69588
12.2564    6.69588
12.2564    6.69588
12.2771    6.69588
12.339    6.67702
12.3596    6.65816
12.4009    6.65816
12.4215    6.65816
12.4421    6.6393
12.5247    6.60158
12.5453    6.58271
12.5659    6.58271
12.6072    6.56385
12.6485    6.54499
12.7104    6.52613
12.731    6.48841
12.7723    6.46954
12.7929    6.46954
12.8135    6.45068
12.8961    6.41296
