5.90125    5.20581
5.90125    5.28126
5.88061    5.31898
5.90125    5.35671
5.88061    5.39443
5.90125    5.43215
5.88061    5.48874
5.92188    5.52646
5.92188    5.56419
5.92188    5.60191
5.94251    5.63963
5.96315    5.69622
6.00441    5.71508
6.02505    5.7528
6.04568    5.77166
6.08695    5.80939
6.12822    5.84711
6.14885    5.88483
6.16948    5.9037
6.21075    5.92256
6.23139    5.94142
6.25202    5.998
6.29329    6.01687
6.33455    6.05459
6.35519    6.07345
6.37582    6.09231
6.43772    6.1489
6.43772    6.18662
6.47899    6.20548
6.49962    6.2432
6.54089    6.26207
6.60279    6.33751
6.60279    6.35637
6.64406    6.37524
6.66469    6.41296
6.70596    6.43182
6.76786    6.46954
6.7885    6.48841
6.82976    6.50727
6.8504    6.50727
6.87103    6.52613
6.95357    6.52613
6.99483    6.52613
7.01547    6.52613
7.0361    6.54499
7.098    6.54499
7.13927    6.52613
7.18054    6.52613
7.20117    6.52613
7.26307    6.52613
7.28371    6.50727
7.36624    6.50727
7.38687    6.50727
7.40751    6.50727
7.46941    6.50727
7.49004    6.50727
7.57258    6.50727
7.61385    6.50727
7.65511    6.50727
7.69638    6.50727
7.73765    6.50727
7.82018    6.50727
7.88208    6.50727
7.90272    6.52613
7.96462    6.52613
8.00589    6.52613
8.06779    6.52613
8.12969    6.52613
8.15032    6.50727
8.19159    6.50727
8.23286    6.48841
8.29476    6.46954
8.31539    6.45068
8.37729    6.45068
8.39793    6.43182
8.43919    6.41296
8.5011    6.37524
8.52173    6.35637
8.563    6.33751
8.58363    6.31865
8.60426    6.31865
8.66617    6.28093
8.6868    6.28093
8.72807    6.26207
8.7487    6.26207
8.76933    6.26207
8.83124    6.2432
8.85187    6.2432
8.89314    6.2432
8.91377    6.2432
8.91377    6.22434
8.97567    6.22434
9.01694    6.22434
9.03757    6.22434
9.03757    6.22434
9.05821    6.22434
9.12011    6.20548
9.12011    6.20548
9.14074    6.18662
9.18201    6.18662
9.20264    6.16776
9.22328    6.1489
9.26454    6.1489
9.28518    6.1489
9.28518    6.13004
9.30581    6.13004
9.36771    6.13004
9.36771    6.13004
9.38835    6.13004
9.42961    6.13004
9.45025    6.13004
9.49151    6.13004
9.51215    6.1489
9.55342    6.1489
9.57405    6.16776
9.59468    6.16776
9.65658    6.18662
9.65658    6.18662
9.67722    6.18662
9.71849    6.20548
9.73912    6.20548
9.75975    6.20548
9.80102    6.20548
9.82165    6.20548
9.82165    6.20548
9.84229    6.20548
9.90419    6.20548
9.90419    6.20548
9.92482    6.20548
9.94546    6.20548
9.96609    6.20548
10.0074    6.22434
10.028    6.22434
10.028    6.2432
10.0486    6.2432
10.0899    6.26207
10.1312    6.28093
10.1518    6.29979
10.1518    6.31865
10.1724    6.35637
10.2137    6.37524
10.255    6.41296
10.2756    6.43182
10.2756    6.45068
10.2962    6.46954
10.3169    6.48841
10.3375    6.50727
10.3788    6.52613
10.3994    6.52613
10.3994    6.54499
10.42    6.54499
10.4819    6.54499
10.4819    6.56385
10.5026    6.56385
10.5438    6.56385
10.5645    6.56385
10.5851    6.58271
10.6264    6.58271
10.6264    6.60158
10.647    6.60158
10.647    6.62044
10.6676    6.6393
10.7089    6.65816
10.7295    6.65816
10.7089    6.67702
10.7502    6.69588
10.7708    6.73361
10.7708    6.75247
10.7914    6.77133
10.8121    6.79019
10.8121    6.80905
10.8327    6.82792
10.874    6.84678
10.874    6.84678
10.8946    6.84678
10.8946    6.86564
10.9152    6.86564
10.9359    6.86564
10.9359    6.86564
10.9359    6.86564
10.9565    6.86564
10.9978    6.86564
10.9978    6.86564
11.0184    6.86564
10.9978    6.86564
11.0184    6.86564
11.0184    6.86564
11.039    6.86564
11.0597    6.86564
11.0597    6.86564
11.0597    6.86564
11.0803    6.8845
11.1009    6.8845
11.1009    6.8845
11.1009    6.90336
11.1009    6.90336
11.1216    6.92222
11.1422    6.92222
11.1422    6.94109
11.1422    6.94109
11.1628    6.94109
11.2041    6.95995
11.2041    6.95995
11.2041    6.95995
11.2247    6.95995
11.2247    6.95995
11.2247    6.94109
11.2454    6.94109
11.266    6.94109
11.266    6.94109
11.266    6.94109
11.2866    6.92222
11.3073    6.92222
11.3073    6.92222
11.3073    6.90336
11.3279    6.90336
11.3485    6.90336
11.3485    6.90336
11.3485    6.90336
11.3692    6.90336
11.3898    6.90336
11.3898    6.92222
11.3898    6.92222
11.3898    6.92222
11.4105    6.94109
11.4311    6.94109
11.4105    6.97881
11.4311    6.97881
11.4311    6.99767
11.4311    7.01653
11.4311    7.01653
11.4517    7.03539
11.4724    7.05426
11.4724    7.05426
11.4724    7.05426
11.493    7.05426
11.5136    7.05426
11.5136    7.05426
11.5343    7.05426
11.5549    7.03539
11.5549    7.03539
11.5549    7.01653
11.5755    7.01653
11.5962    7.01653
11.5962    7.01653
11.6168    7.01653
11.6374    7.01653
11.6374    7.01653
11.6374    7.03539
11.6581    7.03539
11.6787    7.03539
11.6787    7.05426
11.6993    7.05426
11.72    7.07312
11.72    7.07312
11.72    7.07312
11.7406    7.09198
11.7819    7.09198
11.7819    7.09198
11.8025    7.09198
11.8025    7.09198
11.8231    7.09198
11.8644    7.09198
11.8644    7.09198
11.885    7.09198
11.885    7.07312
11.9057    7.07312
11.9469    7.07312
11.9676    7.07312
11.9469    7.07312
11.9882    7.07312
12.0088    7.07312
12.0088    7.07312
12.0295    7.07312
12.0501    7.09198
12.0501    7.09198
12.0914    7.11084
12.112    7.11084
12.1533    7.1297
12.1739    7.1297
12.1739    7.14856
12.2152    7.18629
12.2358    7.18629
12.2771    7.20515
12.2977    7.20515
12.2977    7.22401
12.339    7.22401
12.3596    7.24287
12.4009    7.24287
12.4215    7.24287
12.4421    7.24287
12.504    7.22401
12.504    7.22401
12.5453    7.22401
12.5659    7.20515
12.6072    7.20515
12.6691    7.18629
12.6897    7.18629
12.731    7.16743
12.7516    7.16743
12.7723    7.16743
12.8548    7.16743
12.8961    7.16743
12.9167    7.16743
