8.39793    4.82858
8.39793    4.82858
8.39793    4.82858
8.39793    4.82858
8.39793    4.82858
8.39793    4.82858
8.39793    4.82858
8.39793    4.82858
8.39793    4.82858
8.39793    4.82858
8.37729    4.82858
8.35666    4.82858
8.37729    4.82858
8.35666    4.82858
8.37729    4.82858
8.35666    4.82858
8.37729    4.82858
8.35666    4.82858
8.35666    4.82858
8.35666    4.82858
8.35666    4.84744
8.35666    4.8663
8.35666    4.8663
8.35666    4.8663
8.35666    4.8663
8.35666    4.88517
8.35666    4.90403
8.37729    4.90403
8.35666    4.90403
8.37729    4.90403
8.39793    4.92289
8.41856    4.94175
8.41856    4.94175
8.43919    4.94175
8.48046    4.96061
8.52173    4.97947
8.54236    4.97947
8.563    4.97947
8.60426    4.97947
8.64553    4.99834
8.70743    5.0172
8.72807    5.0172
8.76933    5.0172
8.8106    5.0172
8.83124    5.0172
8.89314    5.03606
8.9344    5.07378
8.97567    5.07378
9.01694    5.09264
9.05821    5.09264
9.12011    5.11151
9.14074    5.13037
9.20264    5.13037
9.22328    5.14923
9.28518    5.18695
9.34708    5.22468
9.40898    5.2624
9.42961    5.28126
9.49151    5.30012
9.51215    5.31898
9.61532    5.33785
9.63595    5.37557
9.69785    5.39443
9.73912    5.39443
9.78039    5.41329
9.86292    5.46988
9.92482    5.46988
9.98672    5.48874
10.028    5.52646
10.0693    5.54532
10.1518    5.56419
10.2137    5.60191
10.255    5.62077
10.2962    5.63963
10.3375    5.67736
10.42    5.71508
10.4613    5.7528
10.5026    5.77166
10.5232    5.77166
10.5438    5.79053
10.647    5.86597
10.6676    5.9037
10.7089    5.92256
10.7502    5.94142
10.7914    5.97914
10.8533    6.03573
10.874    6.03573
10.9152    6.05459
10.9565    6.09231
10.9771    6.11117
11.0184    6.1489
11.0597    6.16776
11.0803    6.18662
11.1422    6.20548
11.1628    6.22434
11.2247    6.2432
11.2454    6.28093
11.2866    6.29979
11.3279    6.29979
11.3485    6.31865
11.3898    6.37524
11.4105    6.3941
11.4517    6.43182
11.4724    6.45068
11.493    6.45068
11.5549    6.48841
11.5549    6.50727
11.5962    6.54499
11.6168    6.58271
11.6581    6.60158
11.72    6.62044
11.72    6.65816
11.7612    6.67702
11.7819    6.69588
11.8231    6.71475
11.9057    6.73361
11.9469    6.75247
11.9676    6.75247
11.9882    6.77133
12.0501    6.79019
12.0914    6.79019
12.1326    6.79019
12.1739    6.79019
12.2152    6.79019
12.2564    6.79019
12.339    6.80905
12.3802    6.82792
12.4215    6.82792
12.4628    6.82792
12.504    6.82792
12.5659    6.84678
12.6278    6.86564
12.6485    6.84678
12.7104    6.86564
12.731    6.84678
