7.65511    6.94109
7.65511    6.94109
7.65511    6.94109
7.65511    6.94109
7.65511    6.92222
7.65511    6.92222
7.65511    6.92222
7.65511    6.92222
7.65511    6.92222
7.67575    6.92222
7.67575    6.92222
7.69638    6.90336
7.69638    6.90336
7.71701    6.90336
7.71701    6.90336
7.73765    6.90336
7.75828    6.8845
7.75828    6.8845
7.77892    6.86564
7.77892    6.86564
7.79955    6.82792
7.82018    6.80905
7.84082    6.79019
7.84082    6.77133
7.86145    6.75247
7.88208    6.69588
7.90272    6.65816
7.92335    6.6393
7.94398    6.62044
7.96462    6.58271
8.00589    6.54499
8.02652    6.54499
8.04715    6.52613
8.06779    6.52613
8.10905    6.50727
8.17096    6.48841
8.19159    6.48841
8.23286    6.48841
8.27412    6.48841
8.31539    6.48841
8.39793    6.50727
8.43919    6.50727
8.48046    6.48841
8.52173    6.48841
8.54236    6.46954
8.60426    6.45068
8.64553    6.43182
8.6868    6.41296
8.72807    6.3941
8.7487    6.37524
8.83124    6.31865
8.8725    6.28093
8.89314    6.26207
8.9344    6.22434
8.97567    6.20548
9.05821    6.16776
9.09947    6.1489
9.12011    6.1489
9.16137    6.1489
9.20264    6.1489
9.26454    6.13004
9.30581    6.13004
9.32644    6.13004
9.36771    6.13004
9.40898    6.1489
9.47088    6.16776
9.51215    6.18662
9.53278    6.20548
9.57405    6.20548
9.59468    6.22434
9.65658    6.22434
9.69785    6.22434
9.73912    6.22434
9.78039    6.22434
9.80102    6.20548
9.88356    6.20548
9.92482    6.20548
9.96609    6.18662
10.0074    6.18662
10.0486    6.18662
10.1312    6.18662
10.1724    6.18662
10.1931    6.18662
10.2343    6.20548
10.255    6.20548
10.3169    6.2432
10.3581    6.26207
10.3788    6.28093
10.3994    6.29979
10.42    6.31865
10.4819    6.35637
10.5026    6.3941
10.5232    6.41296
10.5645    6.43182
10.5851    6.45068
10.647    6.46954
10.6676    6.48841
10.6883    6.48841
10.7089    6.50727
10.7502    6.50727
10.7914    6.50727
10.8327    6.50727
10.8533    6.50727
10.8946    6.50727
10.9152    6.50727
10.9771    6.50727
11.0184    6.50727
11.039    6.50727
11.0803    6.50727
11.1009    6.52613
11.1422    6.54499
11.1628    6.56385
11.1835    6.58271
11.2041    6.60158
11.2247    6.62044
11.266    6.65816
11.2866    6.69588
11.3073    6.71475
11.3485    6.75247
11.3692    6.77133
11.4105    6.80905
11.4311    6.82792
11.4517    6.84678
11.4724    6.86564
11.493    6.86564
11.5549    6.8845
11.5755    6.8845
11.6168    6.8845
11.6374    6.8845
11.6787    6.8845
11.7406    6.86564
11.7819    6.86564
11.8231    6.84678
11.8644    6.84678
11.9057    6.84678
11.9882    6.84678
12.0295    6.86564
12.0501    6.86564
12.0914    6.8845
12.1326    6.90336
12.1945    6.92222
12.2358    6.94109
12.2771    6.95995
12.3183    6.97881
12.3596    6.99767
12.4421    7.07312
12.4834    7.09198
12.5247    7.1297
12.5659    7.14856
12.6072    7.16743
12.6691    7.20515
12.7104    7.20515
12.7516    7.22401
12.7929    7.22401
