6.45836    6.82792
6.45836    6.82792
6.45836    6.82792
6.45836    6.82792
6.45836    6.82792
6.47899    6.82792
6.47899    6.82792
6.47899    6.82792
6.49962    6.82792
6.49962    6.82792
6.52026    6.82792
6.52026    6.82792
6.54089    6.84678
6.54089    6.84678
6.54089    6.84678
6.56153    6.86564
6.58216    6.86564
6.58216    6.86564
6.60279    6.86564
6.60279    6.86564
6.62343    6.86564
6.64406    6.84678
6.64406    6.84678
6.66469    6.84678
6.66469    6.82792
6.68533    6.80905
6.70596    6.80905
6.70596    6.79019
6.7266    6.79019
6.7266    6.77133
6.74723    6.75247
6.76786    6.73361
6.76786    6.73361
6.7885    6.71475
6.7885    6.69588
6.82976    6.67702
6.8504    6.67702
6.87103    6.67702
6.89166    6.65816
6.9123    6.65816
6.95357    6.65816
6.99483    6.6393
7.01547    6.6393
7.05673    6.6393
7.07737    6.6393
7.13927    6.6393
7.18054    6.6393
7.2218    6.6393
7.26307    6.65816
7.30434    6.65816
7.36624    6.65816
7.40751    6.65816
7.44878    6.67702
7.49004    6.67702
7.53131    6.67702
7.61385    6.67702
7.65511    6.67702
7.69638    6.67702
7.73765    6.69588
7.79955    6.69588
7.88208    6.69588
7.92335    6.69588
7.96462    6.69588
8.00589    6.69588
8.04715    6.69588
8.12969    6.69588
8.17096    6.69588
8.19159    6.69588
8.23286    6.69588
8.27412    6.67702
8.33603    6.67702
8.37729    6.67702
8.41856    6.65816
8.45983    6.65816
8.5011    6.65816
8.563    6.6393
8.60426    6.6393
8.64553    6.62044
8.66617    6.60158
8.70743    6.58271
8.76933    6.56385
8.8106    6.52613
8.83124    6.50727
8.85187    6.48841
8.89314    6.46954
8.9344    6.43182
8.97567    6.41296
8.99631    6.3941
9.01694    6.3941
9.03757    6.37524
9.09947    6.35637
9.12011    6.33751
9.14074    6.33751
9.18201    6.33751
9.20264    6.33751
9.24391    6.35637
9.26454    6.35637
9.28518    6.35637
9.30581    6.35637
9.32644    6.35637
9.38835    6.35637
9.42961    6.35637
9.45025    6.35637
9.49151    6.35637
9.51215    6.35637
9.55342    6.35637
9.57405    6.35637
9.59468    6.35637
9.61532    6.35637
9.63595    6.35637
9.67722    6.33751
9.71849    6.33751
9.75975    6.33751
9.78039    6.33751
9.82165    6.31865
9.88356    6.31865
9.92482    6.33751
9.96609    6.33751
9.98672    6.33751
10.0074    6.35637
10.0486    6.35637
10.0693    6.35637
10.0899    6.35637
10.1105    6.35637
10.1312    6.37524
10.1724    6.37524
10.1931    6.3941
10.2137    6.3941
10.2343    6.3941
10.255    6.41296
10.3169    6.43182
10.3375    6.43182
10.3581    6.43182
10.3788    6.45068
10.3994    6.45068
10.4407    6.45068
10.4613    6.45068
10.4819    6.46954
10.5026    6.46954
10.5232    6.46954
10.5645    6.46954
10.5851    6.48841
10.6057    6.48841
10.6264    6.50727
10.647    6.50727
10.6883    6.52613
10.7089    6.54499
10.7295    6.54499
10.7295    6.56385
10.7502    6.56385
10.7914    6.58271
10.8121    6.60158
10.8327    6.60158
10.8533    6.62044
10.874    6.62044
10.8946    6.62044
10.9152    6.62044
10.9359    6.62044
10.9565    6.62044
10.9771    6.62044
11.0184    6.62044
11.039    6.62044
11.039    6.62044
11.0597    6.62044
11.0803    6.62044
11.1009    6.62044
11.1216    6.62044
11.1422    6.6393
11.1628    6.6393
11.1628    6.6393
11.1835    6.65816
11.2041    6.65816
11.2247    6.67702
11.2247    6.67702
11.2454    6.67702
11.266    6.69588
11.266    6.69588
11.2866    6.69588
11.2866    6.69588
11.3073    6.71475
11.3279    6.71475
11.3279    6.71475
11.3485    6.71475
11.3485    6.71475
11.3485    6.71475
11.3692    6.71475
11.3898    6.71475
11.4105    6.69588
11.4311    6.69588
11.4517    6.69588
11.4724    6.69588
11.493    6.69588
11.5136    6.69588
11.5343    6.69588
11.5343    6.71475
11.5755    6.71475
11.5962    6.73361
11.6168    6.73361
11.6374    6.75247
11.6581    6.77133
11.6993    6.80905
11.72    6.82792
11.7406    6.84678
11.7612    6.86564
11.7819    6.8845
11.8438    6.92222
11.8644    6.94109
11.885    6.95995
11.9057    6.97881
11.9263    6.97881
11.9676    7.01653
11.9882    7.01653
12.0088    7.01653
12.0295    7.01653
12.0707    7.01653
12.112    7.01653
12.1326    7.01653
12.1739    7.01653
12.1945    7.01653
12.2358    7.01653
12.2771    7.01653
12.3183    7.01653
12.339    7.03539
12.3802    7.03539
12.4215    7.03539
12.4834    7.05426
12.504    7.07312
12.5453    7.07312
12.5659    7.09198
