7.44878    7.39377
7.44878    7.39377
7.46941    7.39377
7.46941    7.39377
7.46941    7.39377
7.49004    7.41263
7.53131    7.41263
7.53131    7.43149
7.55194    7.43149
7.55194    7.45035
7.57258    7.46921
7.61385    7.48807
7.63448    7.50694
7.61385    7.50694
7.65511    7.5258
7.67575    7.54466
7.67575    7.54466
7.67575    7.54466
7.69638    7.56352
7.73765    7.56352
7.75828    7.56352
7.75828    7.56352
7.75828    7.58238
7.77892    7.58238
7.82018    7.58238
7.86145    7.62011
7.88208    7.63897
7.88208    7.65783
7.90272    7.67669
7.94398    7.69555
8.00589    7.73327
8.02652    7.75214
8.06779    7.771
8.10905    7.78986
8.15032    7.80872
8.23286    7.82758
8.27412    7.84644
8.31539    7.84644
8.35666    7.84644
8.41856    7.86531
8.48046    7.86531
8.563    7.86531
8.60426    7.86531
8.66617    7.86531
8.6868    7.88417
8.78997    7.88417
8.83124    7.88417
8.8725    7.90303
8.9344    7.90303
8.99631    7.90303
9.09947    7.90303
9.16137    7.90303
9.20264    7.92189
9.26454    7.92189
9.32644    7.92189
9.40898    7.92189
9.45025    7.90303
9.51215    7.90303
9.57405    7.88417
9.61532    7.86531
9.69785    7.80872
9.75975    7.78986
9.84229    7.771
9.88356    7.75214
9.94546    7.73327
10.028    7.69555
10.0899    7.69555
10.1518    7.67669
10.1931    7.65783
10.255    7.65783
10.3788    7.62011
10.4407    7.60124
10.4819    7.58238
10.5232    7.56352
10.5645    7.56352
10.647    7.5258
10.6883    7.50694
10.7089    7.48807
10.7708    7.48807
10.7914    7.46921
10.874    7.41263
10.8946    7.39377
10.9152    7.35604
10.9565    7.33718
10.9978    7.29946
11.0597    7.24287
11.0803    7.22401
11.1216    7.20515
11.1628    7.18629
11.2041    7.16743
11.2866    7.1297
11.3279    7.1297
11.3692    7.11084
11.4105    7.11084
11.4724    7.09198
11.5343    7.09198
11.5962    7.09198
11.6374    7.07312
11.6787    7.07312
11.72    7.07312
11.8231    7.07312
11.885    7.05426
11.9263    7.05426
11.9676    7.05426
12.0295    7.03539
12.1326    7.03539
12.1945    7.01653
12.2564    7.01653
12.2977    7.01653
12.3596    7.01653
12.4834    6.99767
12.5453    6.99767
12.5866    6.99767
12.6278    6.99767
12.6897    6.97881
12.8135    6.97881
12.8754    6.97881
12.9167    6.97881
12.9786    6.97881
