7.46941    7.84644
7.44878    7.84644
7.42814    7.86531
7.42814    7.86531
7.40751    7.88417
7.36624    7.88417
7.36624    7.90303
7.34561    7.90303
7.32497    7.90303
7.32497    7.90303
7.30434    7.90303
7.30434    7.90303
7.30434    7.90303
7.30434    7.90303
7.30434    7.90303
7.30434    7.90303
7.30434    7.88417
7.28371    7.88417
7.28371    7.86531
7.28371    7.86531
7.26307    7.84644
7.26307    7.82758
7.24244    7.80872
7.24244    7.80872
7.24244    7.78986
7.24244    7.771
7.24244    7.771
7.24244    7.75214
7.24244    7.75214
7.24244    7.75214
7.26307    7.73327
7.28371    7.73327
7.28371    7.73327
7.28371    7.73327
7.30434    7.73327
7.42814    7.39377
7.42814    7.39377
7.44878    7.39377
7.44878    7.39377
7.46941    7.41263
7.49004    7.41263
7.51068    7.41263
7.53131    7.43149
7.55194    7.43149
7.59321    7.43149
7.65511    7.45035
7.69638    7.45035
7.73765    7.46921
7.75828    7.46921
7.79955    7.46921
7.88208    7.48807
7.92335    7.48807
7.96462    7.48807
8.00589    7.50694
8.04715    7.50694
8.10905    7.5258
8.15032    7.54466
8.19159    7.54466
8.23286    7.54466
8.27412    7.56352
8.33603    7.56352
8.37729    7.58238
8.41856    7.58238
8.45983    7.58238
8.5011    7.60124
8.60426    7.62011
8.64553    7.62011
8.6868    7.63897
8.72807    7.63897
8.76933    7.63897
8.85187    7.65783
8.89314    7.65783
8.9344    7.65783
8.99631    7.65783
9.03757    7.65783
9.12011    7.65783
9.18201    7.65783
9.22328    7.65783
9.26454    7.65783
9.32644    7.65783
9.40898    7.65783
9.45025    7.65783
9.49151    7.65783
9.53278    7.65783
9.57405    7.65783
9.63595    7.63897
9.67722    7.63897
9.71849    7.63897
9.75975    7.62011
9.80102    7.62011
9.86292    7.60124
9.90419    7.60124
9.94546    7.60124
9.98672    7.58238
10.0074    7.58238
10.0693    7.58238
10.0899    7.56352
10.1312    7.56352
10.1518    7.54466
10.1724    7.54466
10.2343    7.50694
10.255    7.48807
10.2962    7.46921
10.3169    7.45035
10.3375    7.43149
10.3788    7.39377
10.3994    7.3749
10.4407    7.35604
10.4613    7.35604
10.4819    7.33718
10.5232    7.29946
10.5232    7.29946
10.5438    7.2806
10.5645    7.26173
10.5851    7.26173
10.6264    7.22401
10.647    7.22401
10.6676    7.20515
10.6883    7.18629
10.7089    7.18629
10.7502    7.16743
10.7708    7.14856
10.7914    7.14856
10.8121    7.1297
10.8327    7.1297
10.874    7.11084
10.8946    7.09198
10.9152    7.09198
10.9359    7.09198
10.9565    7.07312
10.9771    7.07312
10.9978    7.07312
11.0184    7.05426
11.039    7.05426
11.039    7.05426
11.0803    7.03539
11.1009    7.03539
11.1009    7.03539
11.1216    7.03539
11.1422    7.01653
11.1835    7.01653
11.2041    7.01653
11.2247    6.99767
11.2247    6.99767
11.2454    6.99767
11.2866    6.97881
11.3073    6.97881
11.3279    6.97881
11.3279    6.97881
11.3485    6.97881
11.3898    6.97881
11.4105    6.97881
11.4311    6.97881
11.4517    6.97881
11.4517    6.97881
11.493    6.97881
11.5136    6.97881
11.5136    6.97881
11.5343    6.97881
11.5343    6.97881
11.5549    6.97881
11.5755    6.97881
11.5962    6.97881
11.5962    6.97881
11.6168    6.97881
11.6374    6.99767
11.6581    6.99767
11.6787    6.99767
11.6787    6.99767
11.6993    6.99767
11.72    6.99767
11.7406    6.99767
11.7612    6.99767
11.7612    6.99767
11.7819    6.99767
11.8231    6.99767
11.8438    6.99767
11.8644    6.99767
11.885    6.97881
11.9057    6.97881
11.9469    6.97881
11.9676    6.97881
11.9882    6.97881
11.9882    6.97881
12.0088    6.97881
12.0501    6.97881
12.0707    6.97881
12.0914    6.97881
12.112    6.97881
12.112    6.97881
12.112    6.99767
12.1326    6.99767
12.1326    6.99767
12.1533    6.99767
12.1533    6.99767
12.1945    6.99767
12.2152    6.99767
12.2358    6.99767
12.2564    6.99767
12.2771    6.99767
12.3183    6.99767
12.339    6.99767
12.3802    6.99767
12.4009    6.97881
12.4215    6.97881
12.4834    6.95995
