7.20117    8.35571
7.20117    8.37457
7.2218    8.37457
7.20117    8.39343
7.2218    8.39343
7.2218    8.41229
7.2218    8.43116
7.2218    8.43116
7.2218    8.43116
7.24244    8.43116
7.26307    8.45002
7.24244    8.45002
7.26307    8.45002
7.26307    8.45002
7.26307    8.45002
7.28371    8.43116
7.30434    8.43116
7.28371    8.43116
7.30434    8.43116
7.30434    8.43116
7.30434    8.45002
7.30434    8.45002
7.30434    8.45002
7.30434    8.45002
7.30434    8.45002
7.28371    8.46888
7.30434    8.46888
7.28371    8.48774
7.30434    8.48774
7.28371    8.48774
7.30434    8.5066
7.28371    8.5066
7.30434    8.5066
7.28371    8.5066
7.28371    8.52546
7.30434    8.52546
7.28371    8.52546
7.30434    8.52546
7.28371    8.52546
7.30434    8.52546
7.30434    8.52546
7.30434    8.52546
7.32497    8.52546
7.34561    8.52546
7.34561    8.52546
7.38687    8.5066
7.40751    8.5066
7.44878    8.48774
7.46941    8.48774
7.46941    8.46888
7.53131    8.45002
7.57258    8.43116
7.59321    8.43116
7.61385    8.41229
7.65511    8.41229
7.73765    8.39343
7.77892    8.39343
7.82018    8.39343
7.86145    8.39343
7.90272    8.39343
8.00589    8.37457
8.02652    8.37457
8.10905    8.37457
8.15032    8.39343
8.21222    8.39343
8.29476    8.41229
8.33603    8.41229
8.37729    8.41229
8.43919    8.41229
8.5011    8.41229
8.58363    8.41229
8.6249    8.41229
8.6868    8.39343
8.7487    8.39343
8.76933    8.37457
8.89314    8.35571
8.9344    8.35571
8.97567    8.35571
9.01694    8.35571
9.05821    8.35571
9.14074    8.35571
9.18201    8.35571
9.20264    8.35571
9.22328    8.35571
9.28518    8.35571
9.32644    8.35571
9.36771    8.35571
9.40898    8.35571
9.42961    8.35571
9.49151    8.35571
9.53278    8.33685
9.55342    8.33685
9.61532    8.31799
9.61532    8.29912
9.65658    8.29912
9.69785    8.2614
9.71849    8.24254
9.75975    8.22368
9.80102    8.20482
9.82165    8.18595
9.84229    8.14823
9.88356    8.12937
9.90419    8.11051
9.92482    8.09165
9.96609    8.07278
10.0074    8.03506
10.028    8.0162
10.0486    7.99734
10.0899    7.97848
10.1105    7.97848
10.1518    7.94075
10.1931    7.94075
10.2137    7.92189
10.255    7.90303
10.2756    7.90303
10.3169    7.86531
10.3375    7.86531
10.3788    7.84644
10.3994    7.82758
10.3994    7.80872
10.4407    7.771
10.4613    7.75214
10.4819    7.73327
10.4819    7.71441
10.5026    7.69555
10.5645    7.67669
10.5645    7.65783
10.5851    7.63897
10.6264    7.63897
10.647    7.62011
10.6883    7.60124
10.7089    7.58238
10.7502    7.58238
10.7708    7.58238
10.7914    7.56352
10.8533    7.56352
10.8533    7.56352
10.874    7.56352
10.9152    7.54466
10.9359    7.54466
10.9565    7.54466
10.9978    7.5258
11.0184    7.5258
11.0184    7.50694
11.0184    7.50694
11.039    7.46921
11.0803    7.46921
11.1009    7.45035
11.0803    7.45035
11.1216    7.43149
11.1422    7.43149
11.1422    7.41263
11.1628    7.41263
11.2041    7.41263
11.2247    7.41263
11.2247    7.39377
11.2454    7.39377
11.266    7.39377
11.266    7.39377
11.2866    7.39377
11.3279    7.3749
11.3485    7.3749
11.3279    7.3749
11.3485    7.3749
11.3485    7.35604
11.3485    7.33718
11.3485    7.33718
11.3692    7.31832
11.3898    7.31832
11.3692    7.31832
11.3898    7.29946
11.3692    7.2806
11.3898    7.2806
11.3692    7.2806
11.3898    7.26173
11.3898    7.24287
11.3898    7.24287
11.3898    7.24287
11.4105    7.24287
11.4311    7.24287
11.4311    7.24287
11.4517    7.24287
11.4724    7.24287
11.4724    7.24287
11.4724    7.24287
11.493    7.24287
11.5136    7.24287
11.5136    7.24287
11.5136    7.24287
11.5136    7.24287
11.5136    7.22401
11.5136    7.22401
11.5136    7.22401
11.5136    7.20515
11.5136    7.20515
11.493    7.18629
11.5136    7.18629
11.493    7.18629
11.5136    7.18629
11.493    7.16743
11.5136    7.16743
11.5136    7.16743
11.5136    7.16743
11.5136    7.16743
11.5343    7.16743
11.5549    7.16743
11.5549    7.16743
11.5549    7.16743
11.5549    7.16743
11.5549    7.16743
11.5755    7.16743
11.5962    7.16743
11.5755    7.16743
11.5962    7.16743
11.5755    7.16743
11.5962    7.14856
11.5755    7.14856
11.5962    7.14856
11.5755    7.14856
11.5962    7.1297
11.5755    7.1297
11.5755    7.1297
11.5755    7.1297
11.5755    7.1297
11.5755    7.1297
11.5755    7.11084
11.5755    7.11084
11.5755    7.11084
11.5755    7.11084
11.5755    7.11084
11.5755    7.11084
11.5755    7.11084
11.5962    7.11084
11.5755    7.11084
11.5962    7.11084
11.5755    7.11084
11.5962    7.11084
11.5962    7.11084
11.5962    7.11084
11.5962    7.11084
11.5962    7.11084
11.6168    7.1297
11.6374    7.1297
11.6168    7.1297
11.6374    7.1297
11.6374    7.1297
11.6374    7.1297
11.6374    7.1297
11.6374    7.1297
11.6374    7.1297
11.6374    7.1297
11.6374    7.11084
11.6374    7.11084
11.6374    7.11084
11.6374    7.09198
11.6374    7.09198
11.6374    7.09198
11.6374    7.07312
11.6581    7.07312
11.6787    7.07312
11.6787    7.05426
11.6787    7.05426
11.6993    7.05426
11.72    7.03539
11.72    7.03539
11.7612    7.01653
11.7819    7.01653
11.8231    6.99767
11.8644    6.99767
11.885    6.99767
11.9469    6.99767
11.9882    6.99767
12.0295    6.99767
12.0707    6.99767
12.0914    6.99767
12.1533    6.99767
12.1945    6.99767
12.2358    6.99767
12.2771    6.99767
12.2977    6.99767
12.3596    6.97881
12.4215    6.97881
12.4421    6.97881
12.504    6.95995
12.5247    6.95995
12.6278    6.95995
12.6485    6.95995
12.7104    6.97881
12.731    6.97881
12.7929    6.97881
12.8754    6.99767
12.9167    7.01653
12.958    7.03539
12.9992    7.05426
13.0405    7.07312
