7.53131    9.22335
7.53131    9.22335
7.53131    9.22335
7.53131    9.22335
7.53131    9.22335
7.53131    9.22335
7.53131    9.22335
7.53131    9.22335
7.53131    9.22335
7.53131    9.22335
7.53131    9.22335
7.53131    9.22335
7.53131    9.22335
7.53131    9.20448
7.53131    9.18562
7.53131    9.20448
7.53131    9.18562
7.53131    9.18562
7.53131    9.18562
7.53131    9.18562
7.55194    9.16676
7.53131    9.1479
7.55194    9.1479
7.55194    9.1479
7.55194    9.12904
7.55194    9.11018
7.57258    9.11018
7.59321    9.11018
7.59321    9.09131
7.59321    9.07245
7.61385    9.07245
7.63448    9.07245
7.63448    9.07245
7.65511    9.07245
7.67575    9.07245
7.69638    9.07245
7.73765    9.07245
7.75828    9.07245
7.77892    9.09131
7.82018    9.07245
7.86145    9.11018
7.90272    9.11018
7.92335    9.12904
7.94398    9.11018
7.98525    9.12904
8.04715    9.12904
8.06779    9.12904
8.10905    9.12904
8.15032    9.12904
8.17096    9.11018
8.21222    9.11018
8.25349    9.09131
8.29476    9.05359
8.31539    9.05359
8.37729    9.03473
8.43919    8.99701
8.48046    8.97814
8.52173    8.94042
8.563    8.92156
8.60426    8.92156
8.6868    8.88384
8.72807    8.86497
8.76933    8.84611
8.78997    8.84611
8.83124    8.84611
8.89314    8.82725
8.95504    8.78953
8.97567    8.78953
9.03757    8.77067
9.05821    8.77067
9.16137    8.7518
9.20264    8.73294
9.24391    8.73294
9.28518    8.71408
9.32644    8.69522
9.40898    8.67636
9.45025    8.63863
9.49151    8.61977
9.51215    8.61977
9.57405    8.60091
9.63595    8.54433
9.67722    8.52546
9.71849    8.48774
9.75975    8.45002
9.80102    8.43116
9.86292    8.39343
9.88356    8.35571
9.94546    8.33685
9.96609    8.29912
10.0074    8.29912
10.0899    8.2614
10.1312    8.2614
10.1724    8.2614
10.2137    8.24254
10.255    8.24254
10.3169    8.22368
10.3375    8.20482
10.3994    8.20482
10.42    8.20482
10.4613    8.18595
10.5438    8.16709
10.5851    8.16709
10.6264    8.14823
10.647    8.12937
10.6676    8.11051
10.7295    8.07278
10.7502    8.05392
10.7914    8.03506
10.8327    7.99734
10.8533    7.97848
10.8946    7.94075
10.9152    7.92189
10.9565    7.88417
10.9978    7.84644
11.0184    7.80872
11.0597    7.75214
11.0803    7.75214
11.1216    7.73327
11.1628    7.69555
11.1835    7.67669
11.2247    7.65783
11.2454    7.62011
11.2866    7.60124
11.3073    7.62011
11.3279    7.58238
11.3898    7.54466
11.4105    7.5258
11.4517    7.5258
11.4724    7.50694
11.493    7.46921
11.5549    7.43149
11.5549    7.41263
11.5755    7.41263
11.6168    7.39377
11.6374    7.3749
11.6374    7.35604
11.6581    7.31832
11.6787    7.29946
11.6787    7.29946
11.6993    7.2806
11.72    7.24287
11.72    7.22401
11.7406    7.22401
11.7612    7.20515
11.7612    7.16743
11.7819    7.1297
11.8025    7.1297
11.8025    7.11084
11.8231    7.11084
11.8438    7.11084
11.8438    7.11084
11.8644    7.09198
11.885    7.07312
11.885    7.09198
11.9057    7.07312
11.9469    7.09198
11.9469    7.07312
11.9469    7.09198
11.9676    7.07312
11.9676    7.09198
11.9882    7.09198
12.0088    7.09198
12.0088    7.09198
12.0295    7.09198
12.0501    7.11084
12.0707    7.1297
12.112    7.11084
12.1326    7.1297
12.1326    7.1297
12.1533    7.1297
12.2152    7.11084
12.2152    7.1297
12.2358    7.11084
12.2771    7.11084
12.2977    7.11084
12.3183    7.09198
12.3596    7.07312
12.3802    7.07312
12.4009    7.07312
12.4421    7.07312
12.4834    7.07312
12.5247    7.07312
12.5453    7.09198
12.5659    7.07312
12.6072    7.09198
12.6691    7.09198
