6.70596    7.46921
6.70596    7.46921
6.70596    7.46921
6.70596    7.46921
6.70596    7.46921
6.70596    7.46921
6.70596    7.46921
6.70596    7.46921
6.70596    7.46921
6.70596    7.46921
6.70596    7.45035
6.70596    7.46921
6.7266    7.45035
6.70596    7.45035
6.7266    7.45035
6.7266    7.45035
6.7266    7.43149
6.7266    7.41263
6.7266    7.43149
6.7266    7.39377
6.74723    7.3749
6.76786    7.3749
6.74723    7.3749
6.76786    7.35604
6.74723    7.31832
6.7885    7.2806
6.7885    7.26173
6.7885    7.26173
6.80913    7.24287
6.7885    7.22401
6.82976    7.20515
6.82976    7.18629
6.8504    7.18629
6.82976    7.16743
6.8504    7.14856
6.87103    7.14856
6.89166    7.14856
6.89166    7.14856
6.9123    7.1297
6.95357    7.11084
6.9742    7.1297
6.99483    7.11084
7.0361    7.1297
7.05673    7.1297
7.05673    7.1297
7.098    7.14856
7.11864    7.16743
7.1599    7.16743
7.18054    7.16743
7.20117    7.18629
7.26307    7.20515
7.28371    7.18629
7.32497    7.20515
7.34561    7.20515
7.36624    7.20515
7.44878    7.20515
7.49004    7.20515
7.53131    7.20515
7.57258    7.20515
7.63448    7.20515
7.69638    7.20515
7.75828    7.20515
7.79955    7.20515
7.84082    7.20515
7.88208    7.20515
7.96462    7.20515
8.00589    7.22401
8.04715    7.24287
8.08842    7.24287
8.12969    7.24287
8.19159    7.2806
8.25349    7.2806
8.27412    7.29946
8.33603    7.33718
8.35666    7.35604
8.43919    7.3749
8.48046    7.41263
8.52173    7.41263
8.54236    7.43149
8.563    7.43149
8.64553    7.46921
8.6868    7.46921
8.72807    7.48807
8.7487    7.50694
8.76933    7.50694
8.85187    7.5258
8.89314    7.54466
8.9344    7.54466
8.97567    7.54466
8.99631    7.54466
9.03757    7.56352
9.07884    7.58238
9.09947    7.58238
9.14074    7.58238
9.18201    7.60124
9.22328    7.62011
9.26454    7.60124
9.28518    7.62011
9.30581    7.62011
9.34708    7.62011
9.38835    7.63897
9.42961    7.63897
9.45025    7.65783
9.47088    7.63897
9.51215    7.65783
9.55342    7.65783
9.57405    7.65783
9.57405    7.65783
9.59468    7.65783
9.63595    7.65783
9.67722    7.63897
9.69785    7.65783
9.71849    7.63897
9.75975    7.63897
9.78039    7.62011
9.82165    7.58238
9.84229    7.56352
9.90419    7.56352
9.92482    7.54466
9.96609    7.50694
10.028    7.46921
10.028    7.45035
10.0693    7.45035
10.0899    7.43149
10.1312    7.41263
10.1724    7.39377
10.1931    7.3749
10.1931    7.3749
10.2137    7.35604
10.255    7.33718
10.2962    7.31832
10.3169    7.29946
10.3169    7.29946
10.3375    7.2806
10.3788    7.26173
10.42    7.24287
10.4407    7.20515
10.4407    7.20515
10.4613    7.18629
10.4819    7.18629
10.5026    7.16743
10.5438    7.1297
10.5645    7.11084
10.5645    7.1297
10.5645    7.09198
10.6057    7.05426
10.6264    7.05426
10.647    7.03539
10.647    7.03539
10.6676    7.01653
10.7089    6.97881
10.7089    6.97881
10.7295    6.95995
10.7295    6.97881
10.7502    6.95995
10.7914    6.97881
10.8121    6.95995
10.8121    6.97881
10.8121    6.95995
10.8327    6.97881
10.874    6.97881
10.8946    6.97881
10.8946    6.97881
10.9152    6.97881
10.9359    6.99767
10.9565    7.03539
10.9771    7.03539
10.9771    7.05426
10.9978    7.03539
11.0184    7.05426
11.0184    7.05426
11.039    7.05426
11.0597    7.05426
11.039    7.07312
11.0597    7.07312
11.0597    7.07312
11.0597    7.07312
11.0803    7.07312
11.1009    7.07312
11.0803    7.07312
11.1216    7.05426
11.1216    7.03539
11.1216    7.03539
11.1216    7.03539
11.1216    7.03539
11.1422    7.01653
11.1216    6.99767
11.1422    6.99767
11.1216    6.99767
11.1422    6.97881
11.1422    6.95995
11.1422    6.95995
11.1422    6.95995
11.1422    6.95995
11.1422    6.95995
11.1628    6.95995
11.1835    6.95995
11.1628    6.95995
11.1835    6.95995
11.1835    6.95995
11.1835    6.95995
11.1835    6.95995
11.1835    6.97881
11.2041    6.95995
11.2247    6.97881
11.2041    6.97881
11.2247    6.97881
11.2041    6.97881
11.2247    6.97881
11.2247    6.97881
11.2247    6.99767
11.2247    6.99767
11.2247    6.99767
11.2247    6.99767
11.2247    6.99767
11.2454    6.99767
11.266    6.99767
11.2454    6.99767
11.266    6.99767
11.2454    6.99767
11.266    6.99767
11.266    6.99767
11.266    6.99767
11.266    6.97881
11.266    6.95995
11.266    6.97881
11.266    6.95995
11.266    6.97881
11.266    6.95995
11.266    6.97881
11.266    6.95995
11.266    6.95995
11.266    6.95995
11.266    6.95995
11.266    6.95995
11.266    6.95995
11.266    6.95995
11.266    6.95995
11.266    6.95995
11.266    6.95995
11.266    6.95995
11.266    6.95995
11.2866    6.95995
11.3073    6.95995
11.2866    6.95995
11.3073    6.95995
11.3073    6.95995
11.3073    6.95995
11.3073    6.95995
11.3073    6.95995
11.3279    6.95995
11.3485    6.95995
11.3279    6.97881
11.3485    6.95995
11.3485    6.97881
11.3485    6.95995
11.3485    6.97881
11.3485    6.95995
11.3485    6.97881
11.3485    6.95995
11.3485    6.97881
11.3485    6.95995
11.3485    6.97881
11.3485    6.95995
11.3692    6.97881
11.3898    6.95995
11.3692    6.97881
11.3898    6.95995
11.3692    6.97881
11.3898    6.95995
11.3898    6.95995
11.3898    6.95995
11.3898    6.95995
11.4105    6.94109
11.4311    6.94109
11.4311    6.92222
11.4517    6.94109
11.4724    6.92222
11.4724    6.94109
11.493    6.92222
11.5136    6.94109
11.5136    6.94109
11.5343    6.94109
11.5549    6.95995
11.5549    6.97881
11.5755    6.97881
11.5962    6.99767
11.5962    7.01653
11.5962    6.99767
11.6168    7.01653
11.6581    6.99767
11.6787    7.01653
11.6787    6.99767
11.6787    6.99767
11.6993    6.99767
11.7406    6.97881
11.7612    6.95995
11.7612    6.97881
11.7819    6.95995
11.8025    6.97881
11.8231    6.97881
11.8644    6.97881
11.885    6.97881
11.885    6.97881
11.9057    6.99767
11.9676    7.03539
11.9882    7.03539
12.0295    7.05426
12.0501    7.03539
12.0501    7.05426
12.0914    7.05426
12.1326    7.05426
12.1533    7.05426
12.1945    7.05426
12.2152    7.05426
12.2564    7.03539
12.2771    7.03539
12.3183    7.03539
12.3596    7.03539
12.3802    7.03539
12.4215    7.03539
12.4628    7.03539
12.4834    7.03539
12.5247    7.03539
