6.95357    7.86531
6.95357    7.86531
6.95357    7.84644
6.95357    7.82758
6.95357    7.84644
6.9742    7.80872
6.9742    7.80872
6.9742    7.80872
6.9742    7.80872
6.9742    7.80872
6.9742    7.80872
6.9742    7.80872
6.9742    7.80872
6.9742    7.80872
6.9742    7.80872
6.99483    7.82758
6.99483    7.84644
6.99483    7.84644
7.01547    7.86531
7.01547    7.88417
7.01547    7.90303
7.0361    7.94075
7.0361    7.95961
7.0361    7.95961
7.0361    7.95961
7.05673    7.99734
7.05673    7.99734
7.05673    8.0162
7.07737    8.03506
7.07737    8.03506
7.098    8.03506
7.098    8.03506
7.098    8.05392
7.11864    8.07278
7.11864    8.05392
7.13927    8.07278
7.13927    8.05392
7.13927    8.05392
7.1599    8.05392
7.1599    8.05392
7.18054    8.03506
7.20117    7.99734
7.2218    7.99734
7.2218    7.97848
7.24244    7.99734
7.28371    7.95961
7.30434    7.95961
7.32497    7.95961
7.34561    7.95961
7.36624    7.95961
7.42814    7.95961
7.44878    7.95961
7.46941    7.95961
7.51068    7.95961
7.55194    7.97848
7.61385    7.99734
7.65511    7.99734
7.67575    8.0162
7.71701    8.03506
7.75828    8.0162
7.82018    8.03506
7.84082    8.0162
7.88208    8.03506
7.90272    8.0162
7.94398    8.03506
8.00589    7.99734
8.04715    7.97848
8.08842    7.99734
8.12969    7.97848
8.17096    7.99734
8.23286    7.97848
8.27412    7.99734
8.29476    7.97848
8.33603    7.99734
8.37729    7.97848
8.43919    7.99734
8.48046    7.99734
8.52173    7.99734
8.563    8.0162
8.60426    8.03506
8.66617    8.03506
8.70743    8.05392
8.7487    8.07278
8.76933    8.05392
8.8106    8.07278
8.8725    8.07278
8.91377    8.07278
8.95504    8.07278
8.99631    8.07278
9.01694    8.07278
9.09947    8.07278
9.14074    8.07278
9.16137    8.05392
9.20264    8.07278
9.24391    8.07278
9.28518    8.07278
9.32644    8.09165
9.34708    8.11051
9.36771    8.09165
9.40898    8.12937
9.45025    8.12937
9.47088    8.12937
9.51215    8.12937
9.53278    8.12937
9.55342    8.12937
9.59468    8.12937
9.63595    8.12937
9.65658    8.12937
9.67722    8.12937
9.69785    8.12937
9.75975    8.12937
9.78039    8.12937
9.82165    8.12937
9.84229    8.12937
9.88356    8.14823
9.92482    8.12937
9.96609    8.14823
9.98672    8.12937
10.0074    8.14823
10.028    8.12937
10.0693    8.12937
10.0899    8.12937
10.1105    8.12937
10.1312    8.11051
10.1518    8.09165
10.1931    8.09165
10.2137    8.07278
10.2343    8.05392
10.255    8.05392
10.2756    8.05392
10.3169    8.05392
10.3375    8.03506
10.3581    8.0162
10.3994    8.03506
10.42    8.0162
10.4613    8.0162
10.4819    8.0162
10.5026    8.0162
10.5232    7.99734
10.5438    7.97848
10.5645    7.95961
10.5851    7.94075
10.6057    7.94075
10.6057    7.92189
10.6264    7.88417
10.6264    7.84644
10.647    7.80872
10.647    7.78986
10.6676    7.78986
10.6676    7.771
10.6883    7.71441
10.6883    7.71441
10.7089    7.69555
10.7089    7.65783
10.7295    7.65783
10.7502    7.63897
10.7502    7.63897
10.7708    7.63897
10.7914    7.63897
10.7914    7.63897
10.8327    7.63897
10.8533    7.63897
10.8533    7.63897
10.874    7.63897
10.8946    7.63897
10.9152    7.65783
10.9152    7.63897
10.9359    7.65783
10.9359    7.63897
10.9565    7.63897
10.9565    7.63897
10.9771    7.63897
10.9771    7.62011
10.9771    7.60124
10.9771    7.60124
10.9771    7.58238
10.9771    7.56352
10.9771    7.56352
10.9771    7.54466
10.9771    7.5258
10.9978    7.5258
10.9978    7.5258
10.9978    7.5258
10.9978    7.5258
11.0184    7.5258
11.0184    7.5258
11.039    7.5258
11.039    7.5258
11.0597    7.5258
11.0597    7.5258
11.0803    7.54466
11.0803    7.5258
11.0803    7.54466
11.0803    7.5258
11.0803    7.54466
11.0803    7.50694
11.0803    7.50694
11.0803    7.48807
11.0803    7.50694
11.0803    7.46921
11.0803    7.45035
11.0803    7.46921
11.0803    7.43149
11.0803    7.43149
11.0803    7.41263
11.0803    7.41263
11.0803    7.41263
11.0803    7.41263
11.0803    7.41263
11.0803    7.41263
11.1009    7.43149
11.1009    7.41263
11.1009    7.43149
11.1216    7.43149
11.1216    7.43149
11.1216    7.43149
11.1422    7.43149
11.1422    7.43149
11.1422    7.43149
11.1422    7.43149
11.1422    7.43149
11.1422    7.43149
11.1422    7.43149
11.1422    7.43149
11.1422    7.43149
11.1422    7.43149
11.1422    7.43149
11.1422    7.43149
11.1422    7.43149
11.1422    7.41263
11.1422    7.43149
11.1422    7.41263
11.1422    7.43149
11.1216    7.41263
11.1216    7.41263
11.1216    7.41263
11.1216    7.41263
11.1216    7.41263
11.1216    7.41263
11.1216    7.41263
11.1216    7.39377
11.1216    7.3749
11.1216    7.39377
11.1216    7.3749
11.1216    7.39377
11.1216    7.3749
11.1216    7.39377
11.1216    7.3749
11.1422    7.39377
11.1422    7.3749
11.1422    7.39377
11.1628    7.39377
11.1628    7.39377
11.1628    7.39377
11.1628    7.39377
11.1835    7.41263
11.1835    7.43149
11.1835    7.41263
11.1835    7.43149
11.1835    7.41263
11.1835    7.43149
11.1835    7.41263
11.1835    7.43149
11.1835    7.41263
11.1835    7.41263
11.1835    7.41263
11.1835    7.41263
11.1835    7.41263
11.1835    7.41263
11.1835    7.41263
11.1835    7.39377
11.1835    7.3749
11.2041    7.39377
11.2041    7.3749
11.2041    7.39377
11.2247    7.3749
11.2247    7.39377
11.2247    7.3749
11.2454    7.39377
11.2454    7.3749
11.266    7.39377
11.266    7.3749
11.266    7.39377
11.2866    7.35604
11.2866    7.35604
11.3073    7.33718
11.3073    7.35604
11.3073    7.31832
11.3279    7.31832
11.3279    7.31832
11.3485    7.29946
11.3692    7.31832
11.3898    7.29946
11.3898    7.31832
11.4105    7.29946
11.4311    7.31832
11.4311    7.29946
11.4517    7.31832
11.4517    7.29946
11.4724    7.29946
11.493    7.29946
11.493    7.29946
11.493    7.2806
11.5136    7.26173
11.5136    7.26173
11.5343    7.24287
11.5343    7.22401
11.5549    7.22401
11.5549    7.22401
11.5755    7.22401
11.5962    7.22401
11.5962    7.22401
11.6168    7.22401
11.6168    7.22401
11.6168    7.22401
11.6374    7.22401
11.6374    7.22401
11.6374    7.22401
11.6581    7.22401
11.6581    7.22401
11.6581    7.20515
11.6581    7.18629
11.6581    7.20515
11.6787    7.18629
11.6787    7.18629
11.6787    7.16743
11.6787    7.14856
11.6787    7.14856
11.6787    7.14856
11.6787    7.14856
11.6787    7.14856
11.6787    7.16743
11.6787    7.14856
11.6787    7.16743
11.6993    7.16743
11.6993    7.18629
11.6993    7.20515
11.6993    7.20515
11.72    7.20515
11.72    7.20515
11.7406    7.20515
11.7406    7.20515
11.7612    7.20515
11.7612    7.20515
11.7819    7.20515
11.8025    7.18629
11.8025    7.20515
11.8231    7.18629
11.8231    7.18629
11.8438    7.16743
11.8644    7.14856
11.885    7.14856
11.9057    7.14856
11.9057    7.14856
11.9263    7.14856
11.9469    7.14856
11.9676    7.1297
11.9882    7.1297
12.0088    7.11084
12.0295    7.1297
12.0707    7.11084
12.0914    7.1297
12.112    7.11084
12.1326    7.1297
12.1533    7.11084
12.2152    7.1297
12.2358    7.1297
12.2564    7.1297
12.2977    7.1297
12.3183    7.1297
12.3802    7.14856
12.4009    7.14856
12.4215    7.16743
12.4628    7.14856
12.4834    7.14856
12.5453    7.14856
12.5866    7.14856
12.6278    7.1297
12.6485    7.11084
12.6897    7.11084
12.7516    7.09198
12.7929    7.07312
12.8342    7.09198
