6.23139    7.60124
6.25202    7.60124
6.25202    7.62011
6.27265    7.63897
6.27265    7.63897
6.31392    7.67669
6.31392    7.67669
6.33455    7.67669
6.35519    7.69555
6.35519    7.69555
6.37582    7.71441
6.39646    7.71441
6.41709    7.71441
6.41709    7.71441
6.43772    7.71441
6.45836    7.71441
6.45836    7.71441
6.47899    7.71441
6.47899    7.71441
6.49962    7.71441
6.52026    7.71441
6.54089    7.71441
6.54089    7.71441
6.56153    7.71441
6.56153    7.71441
6.60279    7.71441
6.60279    7.73327
6.62343    7.73327
6.64406    7.73327
6.64406    7.75214
6.68533    7.771
6.70596    7.78986
6.70596    7.78986
6.7266    7.80872
6.74723    7.80872
6.7885    7.82758
6.7885    7.82758
6.80913    7.82758
6.82976    7.82758
6.82976    7.82758
6.87103    7.82758
6.89166    7.82758
6.89166    7.80872
6.9123    7.80872
6.93293    7.78986
6.9742    7.75214
6.99483    7.73327
7.01547    7.71441
7.0361    7.69555
7.05673    7.67669
7.098    7.63897
7.11864    7.62011
7.13927    7.60124
7.1599    7.58238
7.18054    7.56352
7.2218    7.54466
7.24244    7.5258
7.26307    7.5258
7.30434    7.5258
7.32497    7.50694
7.38687    7.50694
7.40751    7.50694
7.44878    7.50694
7.49004    7.50694
7.51068    7.50694
7.59321    7.5258
7.63448    7.5258
7.65511    7.5258
7.69638    7.54466
7.71701    7.54466
7.77892    7.56352
7.82018    7.56352
7.86145    7.58238
7.90272    7.58238
7.92335    7.58238
8.00589    7.60124
8.04715    7.60124
8.08842    7.62011
8.10905    7.62011
8.15032    7.63897
8.21222    7.65783
8.25349    7.65783
8.29476    7.67669
8.31539    7.69555
8.33603    7.69555
8.39793    7.71441
8.41856    7.73327
8.43919    7.73327
8.48046    7.75214
8.5011    7.75214
8.563    7.771
8.58363    7.771
8.6249    7.78986
8.64553    7.78986
8.6868    7.78986
8.72807    7.80872
8.7487    7.80872
8.78997    7.82758
8.8106    7.82758
8.83124    7.84644
8.8725    7.86531
8.89314    7.86531
8.91377    7.88417
8.9344    7.90303
8.95504    7.90303
8.99631    7.92189
9.01694    7.92189
9.03757    7.94075
9.05821    7.94075
9.07884    7.94075
9.12011    7.94075
9.14074    7.94075
9.16137    7.94075
9.18201    7.92189
9.20264    7.92189
9.24391    7.90303
9.26454    7.90303
9.28518    7.90303
9.30581    7.90303
9.32644    7.90303
9.36771    7.88417
9.40898    7.88417
9.42961    7.88417
9.47088    7.88417
9.49151    7.88417
9.55342    7.88417
9.59468    7.88417
9.61532    7.88417
9.65658    7.88417
9.67722    7.88417
9.73912    7.88417
9.78039    7.88417
9.80102    7.88417
9.84229    7.86531
9.86292    7.86531
9.90419    7.82758
9.94546    7.80872
9.96609    7.78986
9.98672    7.771
10.0074    7.75214
10.0693    7.71441
10.0899    7.69555
10.1105    7.67669
10.1312    7.65783
10.1518    7.63897
10.2137    7.60124
10.2343    7.58238
10.255    7.56352
10.2756    7.54466
10.2962    7.5258
10.3375    7.50694
10.3375    7.48807
10.3581    7.46921
10.3788    7.46921
10.3788    7.45035
10.3994    7.41263
10.42    7.39377
10.42    7.3749
10.42    7.33718
10.4407    7.31832
10.4407    7.2806
10.4407    7.26173
10.4407    7.24287
10.4613    7.22401
10.4613    7.20515
10.4613    7.16743
10.4819    7.14856
10.4819    7.14856
10.4819    7.1297
10.5026    7.1297
10.5026    7.11084
10.5232    7.11084
10.5232    7.11084
10.5438    7.11084
10.5438    7.11084
10.5645    7.11084
10.5645    7.11084
10.5851    7.11084
10.5851    7.11084
10.6057    7.11084
10.6264    7.11084
10.6264    7.09198
10.6264    7.09198
10.647    7.09198
10.647    7.07312
10.6676    7.05426
10.6676    7.05426
10.6676    7.03539
10.6883    7.03539
10.6883    7.01653
10.6883    6.99767
10.7089    6.99767
10.7089    6.97881
10.7089    6.97881
10.7089    6.95995
10.7295    6.95995
10.7295    6.94109
10.7295    6.94109
10.7295    6.94109
10.7295    6.94109
10.7502    6.94109
10.7502    6.94109
10.7708    6.94109
10.7708    6.95995
10.7708    6.95995
10.7914    6.97881
10.7914    6.99767
10.8121    6.99767
10.8121    7.01653
10.8327    7.01653
10.8533    7.03539
10.8533    7.05426
10.874    7.05426
10.874    7.05426
10.874    7.07312
10.8946    7.09198
10.8946    7.09198
10.8946    7.09198
10.8946    7.09198
10.8946    7.09198
10.8946    7.09198
10.8946    7.09198
10.8946    7.09198
10.8946    7.07312
10.8946    7.07312
10.8946    7.05426
10.8946    7.05426
10.8946    7.03539
10.8946    7.03539
10.8946    7.01653
10.8946    6.99767
10.8946    6.97881
10.8946    6.97881
10.8946    6.97881
10.8946    6.95995
10.9152    6.95995
10.9152    6.95995
10.9152    6.95995
10.9152    6.95995
10.9152    6.95995
10.9152    6.97881
10.9152    6.97881
10.9152    6.97881
10.9152    6.99767
10.9152    6.99767
10.9152    7.01653
10.9152    7.01653
10.9152    7.01653
10.9152    7.03539
10.9152    7.03539
10.9152    7.05426
10.9152    7.05426
10.9359    7.07312
10.9359    7.07312
10.9359    7.07312
10.9359    7.07312
10.9359    7.07312
10.9359    7.07312
10.9565    7.07312
10.9565    7.07312
10.9565    7.07312
10.9565    7.05426
10.9771    7.05426
10.9771    7.03539
10.9771    7.03539
10.9978    6.99767
10.9978    6.97881
10.9978    6.97881
11.0184    6.95995
11.0184    6.94109
11.039    6.92222
11.039    6.90336
11.0597    6.8845
11.0597    6.8845
11.0597    6.8845
11.0803    6.86564
11.0803    6.84678
11.0803    6.84678
11.0803    6.84678
11.0803    6.82792
11.0803    6.82792
11.0803    6.82792
11.0803    6.82792
11.0803    6.82792
11.0803    6.82792
11.0803    6.82792
11.0803    6.82792
11.0803    6.84678
11.0803    6.84678
11.0803    6.84678
11.0803    6.86564
11.0803    6.86564
11.0803    6.86564
11.0803    6.8845
11.0803    6.8845
11.1009    7.03539
11.1009    7.03539
11.1216    7.03539
11.1422    7.03539
11.1422    7.03539
11.1422    7.03539
11.1628    7.03539
11.1835    7.03539
11.1835    7.03539
11.1835    7.03539
11.1835    7.05426
11.2041    7.03539
11.2247    7.05426
11.2247    7.05426
11.2247    7.05426
11.2247    7.05426
11.2454    7.05426
11.266    7.05426
11.266    7.05426
11.266    7.05426
11.266    7.03539
11.2866    7.05426
11.3073    7.03539
11.3073    7.03539
11.3073    7.03539
11.3073    7.03539
11.3279    7.03539
11.3485    7.03539
11.3279    7.03539
11.3485    7.03539
11.3279    7.03539
11.3485    7.05426
11.3279    7.03539
11.3485    7.05426
11.3279    7.05426
11.3485    7.05426
11.3485    7.07312
11.3485    7.09198
11.3485    7.09198
11.3485    7.09198
11.3485    7.09198
11.3692    7.11084
11.3898    7.1297
11.3692    7.11084
11.3898    7.1297
11.3898    7.11084
11.3898    7.11084
11.3898    7.11084
11.4105    7.11084
11.4311    7.11084
11.4311    7.11084
11.4311    7.11084
11.4311    7.11084
11.4517    7.11084
11.4724    7.11084
11.4724    7.11084
11.4724    7.11084
11.4724    7.11084
11.493    7.1297
11.5136    7.11084
11.5343    7.11084
11.5549    7.11084
11.5549    7.11084
11.5549    7.11084
11.5755    7.11084
11.6168    7.11084
11.6374    7.11084
11.6374    7.11084
11.6374    7.1297
11.6581    7.11084
11.6993    7.1297
11.72    7.1297
11.72    7.14856
11.7406    7.16743
11.7612    7.16743
11.7819    7.18629
11.8025    7.20515
11.8025    7.18629
11.8231    7.20515
11.8644    7.18629
11.885    7.20515
11.885    7.18629
11.9057    7.18629
11.9469    7.18629
11.9676    7.18629
11.9676    7.18629
11.9882    7.18629
12.0088    7.18629
12.0088    7.18629
12.0295    7.18629
12.0707    7.20515
12.0914    7.20515
12.0914    7.20515
12.0914    7.20515
12.112    7.22401
12.1739    7.26173
12.1739    7.26173
12.1945    7.26173
12.2358    7.2806
12.2771    7.26173
12.3183    7.2806
12.3596    7.2806
12.4009    7.2806
12.4215    7.2806
12.4421    7.2806
12.5247    7.26173
12.5659    7.2806
12.6072    7.2806
12.6485    7.2806
12.6897    7.2806
12.7516    7.29946
12.7723    7.33718
12.8135    7.35604
12.8548    7.35604
12.8754    7.3749
12.9373    7.41263
12.9786    7.43149
13.0199    7.45035
13.0405    7.48807
13.0611    7.5258
13.1437    7.58238
13.1643    7.60124
13.185    7.63897
