5.55047    7.39377
5.55047    7.39377
5.55047    7.3749
5.57111    7.3749
5.55047    7.3749
5.59174    7.3749
5.61237    7.3749
5.59174    7.35604
5.63301    7.35604
5.63301    7.35604
5.65364    7.35604
5.65364    7.35604
5.67427    7.35604
5.69491    7.35604
5.69491    7.35604
5.71554    7.35604
5.73618    7.35604
5.71554    7.33718
5.73618    7.33718
5.73618    7.33718
5.75681    7.31832
5.77744    7.29946
5.75681    7.29946
5.77744    7.2806
5.77744    7.26173
5.77744    7.24287
5.77744    7.22401
5.77744    7.20515
5.77744    7.18629
5.79808    7.16743
5.81871    7.1297
5.81871    7.1297
5.81871    7.11084
5.83934    7.09198
5.85998    7.07312
5.88061    7.07312
5.90125    7.05426
5.90125    7.05426
5.92188    7.05426
5.96315    7.05426
6.00441    7.05426
6.02505    7.05426
6.04568    7.05426
6.08695    7.05426
6.10758    7.05426
6.14885    7.07312
6.16948    7.07312
6.21075    7.07312
6.23139    7.07312
6.23139    7.07312
6.27265    7.07312
6.31392    7.07312
6.31392    7.05426
6.33455    7.05426
6.37582    7.03539
6.43772    7.01653
6.43772    6.99767
6.47899    6.97881
6.49962    6.95995
6.54089    6.94109
6.60279    6.8845
6.62343    6.86564
6.66469    6.84678
6.70596    6.82792
6.74723    6.80905
6.80913    6.77133
6.82976    6.75247
6.87103    6.75247
6.9123    6.73361
6.95357    6.73361
7.01547    6.69588
7.0361    6.69588
7.098    6.69588
7.11864    6.67702
7.18054    6.67702
7.24244    6.67702
7.30434    6.67702
7.32497    6.65816
7.38687    6.65816
7.40751    6.6393
7.49004    6.62044
7.51068    6.60158
7.53131    6.58271
7.59321    6.56385
7.61385    6.54499
7.69638    6.50727
7.73765    6.48841
7.77892    6.46954
7.82018    6.45068
7.84082    6.43182
7.90272    6.3941
7.96462    6.37524
7.98525    6.35637
8.02652    6.35637
8.06779    6.33751
8.12969    6.31865
8.15032    6.29979
8.21222    6.29979
8.23286    6.29979
8.27412    6.28093
8.33603    6.28093
8.35666    6.28093
8.39793    6.28093
8.43919    6.28093
8.45983    6.28093
8.5011    6.26207
8.52173    6.2432
8.563    6.2432
8.58363    6.22434
8.60426    6.22434
8.66617    6.18662
8.6868    6.16776
8.72807    6.1489
8.7487    6.13004
8.76933    6.11117
8.83124    6.09231
8.85187    6.07345
8.89314    6.05459
8.9344    6.05459
8.95504    6.03573
8.99631    6.03573
9.01694    6.01687
9.05821    6.01687
9.09947    6.01687
9.12011    6.01687
9.16137    6.03573
9.20264    6.03573
9.22328    6.05459
9.28518    6.05459
9.30581    6.07345
9.36771    6.09231
9.38835    6.09231
9.42961    6.11117
9.45025    6.11117
9.45025    6.11117
9.49151    6.11117
9.51215    6.11117
9.55342    6.11117
9.57405    6.11117
9.57405    6.11117
9.61532    6.09231
9.63595    6.09231
9.67722    6.07345
9.69785    6.07345
9.69785    6.05459
9.73912    6.03573
9.78039    6.01687
9.80102    6.01687
9.84229    5.998
9.86292    5.998
9.88356    5.97914
9.92482    5.97914
9.94546    5.97914
9.94546    5.97914
9.96609    5.97914
10.0074    5.998
10.028    5.998
10.028    6.01687
10.0486    6.01687
10.0693    6.03573
10.0899    6.07345
10.1105    6.09231
10.1105    6.11117
10.1312    6.13004
10.1518    6.1489
10.1518    6.16776
10.1724    6.16776
10.1931    6.18662
10.1931    6.18662
10.2137    6.20548
10.255    6.20548
10.2756    6.20548
10.2756    6.20548
10.2962    6.20548
10.3375    6.20548
10.3788    6.18662
10.3994    6.18662
10.3994    6.18662
10.42    6.18662
10.4613    6.18662
10.5026    6.16776
10.5232    6.16776
10.5232    6.16776
10.5232    6.16776
10.5438    6.16776
10.5851    6.16776
10.6057    6.18662
10.5851    6.18662
10.6264    6.20548
10.6264    6.20548
10.6264    6.22434
10.647    6.2432
10.6264    6.2432
10.647    6.26207
10.647    6.28093
10.647    6.29979
10.647    6.31865
10.647    6.31865
10.647    6.33751
10.647    6.33751
10.6676    6.33751
10.6883    6.33751
10.6883    6.31865
10.6883    6.29979
10.6883    6.29979
10.7089    6.26207
10.7295    6.26207
10.7295    6.2432
10.7295    6.22434
10.7502    6.22434
10.7708    6.20548
10.7708    6.18662
10.7708    6.18662
10.7708    6.18662
10.7708    6.18662
10.7914    6.18662
10.8121    6.18662
10.7914    6.18662
10.8121    6.18662
10.8121    6.20548
10.8121    6.20548
10.8121    6.22434
10.8121    6.2432
10.8121    6.2432
10.8121    6.2432
10.8121    6.26207
10.8121    6.28093
10.8121    6.28093
10.8121    6.28093
10.8121    6.29979
10.8121    6.29979
10.8121    6.31865
10.8121    6.31865
10.8121    6.31865
10.8121    6.31865
10.8121    6.31865
10.8121    6.31865
10.8121    6.31865
10.8327    6.31865
10.8533    6.31865
10.8327    6.31865
10.8533    6.31865
10.8327    6.31865
10.8533    6.31865
10.8327    6.29979
10.8533    6.29979
10.8533    6.29979
10.8533    6.29979
10.8533    6.29979
10.8533    6.28093
10.8533    6.28093
10.8533    6.28093
10.8533    6.28093
10.8533    6.28093
10.8533    6.28093
10.8533    6.28093
10.8533    6.28093
10.8533    6.28093
10.8533    6.28093
10.8533    6.29979
10.8533    6.29979
10.8533    6.29979
10.8533    6.29979
10.8533    6.29979
10.8533    6.31865
10.8533    6.31865
10.8533    6.31865
10.8533    6.31865
10.8533    6.31865
10.8533    6.31865
10.8533    6.33751
10.8533    6.33751
10.8533    6.33751
10.8533    6.33751
10.8533    6.33751
10.8533    6.31865
10.874    6.31865
10.8946    6.31865
10.874    6.31865
10.8946    6.31865
10.8946    6.29979
10.8946    6.29979
10.8946    6.29979
10.8946    6.29979
10.8946    6.29979
10.9152    6.28093
10.9359    6.28093
10.9359    6.28093
10.9359    6.28093
10.9359    6.28093
10.9565    6.26207
10.9771    6.26207
10.9771    6.26207
10.9771    6.2432
10.9771    6.2432
10.9978    6.2432
11.0184    6.2432
11.0184    6.2432
11.0184    6.2432
11.0184    6.2432
11.039    6.2432
11.0597    6.2432
11.039    6.2432
11.0597    6.26207
11.039    6.26207
11.0597    6.28093
11.039    6.28093
11.0597    6.28093
11.039    6.29979
11.0597    6.29979
11.039    6.31865
11.0597    6.31865
11.039    6.31865
11.0597    6.33751
11.039    6.33751
11.0597    6.35637
11.039    6.35637
11.0597    6.35637
11.039    6.35637
11.0597    6.35637
11.039    6.37524
11.0597    6.37524
11.0597    6.37524
11.0597    6.37524
11.0597    6.37524
11.0803    6.37524
11.1009    6.37524
11.0803    6.37524
11.1009    6.37524
11.1009    6.35637
11.1216    6.33751
11.1422    6.33751
11.1422    6.31865
11.1422    6.31865
11.1628    6.31865
11.1835    6.29979
11.1835    6.29979
11.2041    6.28093
11.2247    6.28093
11.2247    6.28093
11.2247    6.26207
11.2454    6.26207
11.266    6.26207
11.2454    6.26207
11.266    6.2432
11.266    6.2432
11.266    6.2432
11.266    6.2432
11.266    6.2432
11.266    6.2432
11.266    6.2432
11.266    6.2432
11.2866    6.2432
11.3073    6.26207
11.2866    6.26207
11.3073    6.28093
11.2866    6.28093
11.3073    6.28093
11.2866    6.29979
11.3073    6.29979
11.2866    6.31865
11.3073    6.33751
11.2866    6.35637
11.3073    6.35637
11.2866    6.37524
11.3073    6.3941
11.2866    6.41296
11.3073    6.43182
11.2866    6.43182
11.3073    6.45068
11.2866    6.46954
11.2866    6.46954
11.2866    6.48841
11.3073    6.48841
11.2866    6.48841
11.3073    6.50727
11.2866    6.50727
11.3073    6.50727
11.3073    6.50727
11.3073    6.50727
11.3073    6.50727
11.3279    6.50727
11.3485    6.50727
11.3485    6.50727
11.3692    6.50727
11.4105    6.50727
11.4311    6.50727
11.4311    6.50727
11.4311    6.50727
11.4517    6.48841
11.5136    6.48841
11.5136    6.48841
11.5343    6.48841
11.5549    6.48841
11.5549    6.48841
11.5755    6.48841
11.5962    6.48841
11.5962    6.48841
11.5962    6.48841
11.6168    6.48841
11.6374    6.50727
11.6374    6.50727
11.6374    6.52613
11.6374    6.52613
11.6581    6.54499
11.6787    6.56385
11.6581    6.58271
11.6787    6.60158
11.6787    6.62044
11.6787    6.6393
11.6787    6.67702
11.6993    6.67702
11.72    6.69588
11.6993    6.71475
11.72    6.71475
11.72    6.73361
11.72    6.73361
11.7406    6.75247
11.7612    6.75247
11.7612    6.75247
11.7819    6.77133
11.8025    6.77133
11.8025    6.77133
11.8025    6.77133
11.8231    6.77133
11.8644    6.77133
11.9057    6.77133
11.9263    6.75247
11.9263    6.75247
11.9676    6.75247
12.0295    6.73361
12.0707    6.73361
12.112    6.71475
12.1326    6.71475
12.1326    6.71475
12.1945    6.69588
12.2358    6.69588
12.2564    6.69588
12.2564    6.69588
12.2771    6.69588
12.339    6.69588
12.339    6.71475
12.3596    6.71475
12.4009    6.71475
12.4215    6.73361
12.4628    6.75247
12.4834    6.77133
12.5453    6.77133
12.5659    6.79019
12.6072    6.79019
12.6485    6.80905
12.6897    6.80905
12.7104    6.80905
12.7104    6.80905
12.7516    6.80905
12.7929    6.79019
12.8342    6.79019
