7.79955    4.20615
7.79955    4.20615
7.79955    4.20615
7.79955    4.20615
7.79955    4.20615
7.82018    4.20615
7.82018    4.20615
7.82018    4.20615
7.84082    4.20615
7.84082    4.20615
7.86145    4.18729
7.86145    4.18729
7.88208    4.18729
7.88208    4.18729
7.88208    4.18729
7.90272    4.18729
7.90272    4.16842
7.90272    4.16842
7.90272    4.16842
7.92335    4.16842
7.92335    4.16842
7.94398    4.16842
7.94398    4.14956
7.94398    4.14956
7.96462    4.14956
7.98525    4.1307
7.98525    4.1307
8.00589    4.1307
8.00589    4.11184
8.02652    4.11184
8.04715    4.11184
8.06779    4.11184
8.06779    4.11184
8.08842    4.11184
8.10905    4.11184
8.12969    4.1307
8.15032    4.1307
8.17096    4.14956
8.19159    4.14956
8.21222    4.16842
8.25349    4.20615
8.27412    4.22501
8.29476    4.24387
8.31539    4.26273
8.33603    4.28159
8.39793    4.31932
8.41856    4.33818
8.45983    4.33818
8.48046    4.35704
8.52173    4.35704
8.58363    4.3759
8.6249    4.39476
8.64553    4.39476
8.6868    4.41363
8.72807    4.41363
8.8106    4.43249
8.85187    4.43249
8.89314    4.43249
8.9344    4.43249
8.97567    4.45135
9.05821    4.47021
9.09947    4.48907
9.12011    4.50793
9.16137    4.50793
9.20264    4.5268
9.26454    4.56452
9.30581    4.58338
9.34708    4.60224
9.38835    4.6211
9.40898    4.63996
9.49151    4.69655
9.53278    4.73427
9.55342    4.75313
9.59468    4.772
9.63595    4.79086
9.71849    4.82858
9.75975    4.84744
9.82165    4.8663
9.86292    4.88517
9.90419    4.88517
10.0074    4.92289
10.0486    4.94175
10.1105    4.96061
10.1518    4.96061
10.2137    4.97947
10.2962    5.03606
10.3375    5.05492
10.3788    5.07378
10.42    5.11151
10.4613    5.13037
10.5232    5.18695
10.5645    5.22468
10.6057    5.24354
10.6264    5.28126
10.6676    5.31898
10.7295    5.39443
10.7502    5.43215
10.7914    5.45102
10.8327    5.48874
10.8533    5.5076
10.9152    5.56419
10.9565    5.58305
10.9978    5.60191
11.039    5.62077
11.0597    5.63963
11.1422    5.67736
11.1835    5.69622
11.2247    5.71508
11.266    5.73394
11.2866    5.7528
11.3485    5.79053
11.3692    5.80939
11.3898    5.82825
11.4105    5.84711
11.4311    5.88483
11.4517    5.92256
11.4517    5.94142
11.4517    5.96028
11.4517    5.998
11.4517    6.01687
11.4517    6.07345
11.4517    6.09231
11.4517    6.13004
11.4724    6.1489
11.4724    6.16776
11.493    6.20548
11.493    6.22434
11.5136    6.2432
11.5343    6.26207
11.5549    6.28093
11.5755    6.29979
11.5962    6.31865
11.6168    6.31865
11.6374    6.33751
11.6581    6.33751
11.72    6.35637
11.7406    6.37524
11.7612    6.3941
11.7819    6.3941
11.8025    6.41296
11.8231    6.45068
11.8438    6.46954
11.8644    6.48841
11.8644    6.50727
11.8644    6.52613
11.885    6.56385
11.885    6.58271
11.9057    6.60158
11.9057    6.62044
11.9263    6.6393
11.9469    6.67702
11.9676    6.67702
11.9882    6.69588
12.0088    6.69588
12.0295    6.69588
12.0914    6.69588
12.1326    6.69588
12.1533    6.67702
12.1945    6.67702
12.2358    6.65816
12.3183    6.6393
12.3596    6.62044
12.3802    6.62044
12.4215    6.62044
12.4628    6.62044
12.5247    6.62044
12.5659    6.62044
12.5866    6.62044
12.6278    6.62044
12.6691    6.62044
12.731    6.6393
