5.03463    8.03506
5.03463    8.03506
5.03463    8.03506
5.03463    8.03506
5.03463    8.03506
5.05526    8.05392
5.0759    8.07278
5.05526    8.05392
5.0759    8.09165
5.05526    8.09165
5.0759    8.11051
5.05526    8.11051
5.0759    8.11051
5.05526    8.11051
5.0759    8.12937
5.0759    8.14823
5.0759    8.12937
5.0759    8.14823
5.0759    8.14823
5.0759    8.14823
5.0759    8.14823
5.0759    8.14823
5.0759    8.14823
5.09653    8.14823
5.11716    8.14823
5.11716    8.14823
5.1378    8.14823
5.15843    8.14823
5.15843    8.14823
5.17907    8.14823
5.22033    8.14823
5.24097    8.14823
5.2616    8.16709
5.28223    8.18595
5.28223    8.16709
5.34414    8.20482
5.3854    8.22368
5.40604    8.22368
5.40604    8.24254
5.42667    8.28026
5.48857    8.29912
5.50921    8.28026
5.55047    8.29912
5.59174    8.28026
5.61237    8.29912
5.65364    8.2614
5.67427    8.2614
5.88061    8.37457
5.90125    8.35571
5.94251    8.33685
6.00441    8.29912
6.02505    8.28026
6.04568    8.28026
6.08695    8.2614
6.10758    8.2614
6.14885    8.2614
6.16948    8.2614
6.19012    8.2614
6.21075    8.2614
6.23139    8.2614
6.27265    8.2614
6.29329    8.2614
6.31392    8.24254
6.31392    8.24254
6.33455    8.24254
6.37582    8.20482
6.39646    8.18595
6.41709    8.16709
6.43772    8.14823
6.47899    8.12937
6.52026    8.07278
6.54089    8.05392
6.58216    8.03506
6.60279    8.0162
6.62343    7.99734
6.68533    7.95961
6.7266    7.95961
6.76786    7.94075
6.7885    7.94075
6.82976    7.92189
6.9123    7.90303
6.95357    7.90303
6.99483    7.88417
7.0361    7.88417
7.098    7.86531
7.18054    7.86531
7.2218    7.86531
7.28371    7.84644
7.32497    7.82758
7.36624    7.80872
7.44878    7.771
7.49004    7.75214
7.53131    7.73327
7.57258    7.71441
7.61385    7.69555
7.69638    7.65783
7.73765    7.65783
7.77892    7.63897
7.84082    7.63897
7.88208    7.63897
7.96462    7.63897
8.00589    7.63897
8.04715    7.63897
8.08842    7.63897
8.12969    7.63897
8.19159    7.63897
8.23286    7.63897
8.27412    7.63897
8.31539    7.62011
8.33603    7.62011
8.39793    7.60124
8.41856    7.58238
8.43919    7.58238
8.48046    7.56352
8.5011    7.56352
8.563    7.56352
8.60426    7.58238
8.6249    7.58238
8.66617    7.58238
8.6868    7.58238
8.7487    7.60124
8.78997    7.60124
8.8106    7.62011
8.85187    7.62011
8.8725    7.63897
8.9344    7.65783
8.97567    7.65783
8.99631    7.65783
9.01694    7.65783
9.05821    7.67669
9.12011    7.67669
9.14074    7.67669
9.18201    7.67669
9.20264    7.67669
9.24391    7.67669
9.32644    7.65783
9.36771    7.65783
9.40898    7.65783
9.45025    7.65783
9.47088    7.65783
9.53278    7.65783
9.57405    7.65783
9.59468    7.65783
9.63595    7.65783
9.65658    7.65783
9.69785    7.65783
9.71849    7.65783
9.73912    7.65783
9.75975    7.65783
9.78039    7.65783
9.82165    7.65783
9.84229    7.63897
9.86292    7.63897
9.88356    7.62011
9.90419    7.60124
9.94546    7.58238
9.96609    7.56352
9.98672    7.54466
9.98672    7.5258
10.0074    7.50694
10.028    7.46921
10.028    7.45035
10.0486    7.43149
10.0486    7.41263
10.0693    7.39377
10.0899    7.35604
10.1105    7.33718
10.1105    7.31832
10.1312    7.31832
10.1312    7.29946
10.1518    7.26173
10.1724    7.24287
10.1724    7.22401
10.1931    7.20515
10.1931    7.16743
10.1931    7.11084
10.2137    7.07312
10.2137    7.03539
10.2343    6.99767
10.2343    6.97881
10.2756    6.90336
10.2756    6.8845
10.2962    6.86564
10.2962    6.84678
10.3169    6.82792
10.3375    6.79019
10.3581    6.77133
10.3788    6.75247
10.3994    6.75247
10.3994    6.75247
10.4407    6.73361
10.4407    6.71475
10.4613    6.71475
10.4613    6.69588
10.4819    6.69588
10.5026    6.67702
10.5232    6.67702
10.5232    6.65816
10.5438    6.65816
10.5438    6.6393
10.5645    6.6393
10.5851    6.6393
10.5851    6.65816
10.6057    6.65816
10.6264    6.67702
10.647    6.69588
10.6676    6.69588
10.6676    6.71475
10.6883    6.71475
10.6883    6.73361
10.7089    6.75247
10.7295    6.75247
10.7295    6.75247
10.7502    6.77133
10.7502    6.77133
10.7708    6.79019
10.7708    6.79019
10.7708    6.79019
10.7502    6.79019
10.7502    6.79019
10.7502    6.79019
10.7502    6.79019
10.7502    6.79019
10.7502    6.77133
10.7708    6.77133
10.7708    6.75247
10.7708    6.75247
10.7708    6.73361
10.7708    6.71475
10.7708    6.69588
10.7708    6.67702
10.7708    6.67702
10.7708    6.65816
10.7914    6.65816
10.7914    6.65816
10.7914    6.6393
10.7914    6.6393
10.7914    6.6393
10.7914    6.6393
10.7914    6.6393
10.7914    6.65816
10.7914    6.65816
10.7914    6.67702
10.7914    6.67702
10.7914    6.67702
10.7914    6.69588
10.7914    6.69588
10.7914    6.71475
10.7914    6.71475
10.7914    6.71475
10.7914    6.73361
10.7914    6.73361
10.7914    6.75247
10.7914    6.75247
10.7914    6.75247
10.8121    6.77133
10.8121    6.77133
10.8121    6.77133
10.8121    6.77133
10.8121    6.77133
10.8327    6.75247
10.8327    6.75247
10.8327    6.73361
10.8533    6.71475
10.8533    6.71475
10.874    6.67702
10.874    6.67702
10.8946    6.65816
10.8946    6.6393
10.8946    6.62044
10.9152    6.60158
10.9359    6.58271
10.9359    6.58271
10.9565    6.56385
10.9565    6.56385
10.9771    6.54499
10.9771    6.52613
10.9771    6.52613
10.9771    6.50727
10.9771    6.50727
10.9771    6.50727
10.9771    6.50727
10.9771    6.50727
10.9771    6.50727
10.9771    6.50727
10.9771    6.50727
10.9771    6.50727
10.9771    6.50727
10.9771    6.50727
10.9771    6.52613
10.9771    6.52613
10.9771    6.54499
10.9771    6.54499
10.9771    6.56385
10.9771    6.56385
10.9771    6.58271
10.9771    6.60158
10.9771    6.60158
10.9771    6.62044
10.9771    6.62044
10.9978    6.62044
10.9978    6.62044
10.9978    6.62044
11.0184    6.62044
11.0184    6.62044
11.039    6.60158
11.0597    6.60158
11.0803    6.58271
11.1009    6.58271
11.1009    6.56385
11.1216    6.56385
11.1422    6.54499
11.1422    6.54499
11.1628    6.54499
11.1628    6.54499
11.1628    6.54499
11.1628    6.54499
11.1628    6.54499
11.1835    6.54499
11.1835    6.56385
11.1835    6.56385
11.1835    6.56385
11.1835    6.58271
11.1835    6.58271
11.1835    6.58271
11.1835    6.58271
11.1835    6.58271
11.1835    6.60158
11.1835    6.60158
11.1835    6.60158
11.1835    6.60158
11.1835    6.60158
11.1628    6.62044
11.1628    6.62044
11.1628    6.62044
11.1628    6.62044
11.1628    6.6393
11.1628    6.6393
11.1628    6.6393
11.1628    6.6393
11.1835    6.6393
11.1835    6.6393
11.1835    6.6393
11.2041    6.62044
11.2041    6.62044
11.2247    6.60158
11.2454    6.60158
11.2454    6.60158
11.266    6.60158
11.266    6.58271
11.2866    6.58271
11.2866    6.58271
11.3073    6.58271
11.3073    6.58271
11.3073    6.58271
11.3279    6.58271
11.3279    6.58271
11.3279    6.58271
11.3279    6.58271
11.3485    6.58271
11.3485    6.60158
11.3485    6.60158
11.3485    6.60158
11.3485    6.60158
11.3692    6.62044
11.3692    6.6393
11.3692    6.6393
11.3692    6.65816
11.3898    6.65816
11.3898    6.65816
11.4105    6.67702
11.4311    6.67702
11.4517    6.67702
11.4517    6.67702
11.4724    6.67702
11.5136    6.67702
11.5343    6.67702
11.5549    6.65816
11.5549    6.65816
11.5755    6.65816
11.6168    6.6393
11.6374    6.6393
11.6581    6.6393
11.6787    6.6393
11.6993    6.6393
11.72    6.6393
11.7406    6.6393
11.7612    6.6393
11.7819    6.65816
11.8025    6.65816
11.8231    6.67702
11.8438    6.69588
11.8644    6.69588
11.885    6.71475
11.9057    6.71475
11.9263    6.73361
11.9469    6.73361
11.9676    6.73361
11.9882    6.73361
12.0088    6.73361
12.0707    6.73361
12.0914    6.73361
12.112    6.73361
12.1533    6.73361
12.1739    6.73361
12.2358    6.73361
12.2771    6.71475
12.3183    6.71475
12.3596    6.71475
12.4009    6.69588
12.4628    6.69588
12.504    6.69588
12.5453    6.69588
12.5659    6.69588
12.6072    6.69588
12.6897    6.67702
12.7104    6.67702
12.7516    6.67702
12.7929    6.67702
12.8342    6.67702
12.9167    6.65816
12.958    6.65816
12.9992    6.6393
13.0199    6.6393
13.0611    6.62044
13.1231    6.58271
13.1437    6.56385
