5.77744    8.0162
5.77744    8.0162
5.77744    8.0162
5.79808    8.0162
5.79808    8.0162
5.79808    8.0162
5.79808    7.99734
5.81871    7.97848
5.81871    7.99734
5.81871    7.97848
5.83934    7.97848
5.83934    7.95961
5.83934    7.94075
5.83934    7.94075
5.83934    7.94075
5.85998    7.92189
5.85998    7.88417
5.85998    7.86531
5.85998    7.88417
5.85998    7.84644
5.88061    7.82758
5.88061    7.82758
5.88061    7.82758
5.88061    7.82758
5.88061    7.80872
5.88061    7.78986
5.88061    7.78986
5.88061    7.78986
5.88061    7.78986
5.90125    7.771
5.90125    7.75214
5.90125    7.75214
5.90125    7.75214
5.90125    7.75214
5.90125    7.75214
5.92188    7.75214
5.92188    7.75214
5.92188    7.75214
5.92188    7.75214
5.94251    7.75214
5.94251    7.75214
5.96315    7.75214
5.96315    7.75214
5.96315    7.75214
5.98378    7.771
5.98378    7.75214
6.00441    7.771
6.00441    7.75214
6.02505    7.771
6.02505    7.771
6.04568    7.771
6.06632    7.771
6.06632    7.771
6.08695    7.771
6.10758    7.771
6.14885    7.75214
6.16948    7.771
6.19012    7.75214
6.21075    7.75214
6.23139    7.75214
6.29329    7.73327
6.31392    7.69555
6.35519    7.67669
6.37582    7.67669
6.39646    7.67669
6.45836    7.63897
6.47899    7.63897
6.52026    7.62011
6.54089    7.60124
6.56153    7.60124
6.62343    7.58238
6.64406    7.56352
6.66469    7.56352
6.70596    7.56352
6.7266    7.56352
6.7885    7.54466
6.82976    7.5258
6.87103    7.5258
6.89166    7.5258
6.93293    7.5258
6.99483    7.5258
7.0361    7.5258
7.05673    7.50694
7.098    7.48807
7.11864    7.50694
7.18054    7.46921
7.20117    7.46921
7.24244    7.45035
7.28371    7.45035
7.30434    7.43149
7.36624    7.39377
7.40751    7.3749
7.42814    7.3749
7.46941    7.33718
7.51068    7.31832
7.57258    7.26173
7.59321    7.24287
7.61385    7.20515
7.65511    7.18629
7.67575    7.18629
7.71701    7.14856
7.75828    7.1297
7.77892    7.09198
7.79955    7.07312
7.82018    7.05426
7.88208    6.99767
7.92335    6.99767
7.94398    6.97881
7.98525    6.94109
8.00589    6.92222
8.06779    6.90336
8.08842    6.8845
8.10905    6.8845
8.12969    6.86564
8.15032    6.82792
8.19159    6.79019
8.23286    6.77133
8.25349    6.77133
8.27412    6.75247
8.29476    6.71475
8.33603    6.65816
8.35666    6.65816
8.39793    6.6393
8.41856    6.60158
8.43919    6.56385
8.48046    6.52613
8.5011    6.50727
8.54236    6.50727
8.563    6.48841
8.58363    6.45068
8.6249    6.43182
8.64553    6.43182
8.66617    6.41296
8.6868    6.3941
8.70743    6.3941
8.76933    6.37524
8.78997    6.33751
8.8106    6.33751
8.83124    6.31865
8.85187    6.33751
8.91377    6.29979
8.9344    6.29979
8.95504    6.29979
8.97567    6.28093
8.99631    6.29979
9.03757    6.26207
9.05821    6.26207
9.07884    6.2432
9.09947    6.26207
9.12011    6.22434
9.16137    6.20548
9.18201    6.20548
9.20264    6.18662
9.22328    6.16776
9.24391    6.16776
9.28518    6.13004
9.30581    6.11117
9.32644    6.09231
9.34708    6.09231
9.36771    6.07345
9.40898    6.03573
9.42961    6.03573
9.45025    6.03573
9.47088    6.03573
9.47088    6.03573
9.51215    6.03573
9.53278    6.03573
9.55342    6.03573
9.55342    6.03573
9.57405    6.03573
9.59468    6.05459
9.61532    6.07345
9.63595    6.07345
9.63595    6.07345
9.65658    6.07345
9.67722    6.07345
9.69785    6.09231
9.71849    6.11117
9.73912    6.09231
9.73912    6.11117
9.78039    6.09231
9.80102    6.11117
9.80102    6.09231
9.82165    6.09231
9.84229    6.09231
9.88356    6.07345
9.90419    6.05459
9.92482    6.05459
9.94546    6.05459
9.96609    6.05459
9.98672    6.03573
10.0074    6.01687
10.028    6.01687
10.0486    6.01687
10.0486    6.01687
10.0693    6.01687
10.0899    6.01687
10.1105    5.998
10.1105    5.97914
10.1312    5.998
10.1518    5.97914
10.1518    5.998
10.1518    5.998
10.1724    5.998
10.1724    5.998
10.1724    6.01687
10.1724    6.03573
10.1724    6.03573
10.1931    6.03573
10.1931    6.05459
10.1931    6.07345
10.1931    6.07345
10.1931    6.07345
10.2137    6.09231
10.2137    6.11117
10.2137    6.11117
10.2137    6.11117
10.2343    6.11117
10.2343    6.11117
10.2343    6.11117
10.255    6.13004
10.255    6.1489
10.255    6.13004
10.2756    6.1489
10.2756    6.13004
10.2962    6.1489
10.2962    6.13004
10.2962    6.1489
10.3169    6.11117
10.3169    6.11117
10.3375    6.11117
10.3375    6.11117
10.3581    6.09231
10.3581    6.11117
10.3581    6.09231
10.3788    6.11117
10.3788    6.09231
10.3994    6.09231
10.3994    6.09231
10.42    6.09231
10.42    6.09231
10.42    6.09231
10.4407    6.09231
10.4407    6.09231
10.4407    6.09231
10.4613    6.09231
10.4613    6.09231
10.4613    6.09231
10.4613    6.11117
10.4613    6.09231
10.4613    6.11117
10.4613    6.11117
10.4613    6.11117
10.4613    6.13004
10.4613    6.1489
10.4407    6.16776
10.4407    6.18662
10.4407    6.18662
10.42    6.20548
10.42    6.22434
10.42    6.2432
10.3994    6.28093
10.3994    6.29979
10.3994    6.29979
10.3994    6.29979
10.3994    6.31865
10.3788    6.35637
10.3788    6.35637
10.3788    6.37524
10.3788    6.35637
10.3788    6.3941
10.3788    6.3941
10.3788    6.3941
10.3788    6.3941
10.3788    6.3941
10.3994    6.3941
10.3994    6.3941
10.3994    6.3941
10.3994    6.3941
10.3994    6.3941
10.42    6.3941
10.42    6.3941
10.42    6.3941
10.42    6.37524
10.42    6.35637
10.4407    6.37524
10.4407    6.35637
10.4407    6.35637
10.4407    6.35637
10.4613    6.35637
10.4613    6.35637
10.4819    6.35637
10.4819    6.35637
10.4819    6.35637
10.4819    6.35637
10.5026    6.35637
10.5026    6.35637
10.5026    6.35637
10.5232    6.35637
10.5232    6.35637
10.5438    6.35637
10.5438    6.37524
10.5438    6.35637
10.5438    6.37524
10.5645    6.37524
10.5645    6.3941
10.5645    6.41296
10.5645    6.41296
10.5645    6.41296
10.5645    6.41296
10.5645    6.43182
10.5645    6.45068
10.5645    6.45068
10.5645    6.45068
10.5645    6.46954
10.5645    6.50727
10.5645    6.50727
10.5645    6.50727
10.5645    6.52613
10.5851    6.50727
10.5851    6.52613
10.5851    6.52613
10.5851    6.52613
10.5851    6.52613
10.5851    6.52613
10.5851    6.52613
10.5851    6.52613
10.6057    6.52613
10.6057    6.52613
10.6057    6.52613
10.6264    6.52613
10.6264    6.52613
10.6264    6.52613
10.647    6.52613
10.647    6.52613
10.647    6.52613
10.6676    6.50727
10.6676    6.52613
10.6676    6.50727
10.6883    6.52613
10.6883    6.48841
10.7089    6.48841
10.7089    6.48841
10.7089    6.48841
10.7089    6.48841
10.7295    6.46954
10.7295    6.48841
10.7295    6.46954
10.7502    6.48841
10.7502    6.46954
10.7502    6.48841
10.7708    6.46954
10.7708    6.48841
10.7708    6.46954
10.7708    6.48841
10.7914    6.46954
10.7914    6.48841
10.7914    6.48841
10.7914    6.48841
10.7914    6.48841
10.8121    6.48841
10.8121    6.50727
10.8121    6.52613
10.8121    6.52613
10.8121    6.52613
10.8121    6.54499
10.8121    6.56385
10.8121    6.56385
10.8121    6.58271
10.8121    6.60158
10.8121    6.60158
10.8121    6.62044
10.8121    6.6393
10.8121    6.6393
10.8121    6.6393
10.8121    6.65816
10.8121    6.67702
10.8327    6.67702
10.8327    6.67702
10.8327    6.67702
10.8327    6.69588
10.8327    6.71475
10.8327    6.69588
10.8327    6.71475
10.8533    6.69588
10.8533    6.73361
10.8533    6.73361
10.874    6.73361
10.874    6.73361
10.874    6.73361
10.8946    6.73361
10.8946    6.73361
10.9152    6.73361
10.9152    6.73361
10.9152    6.73361
10.9359    6.73361
10.9359    6.71475
10.9359    6.69588
10.9565    6.71475
10.9565    6.69588
10.9771    6.71475
10.9771    6.69588
10.9771    6.71475
10.9771    6.69588
10.9978    6.71475
10.9978    6.69588
10.9978    6.71475
11.0184    6.69588
11.0184    6.71475
11.0184    6.69588
11.039    6.71475
11.039    6.71475
11.039    6.71475
11.039    6.71475
11.039    6.71475
11.0597    6.73361
11.0597    6.75247
11.0597    6.75247
11.0597    6.77133
11.0597    6.79019
11.0597    6.79019
11.0597    6.80905
11.0803    6.82792
11.0803    6.82792
11.0803    6.82792
11.1009    6.84678
11.1009    6.86564
11.1009    6.84678
11.1216    6.8845
11.1216    6.8845
11.1422    6.8845
11.1422    6.8845
11.1628    6.8845
11.1628    6.8845
11.1835    6.8845
11.2041    6.8845
11.2247    6.8845
11.2247    6.8845
11.2454    6.86564
11.266    6.84678
11.2866    6.84678
11.3073    6.84678
11.3073    6.84678
11.3279    6.84678
11.3485    6.84678
11.3692    6.84678
11.3898    6.84678
11.4105    6.84678
11.4105    6.84678
11.4311    6.84678
11.4517    6.86564
11.4724    6.84678
11.493    6.86564
11.5136    6.86564
11.5343    6.86564
11.5549    6.8845
11.5755    6.92222
11.5755    6.92222
11.5962    6.94109
11.6168    6.92222
11.6581    6.95995
11.6787    6.95995
11.72    6.95995
11.7406    6.95995
11.7612    6.97881
11.8025    6.95995
11.8438    6.97881
11.8644    6.95995
11.9057    6.97881
11.9263    6.95995
11.9882    6.95995
12.0295    6.95995
12.0501    6.95995
12.0914    6.95995
12.112    6.95995
12.1739    6.95995
12.2152    6.95995
12.2358    6.95995
12.2771    6.95995
12.2977    6.95995
12.3596    6.97881
12.4009    6.95995
12.4421    6.97881
12.4628    6.97881
12.504    6.97881
12.5659    6.97881
12.6072    6.97881
12.6278    6.97881
12.6691    6.97881
12.6897    6.97881
12.7516    6.95995
12.7929    6.95995
12.8135    6.94109
