6.37582    8.12937
6.37582    8.12937
6.37582    8.12937
6.37582    8.12937
6.37582    8.14823
6.37582    8.14823
6.37582    8.14823
6.37582    8.14823
6.39646    8.16709
6.37582    8.16709
6.39646    8.18595
6.39646    8.20482
6.39646    8.20482
6.39646    8.22368
6.39646    8.22368
6.39646    8.24254
6.39646    8.24254
6.41709    8.2614
6.43772    8.2614
6.41709    8.2614
6.43772    8.28026
6.41709    8.28026
6.43772    8.28026
6.43772    8.28026
6.43772    8.28026
6.43772    8.28026
6.43772    8.28026
6.43772    8.28026
6.43772    8.28026
6.45836    8.28026
6.47899    8.2614
6.45836    8.2614
6.47899    8.2614
6.47899    8.2614
6.47899    8.2614
6.49962    8.24254
6.52026    8.24254
6.52026    8.2614
6.54089    8.2614
6.56153    8.2614
6.56153    8.2614
6.58216    8.28026
6.60279    8.28026
6.60279    8.28026
6.60279    8.29912
6.62343    8.29912
6.64406    8.31799
6.64406    8.31799
6.66469    8.31799
6.68533    8.31799
6.68533    8.31799
6.70596    8.29912
6.7266    8.29912
6.7266    8.29912
6.74723    8.28026
6.7885    8.2614
6.80913    8.2614
6.80913    8.24254
6.82976    8.24254
6.87103    8.24254
6.9123    8.22368
6.93293    8.22368
6.95357    8.22368
6.99483    8.22368
7.01547    8.22368
7.07737    8.22368
7.11864    8.22368
7.1599    8.22368
7.20117    8.22368
7.24244    8.22368
7.30434    8.24254
7.34561    8.24254
7.36624    8.24254
7.42814    8.24254
7.44878    8.24254
7.53131    8.24254
7.57258    8.24254
7.61385    8.22368
7.65511    8.22368
7.69638    8.22368
7.77892    8.20482
7.82018    8.20482
7.84082    8.20482
7.86145    8.18595
7.90272    8.18595
7.96462    8.20482
7.98525    8.20482
8.04715    8.20482
8.06779    8.20482
8.10905    8.20482
8.17096    8.20482
8.17096    8.20482
8.21222    8.20482
8.23286    8.20482
8.27412    8.20482
8.31539    8.20482
8.35666    8.20482
8.37729    8.18595
8.37729    8.18595
8.39793    8.18595
8.45983    8.16709
8.48046    8.16709
8.52173    8.16709
8.54236    8.16709
8.54236    8.16709
8.58363    8.16709
8.60426    8.16709
8.64553    8.16709
8.66617    8.16709
8.66617    8.16709
8.70743    8.14823
8.72807    8.14823
8.7487    8.14823
8.7487    8.14823
8.76933    8.12937
8.8106    8.12937
8.83124    8.12937
8.83124    8.12937
8.85187    8.12937
8.89314    8.12937
8.9344    8.12937
8.95504    8.12937
8.97567    8.14823
9.01694    8.14823
9.03757    8.14823
9.05821    8.16709
9.09947    8.16709
9.12011    8.16709
9.14074    8.16709
9.18201    8.16709
9.22328    8.16709
9.26454    8.16709
9.28518    8.14823
9.28518    8.14823
9.30581    8.14823
9.38835    8.14823
9.40898    8.14823
9.42961    8.14823
9.47088    8.14823
9.49151    8.14823
9.53278    8.14823
9.55342    8.14823
9.61532    8.14823
9.61532    8.14823
9.63595    8.14823
9.71849    8.14823
9.73912    8.14823
9.73912    8.14823
9.75975    8.14823
9.80102    8.12937
9.84229    8.11051
9.86292    8.11051
9.88356    8.09165
9.90419    8.07278
9.90419    8.07278
9.94546    8.05392
9.96609    8.03506
10.0074    8.03506
10.028    8.0162
10.028    8.0162
10.0486    7.99734
10.0899    7.99734
10.1105    7.97848
10.1105    7.97848
10.1105    7.95961
10.1518    7.94075
10.1518    7.94075
10.1724    7.92189
10.1931    7.90303
10.1931    7.88417
10.2137    7.86531
10.2343    7.84644
10.2343    7.82758
10.2343    7.80872
10.2343    7.78986
10.255    7.75214
10.2756    7.73327
10.2756    7.71441
10.2756    7.69555
10.2756    7.67669
10.2962    7.63897
10.3375    7.62011
10.3375    7.60124
10.3581    7.58238
10.3375    7.58238
10.3788    7.54466
10.3994    7.54466
10.3788    7.5258
10.42    7.5258
10.42    7.50694
10.4407    7.48807
10.4407    7.46921
10.4407    7.45035
10.4613    7.45035
10.4819    7.43149
10.4819    7.41263
10.4819    7.39377
10.4819    7.3749
10.4819    7.35604
10.4819    7.35604
10.5026    7.31832
10.5232    7.31832
10.5026    7.29946
10.5232    7.2806
10.5026    7.2806
10.5232    7.26173
10.5026    7.24287
10.5232    7.24287
10.5026    7.24287
10.5232    7.22401
10.5232    7.22401
10.5232    7.22401
10.5232    7.22401
10.5232    7.22401
10.5232    7.22401
10.5232    7.24287
10.5232    7.24287
10.5232    7.24287
10.5232    7.24287
10.5438    7.24287
10.5645    7.24287
10.5438    7.24287
10.5645    7.24287
10.5438    7.24287
10.5645    7.24287
10.5438    7.22401
10.5645    7.22401
10.5438    7.22401
10.5645    7.22401
10.5438    7.20515
10.5645    7.20515
10.5438    7.18629
10.5645    7.18629
10.5438    7.18629
10.5645    7.16743
10.5438    7.14856
10.5438    7.14856
10.5438    7.1297
10.5438    7.1297
10.5438    7.1297
10.5438    7.11084
10.5438    7.11084
10.5438    7.09198
10.5438    7.09198
10.5438    7.09198
10.5232    7.07312
10.5026    7.07312
10.5232    7.07312
10.5026    7.07312
10.5232    7.07312
10.5026    7.07312
10.5232    7.07312
10.5026    7.07312
10.5232    7.07312
10.5026    7.07312
10.5232    7.07312
10.5026    7.07312
10.5232    7.07312
10.5232    7.09198
10.5232    7.09198
10.5232    7.09198
10.5232    7.09198
10.5232    7.11084
10.5232    7.11084
10.5232    7.11084
10.5438    7.1297
10.5645    7.1297
10.5438    7.1297
10.5645    7.14856
10.5438    7.14856
10.5645    7.14856
10.5645    7.14856
10.5645    7.14856
10.5645    7.16743
10.5645    7.16743
10.5645    7.16743
10.5645    7.16743
10.5851    7.16743
10.6057    7.18629
10.5851    7.18629
10.6057    7.18629
10.5851    7.18629
10.6057    7.18629
10.5851    7.16743
10.6057    7.16743
10.6057    7.16743
10.6057    7.16743
10.6057    7.14856
10.6057    7.14856
10.6057    7.14856
10.6057    7.1297
10.6057    7.11084
10.6057    7.11084
10.6057    7.11084
10.6057    7.09198
10.6057    7.07312
10.6057    7.07312
10.6057    7.07312
10.6057    7.07312
10.6057    7.05426
10.6264    7.05426
10.647    7.05426
10.6264    7.03539
10.647    7.03539
10.6264    7.03539
10.647    7.03539
10.647    7.01653
10.647    7.01653
10.6676    7.01653
10.6883    7.01653
10.6883    7.01653
10.6883    7.01653
10.6883    7.01653
10.7089    7.01653
10.7295    7.03539
10.7089    7.03539
10.7295    7.03539
10.7295    7.03539
10.7295    7.03539
10.7295    7.03539
10.7502    7.03539
10.7708    7.03539
10.7708    7.03539
10.7708    7.03539
10.7914    7.01653
10.8121    7.01653
10.8121    7.01653
10.8121    6.99767
10.8327    6.99767
10.8533    6.99767
10.8533    6.97881
10.8533    6.97881
10.874    6.97881
10.8946    6.97881
10.874    6.97881
10.9152    6.95995
10.9152    6.95995
10.9152    6.95995
10.9359    6.95995
10.9152    6.95995
10.9359    6.97881
10.9359    6.97881
10.9359    6.97881
10.9359    6.97881
10.9359    6.97881
10.9565    6.99767
10.9771    6.99767
10.9565    7.01653
10.9771    7.01653
10.9771    7.01653
10.9771    7.03539
10.9771    7.03539
10.9771    7.03539
10.9978    7.03539
11.0184    7.03539
11.0184    7.03539
11.0184    7.03539
11.0184    7.03539
11.0184    7.03539
11.0184    7.03539
11.039    7.03539
11.0597    7.03539
11.039    7.01653
11.0597    7.01653
11.0597    7.01653
11.0597    6.99767
11.0597    6.99767
11.0803    6.97881
11.1009    6.97881
11.0803    6.95995
11.1009    6.95995
11.1009    6.94109
11.1009    6.94109
11.1009    6.94109
11.1216    6.94109
11.1422    6.94109
11.1216    6.94109
11.1422    6.94109
11.1422    6.94109
11.1422    6.94109
11.1628    6.94109
11.1835    6.94109
11.1628    6.94109
11.1835    6.94109
11.1835    6.95995
11.1835    6.95995
11.2041    6.95995
11.2247    6.97881
11.2041    6.97881
11.2247    6.97881
11.2247    6.99767
11.2454    6.99767
11.266    6.99767
11.2454    6.99767
11.266    6.99767
11.266    6.99767
11.2866    6.99767
11.3073    6.99767
11.2866    6.99767
11.3073    6.97881
11.3073    6.97881
11.3073    6.95995
11.3279    6.95995
11.3485    6.95995
11.3279    6.95995
11.3692    6.94109
11.3692    6.94109
11.3692    6.92222
11.3898    6.92222
11.3692    6.92222
11.4105    6.92222
11.4105    6.92222
11.4311    6.92222
11.4105    6.92222
11.4311    6.92222
11.4311    6.92222
11.4517    6.92222
11.4724    6.92222
11.4724    6.92222
11.4724    6.94109
11.493    6.94109
11.5136    6.94109
11.5136    6.95995
11.5136    6.95995
11.5343    6.95995
11.5549    6.97881
11.5549    6.97881
11.5755    6.97881
11.5962    6.97881
11.5962    6.97881
11.6168    6.97881
11.6374    6.97881
11.6374    6.95995
11.6581    6.95995
11.6993    6.95995
11.72    6.95995
11.72    6.95995
11.7406    6.95995
11.7819    6.95995
11.8025    6.95995
11.8438    6.95995
11.8644    6.95995
11.9057    6.97881
11.9469    6.97881
11.9676    6.97881
12.0088    6.99767
12.0501    6.99767
12.0707    7.01653
12.112    7.01653
12.1533    7.01653
12.2152    7.01653
12.2358    7.01653
12.2771    7.01653
12.2977    7.01653
12.3183    7.01653
12.3802    7.01653
12.4009    7.01653
12.4421    7.01653
12.4834    7.03539
12.504    7.03539
12.5659    7.03539
12.6278    7.05426
12.6485    7.05426
12.6897    7.05426
12.731    7.07312
12.8135    7.07312
12.8548    7.07312
12.8961    7.09198
12.9373    7.09198
12.9786    7.09198
13.0611    7.07312
