6.52026    8.84611
6.52026    8.84611
6.52026    8.84611
6.52026    8.86497
6.52026    8.86497
6.52026    8.86497
6.54089    8.86497
6.54089    8.88384
6.54089    8.88384
6.54089    8.88384
6.54089    8.88384
6.54089    8.88384
6.54089    8.88384
6.56153    8.88384
6.56153    8.88384
6.56153    8.88384
6.56153    8.88384
6.58216    8.86497
6.58216    8.86497
6.58216    8.86497
6.60279    8.84611
6.60279    8.84611
6.60279    8.84611
6.62343    8.82725
6.62343    8.82725
6.62343    8.80839
6.64406    8.80839
6.64406    8.80839
6.64406    8.78953
6.64406    8.78953
6.66469    8.77067
6.66469    8.77067
6.66469    8.77067
6.68533    8.7518
6.68533    8.7518
6.70596    8.73294
6.70596    8.71408
6.7266    8.71408
6.7266    8.69522
6.74723    8.69522
6.76786    8.67636
6.76786    8.67636
6.7885    8.67636
6.7885    8.67636
6.80913    8.67636
6.82976    8.67636
6.82976    8.67636
6.8504    8.69522
6.87103    8.69522
6.89166    8.69522
6.9123    8.71408
6.93293    8.71408
6.95357    8.73294
6.9742    8.7518
6.99483    8.7518
7.05673    8.77067
7.07737    8.78953
7.098    8.78953
7.11864    8.78953
7.13927    8.80839
7.20117    8.80839
7.2218    8.80839
7.26307    8.80839
7.28371    8.78953
7.32497    8.78953
7.40751    8.77067
7.44878    8.77067
7.49004    8.7518
7.51068    8.73294
7.55194    8.73294
7.63448    8.69522
7.67575    8.69522
7.71701    8.67636
7.75828    8.67636
7.79955    8.67636
7.86145    8.6575
7.90272    8.6575
7.94398    8.63863
7.98525    8.63863
8.04715    8.63863
8.12969    8.63863
8.17096    8.61977
8.21222    8.61977
8.25349    8.61977
8.29476    8.60091
8.35666    8.58205
8.39793    8.58205
8.43919    8.56319
8.45983    8.56319
8.5011    8.54433
8.563    8.52546
8.60426    8.5066
8.64553    8.48774
8.66617    8.46888
8.70743    8.46888
8.76933    8.45002
8.78997    8.43116
8.8106    8.43116
8.85187    8.43116
8.8725    8.43116
8.9344    8.43116
8.95504    8.43116
8.97567    8.43116
8.99631    8.43116
9.03757    8.43116
9.07884    8.43116
9.12011    8.45002
9.14074    8.45002
9.18201    8.45002
9.20264    8.46888
9.26454    8.48774
9.28518    8.48774
9.30581    8.48774
9.34708    8.48774
9.36771    8.48774
9.40898    8.5066
9.45025    8.5066
9.47088    8.5066
9.49151    8.5066
9.53278    8.48774
9.57405    8.48774
9.61532    8.46888
9.63595    8.46888
9.67722    8.45002
9.69785    8.45002
9.75975    8.43116
9.80102    8.41229
9.82165    8.41229
9.86292    8.39343
9.88356    8.39343
9.94546    8.39343
9.96609    8.39343
9.98672    8.37457
10.0074    8.37457
10.0486    8.37457
10.0899    8.37457
10.1312    8.37457
10.1518    8.37457
10.1724    8.37457
10.2137    8.37457
10.255    8.37457
10.2962    8.37457
10.3169    8.37457
10.3375    8.37457
10.3581    8.37457
10.3994    8.35571
10.42    8.35571
10.4407    8.35571
10.4613    8.33685
10.4613    8.33685
10.4819    8.31799
10.5026    8.29912
10.5232    8.28026
10.5232    8.2614
10.5438    8.24254
10.5645    8.20482
10.5645    8.18595
10.5851    8.16709
10.5851    8.14823
10.6057    8.12937
10.6264    8.11051
10.647    8.09165
10.647    8.07278
10.6676    8.07278
10.6676    8.05392
10.7089    8.03506
10.7295    8.0162
10.7295    8.0162
10.7502    7.99734
10.7708    7.99734
10.8121    7.97848
10.8121    7.97848
10.8327    7.95961
10.8533    7.95961
10.8533    7.95961
10.874    7.94075
10.874    7.94075
10.8946    7.92189
10.8946    7.92189
10.8946    7.92189
10.8946    7.90303
10.8946    7.90303
10.8946    7.88417
10.8946    7.88417
10.8946    7.86531
10.8946    7.84644
10.8946    7.84644
10.8946    7.82758
10.874    7.82758
10.874    7.80872
10.874    7.78986
10.8533    7.771
10.8533    7.771
10.8533    7.75214
10.8533    7.73327
10.8327    7.71441
10.8327    7.69555
10.8327    7.69555
10.8327    7.67669
10.8327    7.67669
10.8533    7.67669
10.8533    7.67669
10.8533    7.67669
10.874    7.67669
10.874    7.67669
10.8946    7.69555
10.8946    7.69555
10.8946    7.69555
10.8946    7.69555
10.9152    7.69555
10.9152    7.71441
10.9359    7.71441
10.9359    7.71441
10.9359    7.71441
10.9359    7.71441
10.9565    7.71441
10.9565    7.73327
10.9565    7.73327
10.9565    7.73327
10.9771    7.73327
10.9771    7.73327
10.9771    7.73327
10.9771    7.73327
10.9771    7.71441
10.9771    7.71441
10.9771    7.71441
10.9771    7.71441
10.9771    7.71441
10.9771    7.71441
10.9771    7.71441
10.9771    7.71441
10.9771    7.71441
10.9771    7.71441
10.9771    7.71441
10.9771    7.71441
10.9771    7.71441
10.9771    7.71441
10.9771    7.71441
10.9771    7.71441
10.9771    7.71441
10.9771    7.71441
10.9771    7.71441
10.9771    7.71441
10.9771    7.71441
10.9771    7.71441
10.9771    7.71441
10.9771    7.71441
10.9771    7.71441
10.9771    7.71441
10.9771    7.71441
10.9771    7.71441
10.9771    7.71441
10.9771    7.73327
10.9771    7.71441
10.9771    7.71441
10.9771    7.71441
10.9771    7.73327
10.9771    7.73327
10.9771    7.73327
10.9771    7.73327
10.9771    7.73327
10.9771    7.73327
10.9771    7.73327
10.9771    7.73327
10.9771    7.73327
10.9771    7.73327
10.9771    7.73327
10.9771    7.73327
10.9771    7.73327
10.9771    7.73327
10.9771    7.73327
10.9771    7.73327
10.9771    7.73327
10.9771    7.73327
10.9771    7.75214
10.9771    7.75214
10.9771    7.75214
10.9771    7.75214
10.9771    7.75214
10.9771    7.75214
10.9771    7.75214
10.9771    7.75214
10.9771    7.75214
10.9771    7.73327
10.9771    7.73327
10.9771    7.73327
10.9771    7.73327
10.9771    7.71441
10.9771    7.71441
10.9771    7.69555
10.9771    7.67669
10.9771    7.67669
10.9771    7.65783
10.9771    7.65783
10.9771    7.63897
10.9565    7.62011
10.9565    7.60124
10.9565    7.60124
10.9565    7.58238
10.9565    7.56352
10.9565    7.54466
10.9565    7.54466
10.9565    7.5258
10.9565    7.5258
10.9565    7.5258
10.9565    7.50694
10.9565    7.50694
10.9565    7.50694
10.9771    7.50694
10.9771    7.50694
10.9978    7.50694
10.9978    7.50694
10.9978    7.50694
11.0184    7.50694
11.0184    7.50694
11.039    7.50694
11.039    7.50694
11.039    7.50694
11.0597    7.50694
11.0597    7.50694
11.0597    7.50694
11.0597    7.50694
11.0803    7.50694
11.0803    7.50694
11.0803    7.50694
11.0803    7.50694
11.1009    7.50694
11.1009    7.50694
11.1009    7.50694
11.1009    7.50694
11.1216    7.50694
11.1216    7.50694
11.1216    7.50694
11.1216    7.50694
11.1216    7.50694
11.1422    7.48807
11.1422    7.48807
11.1422    7.48807
11.1422    7.48807
11.1422    7.48807
11.1422    7.48807
11.1628    7.48807
11.1628    7.48807
11.1628    7.48807
11.1628    7.48807
11.1835    7.48807
11.1835    7.48807
11.1835    7.48807
11.1835    7.48807
11.2041    7.48807
11.2041    7.48807
11.2247    7.48807
11.2247    7.48807
11.2247    7.48807
11.2454    7.46921
11.266    7.45035
11.266    7.45035
11.266    7.43149
11.2866    7.43149
11.2866    7.41263
11.3073    7.3749
11.3073    7.3749
11.3073    7.35604
11.3279    7.33718
11.3279    7.33718
11.3485    7.31832
11.3485    7.31832
11.3692    7.29946
11.3692    7.29946
11.3692    7.29946
11.4105    7.2806
11.4105    7.2806
11.4311    7.2806
11.4517    7.2806
11.4517    7.2806
11.493    7.2806
11.5136    7.2806
11.5343    7.2806
11.5343    7.2806
11.5549    7.2806
11.5755    7.2806
11.5962    7.2806
11.5962    7.2806
11.6168    7.2806
11.6168    7.2806
11.6374    7.2806
11.6374    7.2806
11.6374    7.2806
11.6581    7.2806
11.6581    7.2806
11.6787    7.26173
11.6787    7.26173
11.6787    7.26173
11.6993    7.24287
11.6993    7.24287
11.6993    7.22401
11.72    7.20515
11.72    7.20515
11.72    7.18629
11.72    7.18629
11.7406    7.14856
11.7406    7.14856
11.7406    7.14856
11.7612    7.1297
11.7612    7.1297
11.7819    7.1297
11.8025    7.1297
11.8025    7.1297
11.8231    7.1297
11.8438    7.1297
11.8644    7.1297
11.885    7.1297
11.9263    7.1297
11.9469    7.1297
11.9676    7.1297
12.0295    7.14856
12.0501    7.14856
12.0914    7.14856
12.1326    7.16743
12.1533    7.16743
12.2152    7.16743
12.2564    7.18629
12.2771    7.18629
12.3183    7.18629
12.339    7.18629
12.4009    7.18629
12.4421    7.18629
12.4834    7.18629
12.504    7.18629
12.5453    7.18629
12.6278    7.16743
12.6691    7.16743
12.7104    7.16743
12.7516    7.14856
12.7929    7.14856
12.8754    7.14856
12.9167    7.14856
12.958    7.14856
12.9786    7.16743
13.0199    7.16743
13.0818    7.18629
13.1024    7.20515
