5.71554    9.20448
5.71554    9.20448
5.71554    9.18562
5.71554    9.18562
5.71554    9.18562
5.71554    9.16676
5.71554    9.1479
5.71554    9.1479
5.71554    9.1479
5.71554    9.12904
5.69491    9.12904
5.69491    9.11018
5.69491    9.11018
5.69491    9.11018
5.69491    9.11018
5.69491    9.09131
5.69491    9.09131
5.69491    9.09131
5.69491    9.09131
5.69491    9.09131
5.69491    9.09131
5.69491    9.07245
5.69491    9.07245
5.69491    9.07245
5.69491    9.07245
5.69491    9.07245
5.69491    9.07245
5.69491    9.07245
5.69491    9.07245
5.69491    9.07245
5.69491    9.07245
5.71554    9.07245
5.71554    9.07245
5.71554    9.07245
5.71554    9.07245
5.73618    9.07245
5.75681    9.07245
5.75681    9.09131
5.77744    9.09131
5.77744    9.09131
5.79808    9.09131
5.81871    9.11018
5.83934    9.11018
5.83934    9.11018
5.85998    9.12904
5.88061    9.12904
5.90125    9.1479
5.92188    9.1479
5.92188    9.1479
5.94251    9.16676
5.96315    9.16676
5.98378    9.16676
5.98378    9.16676
6.00441    9.18562
6.00441    9.18562
6.02505    9.18562
6.04568    9.18562
6.04568    9.18562
6.06632    9.18562
6.08695    9.18562
6.10758    9.16676
6.12822    9.1479
6.14885    9.1479
6.16948    9.12904
6.19012    9.12904
6.21075    9.11018
6.23139    9.09131
6.25202    9.09131
6.27265    9.07245
6.29329    9.05359
6.31392    9.03473
6.33455    9.01587
6.35519    9.01587
6.37582    8.99701
6.39646    8.99701
6.43772    8.97814
6.45836    8.97814
6.47899    8.97814
6.52026    8.97814
6.54089    8.95928
6.60279    8.95928
6.62343    8.94042
6.64406    8.94042
6.68533    8.92156
6.70596    8.92156
6.7885    8.9027
6.82976    8.9027
6.8504    8.9027
6.89166    8.9027
6.9123    8.9027
6.9742    8.88384
7.01547    8.88384
7.0361    8.86497
7.05673    8.86497
7.07737    8.84611
7.13927    8.82725
7.18054    8.80839
7.20117    8.78953
7.2218    8.77067
7.26307    8.7518
7.30434    8.71408
7.34561    8.69522
7.36624    8.67636
7.38687    8.6575
7.40751    8.63863
7.44878    8.60091
7.49004    8.60091
7.51068    8.58205
7.53131    8.58205
7.57258    8.58205
7.61385    8.56319
7.63448    8.56319
7.65511    8.54433
7.69638    8.54433
7.71701    8.54433
7.77892    8.52546
7.79955    8.52546
7.82018    8.52546
7.86145    8.52546
7.88208    8.52546
7.92335    8.54433
7.94398    8.52546
7.96462    8.52546
7.98525    8.52546
8.00589    8.52546
8.04715    8.52546
8.06779    8.5066
8.08842    8.5066
8.10905    8.5066
8.10905    8.48774
8.15032    8.46888
8.17096    8.45002
8.19159    8.43116
8.21222    8.41229
8.23286    8.41229
8.25349    8.37457
8.27412    8.35571
8.29476    8.33685
8.31539    8.31799
8.33603    8.31799
8.35666    8.28026
8.39793    8.28026
8.41856    8.2614
8.43919    8.2614
8.45983    8.24254
8.5011    8.22368
8.52173    8.22368
8.54236    8.22368
8.58363    8.22368
8.60426    8.20482
8.64553    8.20482
8.6868    8.20482
8.70743    8.20482
8.72807    8.20482
8.76933    8.20482
8.8106    8.20482
8.83124    8.20482
8.85187    8.20482
8.8725    8.18595
8.89314    8.18595
8.9344    8.16709
8.95504    8.16709
8.97567    8.14823
8.99631    8.14823
9.01694    8.12937
9.05821    8.11051
9.07884    8.09165
9.09947    8.07278
9.12011    8.05392
9.14074    8.05392
9.16137    8.0162
9.18201    7.99734
9.20264    7.99734
9.22328    7.97848
9.24391    7.97848
9.28518    7.95961
9.30581    7.95961
9.30581    7.94075
9.32644    7.94075
9.34708    7.94075
9.36771    7.94075
9.38835    7.92189
9.40898    7.92189
9.40898    7.92189
9.42961    7.92189
9.47088    7.92189
9.49151    7.92189
9.49151    7.92189
9.51215    7.94075
9.53278    7.94075
9.57405    7.94075
9.57405    7.94075
9.59468    7.94075
9.61532    7.94075
9.63595    7.94075
9.65658    7.94075
9.67722    7.94075
9.69785    7.94075
9.69785    7.94075
9.71849    7.94075
9.73912    7.92189
9.73912    7.92189
9.75975    7.92189
9.78039    7.90303
9.78039    7.90303
9.80102    7.88417
9.80102    7.86531
9.82165    7.84644
9.82165    7.84644
9.82165    7.82758
9.84229    7.80872
9.84229    7.80872
9.86292    7.78986
9.86292    7.78986
9.86292    7.771
9.88356    7.75214
9.88356    7.75214
9.90419    7.75214
9.90419    7.75214
9.90419    7.75214
9.92482    7.73327
9.92482    7.75214
9.92482    7.75214
9.92482    7.75214
9.94546    7.75214
9.94546    7.75214
9.96609    7.771
9.96609    7.771
9.96609    7.771
9.96609    7.771
9.96609    7.771
9.96609    7.771
9.98672    7.78986
9.98672    7.78986
9.98672    7.78986
9.98672    7.78986
9.98672    7.80872
9.98672    7.80872
10.0074    7.80872
10.0074    7.80872
10.0074    7.82758
10.0074    7.82758
10.0074    7.82758
10.0074    7.82758
10.0074    7.82758
10.0074    7.84644
10.0074    7.84644
10.0074    7.84644
10.0074    7.84644
10.0074    7.84644
10.0074    7.84644
10.0074    7.84644
10.0074    7.86531
10.0074    7.86531
10.0074    7.86531
10.0074    7.86531
10.0074    7.86531
10.0074    7.86531
10.0074    7.86531
10.0074    7.86531
10.0074    7.86531
10.0074    7.86531
10.0074    7.86531
10.0074    7.86531
10.0074    7.86531
10.0074    7.86531
10.0074    7.86531
10.0074    7.86531
10.0074    7.86531
10.0074    7.86531
10.0074    7.86531
10.0074    7.86531
10.0074    7.86531
10.0074    7.86531
10.028    7.86531
10.028    7.86531
10.028    7.86531
10.028    7.86531
10.028    7.86531
10.028    7.86531
10.028    7.86531
10.028    7.86531
10.028    7.86531
10.028    7.86531
10.028    7.86531
10.028    7.86531
10.028    7.86531
10.028    7.86531
10.028    7.86531
10.028    7.86531
10.028    7.86531
10.028    7.86531
10.028    7.86531
10.028    7.86531
10.028    7.84644
10.0486    7.84644
10.0486    7.84644
10.0486    7.84644
10.0486    7.82758
10.0486    7.82758
10.0486    7.80872
10.0486    7.78986
10.0486    7.771
10.0486    7.75214
10.0486    7.75214
10.028    7.71441
10.028    7.69555
10.028    7.67669
10.028    7.65783
10.028    7.63897
10.0074    7.60124
10.0074    7.58238
10.0074    7.58238
10.0074    7.56352
10.0074    7.54466
10.0074    7.5258
10.0074    7.50694
10.0074    7.50694
10.0074    7.48807
10.0074    7.48807
10.0074    7.46921
10.0074    7.46921
10.0074    7.45035
10.0074    7.45035
10.0074    7.43149
10.028    7.41263
10.028    7.41263
10.028    7.41263
10.0486    7.39377
10.0486    7.39377
10.0693    7.3749
10.0693    7.3749
10.0899    7.3749
10.0899    7.3749
10.1105    7.3749
10.1312    7.35604
10.1518    7.35604
10.1518    7.35604
10.1724    7.33718
10.1724    7.33718
10.1931    7.31832
10.1931    7.29946
10.2137    7.2806
10.2137    7.2806
10.2137    7.26173
10.2137    7.22401
10.2137    7.20515
10.2137    7.18629
10.2137    7.16743
10.2137    7.14856
10.2137    7.1297
10.2137    7.11084
10.1931    7.09198
10.1931    7.07312
10.1931    7.05426
10.1931    7.01653
10.1931    6.99767
10.1931    6.97881
10.1931    6.95995
10.1931    6.94109
10.1931    6.92222
10.1931    6.92222
10.1931    6.92222
10.1931    6.92222
10.1931    6.92222
10.1931    6.92222
10.2137    6.92222
10.2137    6.92222
10.2137    6.92222
10.2137    6.92222
10.2137    6.94109
10.2137    6.94109
10.2343    6.94109
10.2343    6.95995
10.2343    6.95995
10.2343    6.97881
10.2343    6.97881
10.2343    6.99767
10.2343    6.99767
10.255    6.99767
10.255    7.01653
10.255    7.01653
10.255    7.01653
10.2756    7.01653
10.2756    7.01653
10.2756    7.03539
10.2962    7.03539
10.2962    7.03539
10.2962    7.03539
10.2962    7.01653
10.3169    7.01653
10.3169    7.01653
10.3169    6.99767
10.3375    6.99767
10.3375    6.97881
10.3581    6.95995
10.3581    6.95995
10.3788    6.94109
10.3788    6.92222
10.3788    6.92222
10.3994    6.8845
10.3994    6.8845
10.3994    6.86564
10.42    6.86564
10.42    6.84678
10.4407    6.82792
10.4407    6.80905
10.4407    6.80905
10.4613    6.79019
10.4613    6.79019
10.4819    6.77133
10.4819    6.77133
10.4819    6.77133
10.4819    6.77133
10.5026    6.77133
10.5026    6.77133
10.5026    6.77133
10.5232    6.77133
10.5232    6.77133
10.5232    6.77133
10.5438    6.77133
10.5438    6.79019
10.5438    6.79019
10.5438    6.79019
10.5645    6.80905
10.5645    6.80905
10.5851    6.80905
10.5851    6.80905
10.5851    6.82792
10.6057    6.82792
10.6264    6.84678
10.6264    6.84678
10.6264    6.84678
10.647    6.84678
10.647    6.86564
10.6676    6.86564
10.6676    6.8845
10.6676    6.8845
10.6883    6.8845
10.6883    6.8845
10.7089    6.8845
10.7089    6.8845
10.7295    6.8845
10.7295    6.8845
10.7502    6.8845
10.7708    6.86564
10.7708    6.86564
10.7914    6.84678
10.7914    6.84678
10.8121    6.82792
10.8327    6.80905
10.8533    6.79019
10.8533    6.79019
10.874    6.77133
10.8946    6.75247
10.9152    6.73361
10.9359    6.71475
10.9359    6.71475
10.9565    6.69588
10.9771    6.69588
10.9978    6.69588
11.0184    6.69588
11.039    6.69588
11.0597    6.69588
11.0597    6.69588
11.1009    6.71475
11.1216    6.71475
11.1422    6.73361
11.1628    6.73361
11.1835    6.75247
11.2247    6.77133
11.2247    6.77133
11.2454    6.79019
11.266    6.79019
11.2866    6.79019
11.3279    6.80905
11.3485    6.80905
11.3692    6.80905
11.3898    6.80905
11.4311    6.80905
11.4724    6.80905
11.5136    6.80905
11.5343    6.79019
11.5549    6.79019
11.5962    6.79019
11.6581    6.77133
11.6993    6.75247
11.72    6.75247
11.7612    6.75247
11.7819    6.75247
11.8438    6.75247
11.885    6.75247
11.9263    6.75247
11.9469    6.77133
11.9882    6.77133
12.0501    6.79019
12.0914    6.79019
12.1326    6.80905
12.1533    6.82792
12.1945    6.84678
12.2564    6.8845
12.2977    6.90336
12.3183    6.90336
12.3596    6.92222
12.3802    6.94109
12.4421    6.95995
12.4834    6.95995
12.5247    6.95995
12.5659    6.97881
12.5866    6.97881
12.6691    6.99767
12.7104    6.99767
12.7516    6.99767
12.7929    7.01653
12.8342    7.01653
12.9167    7.03539
12.958    7.03539
12.9786    7.05426
