6.87103    9.33651
6.87103    9.33651
6.87103    9.33651
6.87103    9.33651
6.87103    9.33651
6.89166    9.33651
6.89166    9.33651
6.89166    9.35538
6.89166    9.33651
6.89166    9.35538
6.9123    9.33651
6.9123    9.35538
6.9123    9.33651
6.9123    9.35538
6.9123    9.33651
6.93293    9.35538
6.93293    9.33651
6.93293    9.33651
6.93293    9.33651
6.93293    9.33651
6.93293    9.33651
6.93293    9.33651
6.95357    9.33651
6.95357    9.33651
6.95357    9.31765
6.95357    9.29879
6.95357    9.31765
6.95357    9.29879
6.9742    9.31765
6.9742    9.29879
6.9742    9.29879
6.9742    9.29879
6.99483    9.29879
6.99483    9.29879
6.99483    9.29879
7.01547    9.29879
7.0361    9.27993
7.05673    9.26107
7.07737    9.27993
7.098    9.26107
7.11864    9.27993
7.13927    9.26107
7.1599    9.26107
7.18054    9.26107
7.20117    9.26107
7.24244    9.26107
7.26307    9.24221
7.30434    9.22335
7.32497    9.22335
7.36624    9.20448
7.42814    9.16676
7.44878    9.1479
7.49004    9.1479
7.53131    9.12904
7.55194    9.09131
7.63448    9.07245
7.65511    9.07245
7.69638    9.07245
7.73765    9.05359
7.77892    9.03473
7.86145    9.03473
7.90272    9.01587
7.94398    8.99701
7.98525    9.01587
8.02652    8.99701
8.10905    8.99701
8.15032    8.99701
8.19159    8.97814
8.23286    8.95928
8.27412    8.95928
8.33603    8.94042
8.39793    8.9027
8.43919    8.88384
8.48046    8.88384
8.52173    8.86497
8.60426    8.82725
8.64553    8.80839
8.6868    8.82725
8.72807    8.80839
8.76933    8.80839
8.85187    8.80839
8.89314    8.80839
8.9344    8.78953
8.97567    8.77067
9.01694    8.78953
9.07884    8.77067
9.12011    8.78953
9.16137    8.77067
9.20264    8.77067
9.24391    8.77067
9.30581    8.7518
9.34708    8.73294
9.38835    8.7518
9.42961    8.71408
9.47088    8.71408
9.55342    8.67636
9.59468    8.6575
9.63595    8.6575
9.65658    8.6575
9.69785    8.63863
9.78039    8.60091
9.82165    8.60091
9.86292    8.58205
9.90419    8.60091
9.94546    8.56319
10.028    8.54433
10.0693    8.54433
10.1105    8.54433
10.1518    8.52546
10.1931    8.5066
10.255    8.5066
10.2756    8.48774
10.3169    8.46888
10.3375    8.46888
10.3581    8.45002
10.42    8.41229
10.4407    8.39343
10.4819    8.39343
10.5026    8.37457
10.5438    8.33685
10.5851    8.29912
10.6264    8.28026
10.647    8.28026
10.6676    8.28026
10.6883    8.2614
10.7502    8.22368
10.7708    8.20482
10.7914    8.20482
10.8327    8.20482
10.8533    8.18595
10.9152    8.14823
10.9359    8.12937
10.9771    8.14823
10.9978    8.11051
11.039    8.11051
11.0803    8.09165
11.1009    8.09165
11.1216    8.07278
11.1422    8.05392
11.1628    8.05392
11.2041    8.0162
11.2247    7.99734
11.2454    7.97848
11.266    7.97848
11.266    7.94075
11.2866    7.90303
11.3073    7.88417
11.3279    7.84644
11.3485    7.82758
11.3485    7.82758
11.3692    7.80872
11.3898    7.771
11.4105    7.75214
11.4105    7.771
11.4311    7.73327
11.4517    7.73327
11.4724    7.71441
11.4724    7.73327
11.493    7.71441
11.5136    7.71441
11.5343    7.71441
11.5549    7.71441
11.5549    7.71441
11.5755    7.71441
11.5755    7.71441
11.6168    7.71441
11.6168    7.71441
11.6374    7.71441
11.6374    7.71441
11.6581    7.71441
11.6581    7.69555
11.6787    7.67669
11.6787    7.69555
11.6787    7.67669
11.6787    7.67669
11.6787    7.67669
11.6787    7.65783
11.6787    7.63897
11.6581    7.65783
11.6581    7.63897
11.6374    7.63897
11.6374    7.62011
11.6374    7.60124
11.6168    7.62011
11.6168    7.60124
11.6168    7.60124
11.6168    7.60124
11.6168    7.60124
11.6168    7.60124
11.6168    7.60124
11.6168    7.60124
11.6168    7.60124
11.6374    7.60124
11.6374    7.60124
11.6374    7.60124
11.6581    7.60124
11.6581    7.60124
11.6581    7.60124
11.6787    7.60124
11.6787    7.60124
11.6993    7.60124
11.6993    7.60124
11.6993    7.60124
11.6993    7.60124
11.72    7.60124
11.72    7.60124
11.72    7.60124
11.7406    7.60124
11.7406    7.60124
11.7406    7.60124
11.7406    7.60124
11.7406    7.60124
11.7406    7.60124
11.7406    7.60124
11.7406    7.60124
11.7406    7.58238
11.7406    7.56352
11.7406    7.58238
11.7406    7.56352
11.7406    7.56352
11.7406    7.56352
11.7406    7.56352
11.7406    7.56352
11.7406    7.56352
11.7406    7.56352
11.7406    7.56352
11.7406    7.56352
11.7406    7.56352
11.7406    7.56352
11.7406    7.56352
11.7406    7.56352
11.7406    7.56352
11.7406    7.56352
11.7406    7.56352
11.7406    7.56352
11.7406    7.56352
11.7406    7.56352
11.7406    7.56352
11.7612    7.56352
11.7612    7.56352
11.7612    7.56352
11.7612    7.56352
11.7612    7.56352
11.7819    7.56352
11.7819    7.56352
11.7819    7.56352
11.7819    7.56352
11.7819    7.56352
11.8025    7.56352
11.8025    7.56352
11.8025    7.54466
11.8025    7.5258
11.8025    7.54466
11.8025    7.5258
11.8025    7.5258
11.8025    7.5258
11.8025    7.50694
11.8025    7.48807
11.8025    7.50694
11.8025    7.48807
11.8025    7.48807
11.8025    7.48807
11.8025    7.48807
11.8025    7.46921
11.8231    7.46921
11.8231    7.46921
11.8231    7.46921
11.8438    7.46921
11.8438    7.46921
11.8438    7.46921
11.8644    7.46921
11.8644    7.45035
11.885    7.46921
11.885    7.45035
11.9057    7.45035
11.9057    7.43149
11.9263    7.39377
11.9263    7.3749
11.9469    7.3749
11.9469    7.35604
11.9676    7.29946
11.9676    7.29946
11.9882    7.2806
11.9882    7.26173
12.0088    7.26173
12.0295    7.22401
12.0501    7.22401
12.0707    7.20515
12.0914    7.18629
12.112    7.18629
12.1739    7.16743
12.1945    7.14856
12.2358    7.16743
12.2564    7.14856
12.2771    7.14856
12.3183    7.1297
12.3596    7.11084
12.3802    7.1297
12.4009    7.11084
12.4215    7.11084
12.4834    7.09198
12.504    7.07312
12.5247    7.09198
12.5659    7.07312
12.5866    7.07312
12.6485    7.05426
12.6691    7.05426
12.7104    7.05426
12.731    7.05426
12.7723    7.05426
12.8135    7.07312
12.8548    7.09198
12.8754    7.09198
12.8961    7.11084
12.9167    7.1297
12.9786    7.14856
12.9992    7.16743
13.0199    7.18629
13.0611    7.20515
13.0818    7.22401
