7.13927    9.82692
7.13927    9.82692
7.13927    9.82692
7.13927    9.80806
7.11864    9.80806
7.11864    9.78919
7.11864    9.77033
7.11864    9.77033
7.098    9.75147
7.07737    9.75147
7.07737    9.73261
7.07737    9.71375
7.07737    9.71375
7.07737    9.71375
7.07737    9.71375
7.07737    9.69489
7.07737    9.69489
7.07737    9.69489
7.07737    9.69489
7.07737    9.69489
7.098    9.69489
7.07737    9.69489
7.098    9.69489
7.07737    9.69489
7.098    9.69489
7.098    9.69489
7.098    9.69489
7.098    9.69489
7.11864    9.69489
7.13927    9.69489
7.13927    9.67602
7.13927    9.67602
7.1599    9.67602
7.18054    9.67602
7.18054    9.67602
7.2218    9.67602
7.2218    9.67602
7.24244    9.67602
7.28371    9.67602
7.30434    9.67602
7.32497    9.69489
7.36624    9.71375
7.38687    9.71375
7.38687    9.71375
7.40751    9.73261
7.46941    9.73261
7.49004    9.73261
7.51068    9.73261
7.53131    9.73261
7.57258    9.73261
7.61385    9.73261
7.63448    9.73261
7.65511    9.73261
7.69638    9.71375
7.71701    9.71375
7.75828    9.69489
7.77892    9.69489
7.84082    9.67602
7.84082    9.67602
7.88208    9.65716
7.94398    9.6383
7.98525    9.61944
8.02652    9.61944
8.04715    9.60058
8.06779    9.60058
8.15032    9.58172
8.19159    9.58172
8.21222    9.56285
8.23286    9.56285
8.29476    9.54399
8.35666    9.54399
8.41856    9.52513
8.43919    9.52513
8.5011    9.52513
8.52173    9.52513
8.60426    9.50627
8.64553    9.50627
8.6868    9.50627
8.72807    9.48741
8.76933    9.48741
8.85187    9.46855
8.89314    9.44968
8.9344    9.43082
8.95504    9.41196
8.97567    9.3931
9.05821    9.37424
9.09947    9.35538
9.14074    9.33651
9.18201    9.31765
9.20264    9.29879
9.26454    9.27993
9.32644    9.26107
9.34708    9.26107
9.40898    9.24221
9.42961    9.24221
9.51215    9.22335
9.55342    9.20448
9.59468    9.20448
9.63595    9.18562
9.65658    9.18562
9.71849    9.16676
9.75975    9.1479
9.80102    9.1479
9.82165    9.12904
9.84229    9.11018
9.92482    9.09131
9.94546    9.07245
9.96609    9.05359
10.0074    9.03473
10.0486    9.01587
10.1105    8.97814
10.1105    8.95928
10.1518    8.94042
10.1724    8.92156
10.2137    8.9027
10.2756    8.86497
10.2962    8.86497
10.3375    8.84611
10.3581    8.82725
10.3788    8.80839
10.4407    8.78953
10.4613    8.77067
10.5026    8.77067
10.5438    8.7518
10.5645    8.73294
10.6057    8.71408
10.6264    8.71408
10.6676    8.69522
10.7089    8.67636
10.7295    8.67636
10.7708    8.63863
10.7914    8.63863
10.8327    8.61977
10.8533    8.60091
10.8533    8.60091
10.8946    8.56319
10.9152    8.54433
10.9565    8.52546
10.9771    8.5066
10.9771    8.48774
10.9978    8.45002
11.039    8.43116
11.0597    8.41229
11.0597    8.41229
11.0803    8.39343
11.1422    8.35571
11.1422    8.35571
11.1628    8.33685
11.2041    8.31799
11.2247    8.31799
11.2454    8.28026
11.2866    8.28026
11.3073    8.2614
11.3073    8.2614
11.3279    8.24254
11.3898    8.22368
11.3898    8.20482
11.4105    8.20482
11.4517    8.18595
11.4724    8.16709
11.4724    8.14823
11.493    8.14823
11.5136    8.12937
11.5136    8.12937
11.5136    8.11051
11.5343    8.09165
11.5549    8.07278
11.5549    8.07278
11.5549    8.05392
11.5549    8.05392
11.5755    8.03506
11.5962    8.03506
11.5962    8.03506
11.5962    8.03506
11.5962    8.0162
11.6168    8.0162
11.6374    7.99734
11.6374    7.99734
11.6374    7.99734
11.6581    7.99734
11.6787    7.99734
11.6787    7.99734
11.6993    7.99734
11.72    7.97848
11.6993    7.97848
11.7406    7.97848
11.7406    7.97848
11.7406    7.97848
11.7612    7.97848
11.7406    7.97848
11.7612    7.97848
11.7612    7.97848
11.7612    7.97848
11.7612    7.97848
11.7819    7.97848
11.8025    7.97848
11.7819    7.95961
11.8025    7.95961
11.8025    7.95961
11.8025    7.95961
11.8025    7.95961
11.8025    7.95961
11.8025    7.95961
11.8025    7.95961
11.8025    7.95961
11.8025    7.95961
11.8025    7.95961
11.8025    7.95961
11.8025    7.95961
11.8025    7.95961
11.8025    7.95961
11.8025    7.95961
11.8025    7.94075
11.8025    7.94075
11.8025    7.94075
11.8025    7.94075
11.8025    7.94075
11.8025    7.94075
11.7819    7.94075
11.8025    7.94075
11.7819    7.94075
11.8025    7.94075
11.7819    7.94075
11.7819    7.92189
11.7819    7.92189
11.7819    7.92189
11.7819    7.92189
11.7819    7.92189
11.7819    7.92189
11.7819    7.92189
11.7612    7.92189
11.7406    7.92189
11.7612    7.92189
11.7406    7.92189
11.7612    7.92189
11.7406    7.92189
11.7612    7.92189
11.7406    7.92189
11.7612    7.92189
11.7406    7.92189
11.7406    7.90303
11.7406    7.90303
11.7406    7.90303
11.7406    7.90303
11.7406    7.90303
11.7406    7.90303
11.7406    7.90303
11.7406    7.90303
11.7406    7.90303
11.7406    7.90303
11.7406    7.90303
11.7406    7.90303
11.7406    7.90303
11.7406    7.88417
11.7406    7.88417
11.7406    7.88417
11.7406    7.88417
11.72    7.88417
11.72    7.88417
11.72    7.88417
11.72    7.88417
11.6993    7.88417
11.72    7.88417
11.72    7.88417
11.72    7.88417
11.72    7.88417
11.72    7.88417
11.72    7.88417
11.72    7.88417
11.72    7.88417
11.72    7.88417
11.72    7.86531
11.72    7.86531
11.72    7.86531
11.72    7.86531
11.72    7.86531
11.72    7.86531
11.72    7.86531
11.72    7.86531
11.72    7.86531
11.72    7.84644
11.72    7.84644
11.72    7.84644
11.72    7.82758
11.7406    7.82758
11.7612    7.80872
11.7612    7.80872
11.7612    7.78986
11.7612    7.771
11.7819    7.771
11.8231    7.75214
11.8231    7.73327
11.8438    7.71441
11.8438    7.71441
11.8438    7.69555
11.8644    7.67669
11.885    7.65783
11.885    7.63897
11.9057    7.63897
11.9263    7.62011
11.9263    7.60124
11.9263    7.58238
11.9263    7.56352
11.9263    7.56352
11.9263    7.54466
11.9469    7.5258
11.9676    7.5258
11.9469    7.50694
11.9676    7.50694
11.9469    7.48807
11.9676    7.46921
11.9469    7.46921
11.9676    7.45035
11.9469    7.45035
11.9676    7.43149
11.9676    7.41263
11.9676    7.41263
11.9676    7.39377
11.9882    7.39377
12.0088    7.3749
12.0088    7.3749
12.0088    7.3749
12.0295    7.35604
12.0707    7.35604
12.0707    7.35604
12.112    7.33718
12.1326    7.33718
12.1326    7.33718
12.1533    7.33718
12.1739    7.33718
12.1945    7.31832
12.2358    7.31832
12.2564    7.29946
12.2771    7.29946
12.3183    7.2806
12.3596    7.26173
12.3802    7.26173
12.3802    7.26173
12.4009    7.26173
12.4421    7.24287
12.4628    7.24287
12.4834    7.24287
12.504    7.24287
12.504    7.22401
12.5247    7.22401
12.5866    7.22401
12.5866    7.22401
12.6072    7.22401
12.6485    7.22401
12.6691    7.22401
12.6897    7.24287
12.731    7.24287
12.7516    7.26173
12.7723    7.26173
12.8135    7.26173
12.8548    7.2806
12.8754    7.29946
12.8961    7.29946
12.9373    7.31832
12.958    7.31832
12.9992    7.31832
13.0199    7.33718
13.0611    7.33718
