7.44878    4.54566
7.44878    4.54566
7.44878    4.54566
7.44878    4.54566
7.44878    4.54566
7.46941    4.56452
7.46941    4.54566
7.46941    4.56452
7.46941    4.54566
7.46941    4.56452
7.46941    4.54566
7.46941    4.56452
7.46941    4.56452
7.46941    4.56452
7.46941    4.56452
7.46941    4.56452
7.46941    4.56452
7.46941    4.56452
7.46941    4.58338
7.46941    4.58338
7.46941    4.60224
7.46941    4.58338
7.46941    4.60224
7.46941    4.58338
7.46941    4.60224
7.49004    4.60224
7.49004    4.60224
7.49004    4.6211
7.49004    4.63996
7.51068    4.63996
7.51068    4.65883
7.51068    4.69655
7.53131    4.71541
7.53131    4.71541
7.53131    4.73427
7.55194    4.772
7.57258    4.79086
7.59321    4.79086
7.61385    4.80972
7.63448    4.82858
7.67575    4.82858
7.69638    4.84744
7.71701    4.8663
7.75828    4.84744
7.77892    4.8663
7.84082    4.84744
7.86145    4.8663
7.90272    4.84744
7.94398    4.8663
7.96462    4.84744
8.02652    4.84744
8.06779    4.84744
8.10905    4.84744
8.12969    4.8663
8.17096    4.84744
8.23286    4.88517
8.27412    4.88517
8.31539    4.90403
8.35666    4.90403
8.39793    4.90403
8.45983    4.92289
8.5011    4.96061
8.54236    4.97947
8.58363    4.97947
8.6249    4.99834
8.70743    5.03606
8.7487    5.03606
8.78997    5.05492
8.83124    5.05492
8.8725    5.05492
8.95504    5.07378
8.99631    5.09264
9.03757    5.07378
9.07884    5.09264
9.12011    5.09264
9.22328    5.09264
9.26454    5.09264
9.30581    5.11151
9.34708    5.13037
9.38835    5.13037
9.45025    5.16809
9.49151    5.18695
9.53278    5.20581
9.57405    5.20581
9.61532    5.22468
9.67722    5.28126
9.71849    5.28126
9.75975    5.30012
9.78039    5.33785
9.82165    5.37557
9.90419    5.41329
9.92482    5.43215
9.96609    5.43215
9.98672    5.45102
10.028    5.48874
10.0899    5.52646
10.1312    5.52646
10.1724    5.54532
10.1931    5.54532
10.2343    5.56419
10.2962    5.60191
10.3375    5.62077
10.3788    5.62077
10.3994    5.62077
10.4407    5.63963
10.5026    5.67736
10.5232    5.69622
10.5438    5.69622
10.5645    5.71508
10.5851    5.7528
10.647    5.79053
10.6676    5.80939
10.6883    5.80939
10.7089    5.82825
10.7295    5.86597
10.7708    5.9037
10.7914    5.92256
10.8121    5.92256
10.8533    5.94142
10.874    5.97914
10.9152    6.01687
10.9359    6.01687
10.9565    6.03573
10.9771    6.03573
10.9978    6.03573
11.0184    6.05459
11.039    6.07345
11.0597    6.07345
11.0803    6.07345
11.1009    6.07345
11.1422    6.07345
11.1628    6.07345
11.1835    6.07345
11.2041    6.07345
11.2247    6.07345
11.266    6.07345
11.2866    6.07345
11.3073    6.09231
11.3073    6.11117
11.3279    6.09231
11.3485    6.13004
11.3692    6.1489
11.3898    6.13004
11.4105    6.16776
11.4105    6.18662
11.4311    6.18662
11.4517    6.20548
11.4517    6.2432
11.4724    6.26207
11.4724    6.26207
11.493    6.28093
11.493    6.31865
11.5136    6.31865
11.5136    6.33751
11.5343    6.31865
11.5549    6.35637
11.5549    6.35637
11.5755    6.35637
11.5962    6.35637
11.5962    6.37524
11.6374    6.35637
11.6581    6.37524
11.6581    6.37524
11.6787    6.37524
11.6787    6.37524
11.6993    6.37524
11.72    6.3941
11.72    6.41296
11.72    6.3941
11.72    6.41296
11.7406    6.41296
11.7406    6.41296
11.7406    6.43182
11.7406    6.45068
11.7406    6.45068
11.7406    6.45068
11.7406    6.46954
11.7406    6.48841
11.7406    6.48841
11.7406    6.48841
11.7406    6.50727
11.7406    6.52613
11.7406    6.52613
11.7406    6.52613
11.7612    6.52613
11.7612    6.52613
11.7819    6.52613
11.7819    6.52613
11.8025    6.54499
11.8025    6.56385
11.8231    6.54499
11.8438    6.56385
11.8438    6.54499
11.8644    6.56385
11.885    6.56385
11.9057    6.56385
11.9057    6.56385
11.9263    6.56385
11.9263    6.56385
11.9469    6.58271
11.9469    6.60158
11.9469    6.60158
11.9676    6.60158
11.9676    6.62044
11.9882    6.6393
12.0088    6.65816
12.0088    6.67702
12.0295    6.67702
12.0295    6.67702
12.0501    6.69588
12.0707    6.73361
12.0707    6.73361
12.0914    6.75247
12.0914    6.73361
12.0914    6.75247
12.112    6.75247
12.1326    6.75247
12.1533    6.75247
12.1533    6.75247
12.1739    6.75247
12.1945    6.75247
12.2152    6.75247
12.2358    6.75247
12.2564    6.75247
12.2771    6.77133
12.3183    6.79019
12.339    6.77133
12.3596    6.79019
12.3802    6.79019
12.4009    6.79019
12.4421    6.80905
12.4628    6.82792
12.4834    6.80905
12.504    6.82792
12.5247    6.82792
12.5866    6.82792
12.6072    6.82792
12.6485    6.82792
12.6691    6.82792
12.7104    6.82792
12.7723    6.82792
12.7929    6.82792
12.8342    6.82792
12.8548    6.82792
12.8754    6.80905
12.9373    6.80905
