7.79955    5.37557
7.79955    5.37557
7.79955    5.37557
7.79955    5.37557
7.79955    5.37557
7.79955    5.35671
7.79955    5.33785
7.79955    5.35671
7.82018    5.33785
7.82018    5.35671
7.84082    5.33785
7.84082    5.35671
7.86145    5.33785
7.88208    5.35671
7.88208    5.35671
7.92335    5.35671
7.94398    5.37557
7.96462    5.39443
7.98525    5.39443
8.00589    5.41329
8.06779    5.45102
8.08842    5.46988
8.10905    5.46988
8.15032    5.46988
8.17096    5.48874
8.23286    5.52646
8.27412    5.52646
8.31539    5.54532
8.35666    5.52646
8.39793    5.54532
8.48046    5.54532
8.54236    5.56419
8.58363    5.58305
8.6249    5.56419
8.6868    5.60191
8.76933    5.62077
8.83124    5.62077
8.8725    5.62077
8.91377    5.63963
8.95504    5.67736
9.05821    5.69622
9.09947    5.69622
9.16137    5.71508
9.20264    5.7528
9.26454    5.77166
9.36771    5.80939
9.42961    5.82825
9.47088    5.86597
9.53278    5.88483
9.59468    5.9037
9.69785    5.94142
9.75975    5.96028
9.82165    5.96028
9.88356    5.97914
9.94546    6.01687
10.0486    6.05459
10.1105    6.07345
10.1724    6.07345
10.2343    6.09231
10.2962    6.13004
10.3994    6.18662
10.4613    6.20548
10.5232    6.2432
10.5645    6.28093
10.6264    6.29979
10.7295    6.35637
10.7914    6.3941
10.8327    6.43182
10.8946    6.45068
10.9359    6.46954
11.0597    6.54499
11.1216    6.56385
11.1835    6.56385
11.2454    6.58271
11.2866    6.62044
11.3898    6.6393
11.4517    6.6393
11.5136    6.65816
11.5549    6.69588
11.6168    6.69588
11.72    6.71475
11.7819    6.71475
11.8231    6.73361
11.8644    6.75247
11.9057    6.75247
11.9882    6.79019
12.0295    6.80905
12.0707    6.82792
12.1326    6.82792
12.1739    6.84678
12.2564    6.8845
12.3183    6.8845
12.3596    6.8845
12.4215    6.8845
12.4628    6.8845
12.5659    6.86564
12.6072    6.84678
12.6485    6.84678
12.7104    6.82792
12.7516    6.80905
12.8342    6.79019
