7.18054    5.67736
7.18054    5.67736
7.18054    5.67736
7.18054    5.65849
7.18054    5.63963
7.20117    5.65849
7.20117    5.63963
7.20117    5.65849
7.20117    5.63963
7.20117    5.65849
7.20117    5.63963
7.20117    5.63963
7.2218    5.63963
7.2218    5.63963
7.2218    5.63963
7.2218    5.63963
7.2218    5.65849
7.24244    5.63963
7.24244    5.65849
7.24244    5.65849
7.26307    5.65849
7.28371    5.67736
7.28371    5.69622
7.30434    5.67736
7.30434    5.69622
7.34561    5.69622
7.34561    5.69622
7.36624    5.69622
7.38687    5.69622
7.40751    5.69622
7.42814    5.67736
7.44878    5.69622
7.46941    5.67736
7.49004    5.67736
7.51068    5.67736
7.55194    5.63963
7.57258    5.63963
7.59321    5.62077
7.61385    5.60191
7.63448    5.60191
7.67575    5.60191
7.69638    5.58305
7.71701    5.56419
7.75828    5.58305
7.77892    5.56419
7.82018    5.56419
7.86145    5.56419
7.88208    5.56419
7.90272    5.56419
7.94398    5.58305
8.00589    5.58305
8.02652    5.58305
8.06779    5.60191
8.08842    5.62077
8.10905    5.62077
8.17096    5.63963
8.19159    5.65849
8.23286    5.63963
8.25349    5.65849
8.29476    5.65849
8.33603    5.65849
8.37729    5.65849
8.39793    5.65849
8.43919    5.65849
8.45983    5.65849
8.52173    5.65849
8.563    5.65849
8.58363    5.65849
8.6249    5.65849
8.64553    5.63963
8.70743    5.65849
8.7487    5.63963
8.76933    5.65849
8.8106    5.63963
8.83124    5.65849
8.89314    5.65849
8.9344    5.65849
8.95504    5.65849
8.99631    5.67736
9.01694    5.69622
9.07884    5.69622
9.09947    5.69622
9.12011    5.71508
9.14074    5.73394
9.18201    5.73394
9.22328    5.7528
9.24391    5.77166
9.28518    5.77166
9.30581    5.77166
9.32644    5.77166
9.38835    5.77166
9.40898    5.77166
9.42961    5.79053
9.45025    5.79053
9.49151    5.79053
9.53278    5.79053
9.55342    5.79053
9.59468    5.79053
9.61532    5.79053
9.65658    5.77166
9.71849    5.7528
9.73912    5.77166
9.75975    5.7528
9.80102    5.77166
9.82165    5.77166
9.86292    5.77166
9.90419    5.77166
9.92482    5.79053
9.94546    5.80939
9.96609    5.80939
10.028    5.80939
10.0486    5.82825
10.0693    5.84711
10.0899    5.84711
10.1105    5.86597
10.1518    5.9037
10.1724    5.92256
10.1931    5.92256
10.2137    5.92256
10.2343    5.94142
10.2756    5.97914
10.2962    5.97914
10.3169    5.998
10.3375    5.998
10.3581    5.998
10.3994    6.01687
10.42    6.03573
10.4407    6.03573
10.4613    6.03573
10.4819    6.03573
10.5232    6.03573
10.5438    6.05459
10.5645    6.07345
10.5851    6.05459
10.6057    6.07345
10.647    6.05459
10.6676    6.07345
10.6883    6.07345
10.7089    6.07345
10.7295    6.07345
10.7502    6.09231
10.7708    6.11117
10.7914    6.11117
10.8121    6.11117
10.8121    6.11117
10.8533    6.13004
10.874    6.1489
10.874    6.1489
10.8946    6.1489
10.9152    6.16776
10.9359    6.20548
10.9565    6.20548
10.9771    6.22434
10.9978    6.22434
10.9978    6.22434
11.039    6.2432
11.039    6.26207
11.0597    6.26207
11.0597    6.26207
11.0803    6.26207
11.1009    6.28093
11.1216    6.29979
11.1216    6.28093
11.1422    6.29979
11.1422    6.29979
11.1628    6.29979
11.1835    6.29979
11.1835    6.29979
11.2041    6.29979
11.2041    6.29979
11.2247    6.29979
11.2454    6.29979
11.2454    6.29979
11.266    6.29979
11.266    6.29979
11.2866    6.29979
11.3073    6.29979
11.3073    6.29979
11.3279    6.29979
11.3279    6.29979
11.3485    6.31865
11.3485    6.33751
11.3485    6.31865
11.3485    6.33751
11.3692    6.31865
11.3692    6.35637
11.3692    6.35637
11.3692    6.35637
11.3692    6.37524
11.3692    6.35637
11.3692    6.3941
11.3692    6.3941
11.3692    6.41296
11.3692    6.3941
11.3692    6.41296
11.3692    6.41296
11.3692    6.41296
11.3692    6.43182
11.3692    6.45068
11.3898    6.43182
11.3898    6.46954
11.3898    6.46954
11.4105    6.46954
11.4105    6.46954
11.4105    6.46954
11.4311    6.48841
11.4517    6.46954
11.4517    6.48841
11.4724    6.46954
11.493    6.48841
11.5136    6.48841
11.5343    6.48841
11.5549    6.48841
11.5549    6.48841
11.5755    6.48841
11.5962    6.48841
11.6168    6.50727
11.6168    6.52613
11.6168    6.50727
11.6374    6.52613
11.6581    6.52613
11.6581    6.54499
11.6581    6.56385
11.6581    6.54499
11.6787    6.58271
11.6787    6.60158
11.6993    6.60158
11.6993    6.60158
11.6993    6.62044
11.72    6.6393
11.7406    6.6393
11.7612    6.65816
11.7819    6.67702
11.8025    6.67702
11.8231    6.67702
11.8644    6.69588
11.885    6.71475
11.9057    6.69588
11.9263    6.71475
11.9469    6.69588
11.9882    6.71475
12.0295    6.71475
12.0501    6.73361
12.0707    6.75247
12.0914    6.75247
12.1533    6.77133
12.1739    6.80905
12.1945    6.82792
12.2152    6.82792
12.2358    6.82792
12.2977    6.86564
12.3183    6.8845
12.339    6.90336
12.3596    6.90336
12.4009    6.90336
12.4421    6.92222
12.4834    6.94109
12.504    6.92222
12.5453    6.94109
12.5866    6.92222
12.6485    6.92222
12.6691    6.90336
12.7104    6.8845
12.731    6.8845
12.7516    6.8845
