6.82976    5.39443
6.82976    5.39443
6.82976    5.37557
6.8504    5.39443
6.8504    5.37557
6.8504    5.37557
6.8504    5.35671
6.8504    5.33785
6.87103    5.35671
6.87103    5.31898
6.87103    5.31898
6.87103    5.31898
6.87103    5.31898
6.87103    5.30012
6.87103    5.31898
6.89166    5.30012
6.89166    5.31898
6.89166    5.30012
6.89166    5.30012
6.9123    5.30012
6.9123    5.28126
6.93293    5.2624
6.93293    5.28126
6.95357    5.2624
6.9742    5.2624
6.99483    5.2624
7.01547    5.2624
7.0361    5.28126
7.05673    5.2624
7.07737    5.28126
7.098    5.2624
7.11864    5.28126
7.11864    5.2624
7.11864    5.28126
7.13927    5.2624
7.1599    5.28126
7.1599    5.2624
7.18054    5.28126
7.18054    5.2624
7.20117    5.28126
7.2218    5.2624
7.2218    5.28126
7.24244    5.24354
7.26307    5.24354
7.28371    5.24354
7.32497    5.24354
7.34561    5.24354
7.38687    5.24354
7.40751    5.24354
7.44878    5.24354
7.49004    5.24354
7.53131    5.24354
7.55194    5.24354
7.57258    5.24354
7.59321    5.24354
7.65511    5.24354
7.67575    5.2624
7.69638    5.28126
7.71701    5.2624
7.75828    5.28126
7.79955    5.28126
7.84082    5.28126
7.86145    5.30012
7.90272    5.31898
7.92335    5.30012
7.98525    5.33785
8.00589    5.33785
8.04715    5.33785
8.06779    5.33785
8.10905    5.31898
8.17096    5.30012
8.21222    5.31898
8.23286    5.28126
8.27412    5.28126
8.29476    5.28126
8.37729    5.2624
8.41856    5.2624
8.45983    5.2624
8.48046    5.2624
8.52173    5.24354
8.58363    5.22468
8.6249    5.24354
8.64553    5.22468
8.6868    5.24354
8.72807    5.22468
8.78997    5.24354
8.83124    5.22468
8.8725    5.24354
8.89314    5.22468
8.9344    5.24354
9.01694    5.22468
9.05821    5.24354
9.09947    5.24354
9.12011    5.24354
9.16137    5.24354
9.22328    5.24354
9.26454    5.24354
9.30581    5.24354
9.32644    5.24354
9.36771    5.24354
9.42961    5.24354
9.47088    5.24354
9.51215    5.24354
9.53278    5.24354
9.57405    5.24354
9.63595    5.24354
9.67722    5.24354
9.69785    5.24354
9.73912    5.24354
9.75975    5.2624
9.82165    5.28126
9.84229    5.28126
9.88356    5.28126
9.90419    5.28126
9.92482    5.30012
9.98672    5.31898
10.0074    5.31898
10.0486    5.31898
10.0693    5.33785
10.1105    5.35671
10.1724    5.37557
10.1931    5.39443
10.2343    5.39443
10.255    5.41329
10.2756    5.43215
10.3375    5.43215
10.3581    5.45102
10.3994    5.46988
10.42    5.45102
10.4613    5.48874
10.5232    5.48874
10.5438    5.5076
10.5851    5.5076
10.6057    5.5076
10.647    5.52646
10.6883    5.54532
10.7295    5.54532
10.7502    5.54532
10.7708    5.56419
10.7914    5.60191
10.8327    5.62077
10.8327    5.62077
10.8533    5.63963
10.8533    5.65849
10.8533    5.65849
10.874    5.67736
10.874    5.69622
10.8946    5.69622
10.8946    5.71508
10.9152    5.73394
10.9152    5.7528
10.9359    5.77166
10.9565    5.77166
10.9565    5.77166
10.9771    5.79053
10.9978    5.80939
11.0184    5.80939
11.039    5.80939
11.039    5.80939
11.0597    5.80939
11.0803    5.82825
11.1009    5.84711
11.1216    5.82825
11.1216    5.84711
11.1422    5.82825
11.1628    5.84711
11.1628    5.82825
11.1835    5.84711
11.1835    5.84711
11.1835    5.84711
11.2041    5.84711
11.2041    5.84711
11.2041    5.86597
11.2041    5.88483
11.2041    5.86597
11.2041    5.88483
11.2041    5.88483
11.2041    5.88483
11.2041    5.9037
11.2041    5.92256
11.1835    5.92256
11.1835    5.92256
11.1835    5.94142
11.1835    5.96028
11.1628    5.94142
11.1628    5.97914
11.1628    5.998
11.1628    5.97914
11.1628    6.01687
11.1628    6.01687
11.1628    6.03573
11.1628    6.01687
11.1628    6.03573
11.1628    6.01687
11.1835    6.03573
11.1835    6.01687
11.1835    6.03573
11.1835    6.03573
11.2041    6.03573
11.2041    6.03573
11.2041    6.03573
11.2041    6.03573
11.2041    6.05459
11.2041    6.07345
11.2041    6.05459
11.2041    6.07345
11.2041    6.05459
11.2041    6.07345
11.2041    6.07345
11.2041    6.07345
11.2041    6.09231
11.2041    6.11117
11.2041    6.09231
11.2041    6.13004
11.2041    6.13004
11.2041    6.1489
11.2041    6.13004
11.2041    6.16776
11.2041    6.16776
11.2041    6.16776
11.2041    6.18662
11.2041    6.18662
11.2041    6.18662
11.2041    6.18662
11.2041    6.20548
11.2247    6.22434
11.2247    6.20548
11.2247    6.22434
11.2247    6.20548
11.2454    6.20548
11.2454    6.20548
11.2454    6.20548
11.266    6.20548
11.266    6.20548
11.266    6.20548
11.266    6.18662
11.266    6.16776
11.2866    6.18662
11.2866    6.16776
11.2866    6.18662
11.3073    6.16776
11.3073    6.18662
11.3073    6.16776
11.3279    6.18662
11.3279    6.16776
11.3485    6.18662
11.3692    6.16776
11.3692    6.20548
11.3898    6.20548
11.3898    6.20548
11.4105    6.22434
11.4311    6.20548
11.4311    6.22434
11.4311    6.20548
11.4517    6.22434
11.4517    6.22434
11.4724    6.22434
11.4724    6.22434
11.4724    6.2432
11.493    6.26207
11.493    6.2432
11.5136    6.26207
11.5136    6.2432
11.5343    6.26207
11.5343    6.26207
11.5549    6.26207
11.5755    6.26207
11.5755    6.26207
11.5962    6.26207
11.5962    6.26207
11.6168    6.26207
11.6168    6.26207
11.6374    6.26207
11.6374    6.26207
11.6581    6.28093
11.6581    6.29979
11.6787    6.29979
11.6787    6.29979
11.6993    6.31865
11.6993    6.33751
11.72    6.35637
11.72    6.37524
11.7406    6.37524
11.7406    6.3941
11.7612    6.43182
11.7819    6.45068
11.7819    6.45068
11.7819    6.46954
11.8025    6.48841
11.8025    6.48841
11.8231    6.52613
11.8231    6.52613
11.8438    6.54499
11.8438    6.56385
11.8644    6.56385
11.885    6.58271
11.9057    6.60158
11.9057    6.58271
11.9263    6.60158
11.9263    6.60158
11.9469    6.60158
11.9676    6.60158
11.9676    6.60158
11.9882    6.60158
11.9882    6.60158
11.9882    6.60158
12.0088    6.62044
12.0088    6.6393
12.0088    6.62044
12.0295    6.6393
12.0295    6.62044
12.0501    6.6393
12.0501    6.6393
12.0707    6.6393
12.0707    6.6393
12.0914    6.65816
12.0914    6.67702
12.112    6.65816
12.1326    6.67702
12.1326    6.67702
12.1533    6.69588
12.1739    6.71475
12.1739    6.71475
12.1945    6.71475
12.2152    6.71475
12.2358    6.73361
12.2564    6.75247
12.2771    6.73361
12.3183    6.75247
12.339    6.73361
12.4009    6.75247
12.4421    6.73361
12.4628    6.73361
12.504    6.73361
12.5453    6.73361
12.6072    6.73361
12.6485    6.73361
12.6691    6.73361
12.7104    6.73361
12.731    6.73361
12.7929    6.75247
12.8342    6.73361
