6.56153    6.05459
6.56153    6.05459
6.58216    6.03573
6.60279    6.01687
6.58216    6.03573
6.60279    6.01687
6.60279    6.03573
6.60279    6.01687
6.60279    6.03573
6.60279    6.01687
6.62343    6.05459
6.64406    6.05459
6.62343    6.07345
6.64406    6.05459
6.62343    6.09231
6.66469    6.11117
6.66469    6.11117
6.66469    6.11117
6.66469    6.13004
6.66469    6.1489
6.66469    6.1489
6.66469    6.16776
6.66469    6.18662
6.68533    6.16776
6.66469    6.18662
6.68533    6.16776
6.66469    6.18662
6.68533    6.16776
6.68533    6.18662
6.68533    6.16776
6.70596    6.16776
6.7266    6.1489
6.7266    6.13004
6.74723    6.13004
6.76786    6.13004
6.80913    6.11117
6.82976    6.09231
6.87103    6.11117
6.89166    6.09231
6.9123    6.11117
6.99483    6.11117
7.01547    6.13004
7.0361    6.1489
7.098    6.1489
7.098    6.16776
7.1599    6.20548
7.2218    6.20548
7.24244    6.20548
7.28371    6.20548
7.32497    6.20548
7.38687    6.18662
7.40751    6.16776
7.46941    6.16776
7.49004    6.1489
7.55194    6.13004
7.61385    6.11117
7.65511    6.07345
7.69638    6.05459
7.73765    6.05459
7.77892    6.05459
7.84082    6.03573
7.86145    6.01687
7.92335    6.03573
7.94398    5.998
7.98525    5.998
8.06779    5.998
8.10905    5.998
8.15032    5.998
8.17096    5.998
8.19159    5.998
8.27412    5.998
8.31539    5.998
8.33603    5.998
8.35666    5.998
8.39793    5.998
8.45983    5.998
8.48046    5.998
8.52173    5.998
8.54236    5.998
8.563    5.998
8.6249    5.998
8.64553    6.01687
8.6868    6.03573
8.70743    6.03573
8.70743    6.03573
8.76933    6.05459
8.8106    6.09231
8.83124    6.09231
8.85187    6.11117
8.89314    6.11117
8.9344    6.11117
8.95504    6.13004
8.95504    6.1489
8.99631    6.13004
9.01694    6.1489
9.07884    6.13004
9.07884    6.13004
9.09947    6.13004
9.14074    6.11117
9.16137    6.09231
9.18201    6.09231
9.22328    6.07345
9.24391    6.05459
9.24391    6.07345
9.26454    6.05459
9.32644    6.07345
9.32644    6.05459
9.34708    6.05459
9.38835    6.05459
9.40898    6.05459
9.42961    6.05459
9.47088    6.05459
9.49151    6.05459
9.49151    6.07345
9.51215    6.05459
9.57405    6.07345
9.57405    6.05459
9.59468    6.07345
9.63595    6.05459
9.65658    6.07345
9.67722    6.05459
9.71849    6.05459
9.73912    6.05459
9.73912    6.05459
9.75975    6.05459
9.80102    6.07345
9.82165    6.05459
9.82165    6.07345
9.84229    6.07345
9.88356    6.09231
9.90419    6.13004
9.90419    6.1489
9.92482    6.1489
9.96609    6.16776
9.98672    6.20548
10.0074    6.20548
10.0486    6.22434
10.0693    6.20548
10.0693    6.22434
10.0899    6.22434
10.1518    6.22434
10.1518    6.22434
10.1724    6.2432
10.2137    6.26207
10.2137    6.2432
10.255    6.28093
10.2756    6.29979
10.2756    6.29979
10.2962    6.29979
10.3169    6.31865
10.3375    6.37524
10.3581    6.37524
10.3581    6.3941
10.3788    6.43182
10.3994    6.45068
10.42    6.46954
10.4407    6.48841
10.4407    6.48841
10.4613    6.50727
10.5026    6.52613
10.5438    6.52613
10.5645    6.52613
10.5645    6.54499
10.5851    6.56385
10.6264    6.54499
10.6676    6.56385
10.6883    6.54499
10.6883    6.56385
10.7089    6.54499
10.7295    6.56385
10.7502    6.54499
10.7708    6.56385
10.7708    6.54499
10.7914    6.58271
10.8121    6.58271
10.8327    6.60158
10.8533    6.58271
10.8533    6.62044
10.8533    6.62044
10.8533    6.6393
10.874    6.65816
10.8946    6.67702
10.8946    6.67702
10.8946    6.69588
10.8946    6.71475
10.9152    6.71475
10.9359    6.73361
10.9152    6.75247
10.9359    6.73361
10.9359    6.75247
10.9359    6.75247
10.9359    6.75247
10.9565    6.75247
10.9771    6.75247
10.9771    6.75247
10.9771    6.73361
10.9978    6.75247
11.0184    6.73361
10.9978    6.73361
11.039    6.73361
11.039    6.71475
11.0597    6.69588
11.039    6.71475
11.0597    6.69588
11.0597    6.71475
11.0597    6.69588
11.0803    6.71475
11.1009    6.69588
11.0803    6.71475
11.1009    6.69588
11.1009    6.71475
11.1009    6.69588
11.1009    6.71475
11.1009    6.69588
11.1216    6.69588
11.1422    6.69588
11.1216    6.69588
11.1422    6.69588
11.1216    6.69588
11.1422    6.69588
11.1422    6.69588
11.1422    6.69588
11.1422    6.69588
11.1422    6.69588
11.1422    6.69588
11.1628    6.69588
11.1835    6.69588
11.1628    6.69588
11.1835    6.69588
11.1628    6.69588
11.1835    6.69588
11.1628    6.69588
11.1835    6.69588
11.1835    6.69588
11.1835    6.69588
11.1835    6.69588
11.1835    6.69588
11.1835    6.69588
11.1835    6.69588
11.1835    6.69588
11.2041    6.69588
11.2247    6.69588
11.2041    6.69588
11.2247    6.69588
11.2247    6.69588
11.2247    6.69588
11.2454    6.69588
11.266    6.69588
11.2454    6.71475
11.266    6.69588
11.2866    6.71475
11.3073    6.69588
11.3073    6.71475
11.3073    6.71475
11.3073    6.71475
11.3279    6.71475
11.3485    6.69588
11.3485    6.71475
11.3485    6.69588
11.3485    6.71475
11.3485    6.69588
11.3485    6.71475
11.3485    6.69588
11.3692    6.71475
11.3692    6.69588
11.3898    6.71475
11.3692    6.69588
11.3898    6.71475
11.3692    6.69588
11.3898    6.71475
11.3692    6.69588
11.3898    6.69588
11.3692    6.69588
11.3898    6.69588
11.3692    6.69588
11.3898    6.69588
11.3898    6.69588
11.3898    6.69588
11.3898    6.69588
11.3898    6.69588
11.4105    6.69588
11.4311    6.69588
11.4105    6.69588
11.4311    6.69588
11.4105    6.71475
11.4311    6.71475
11.4311    6.73361
11.4311    6.75247
11.4311    6.75247
11.4311    6.77133
11.4517    6.79019
11.4724    6.79019
11.4724    6.79019
11.4724    6.79019
11.493    6.79019
11.5136    6.77133
11.5136    6.79019
11.5343    6.77133
11.5549    6.79019
11.5549    6.75247
11.5755    6.75247
11.5962    6.75247
11.5962    6.75247
11.6168    6.75247
11.6374    6.75247
11.6374    6.77133
11.6374    6.79019
11.6581    6.77133
11.6787    6.80905
11.6581    6.80905
11.6993    6.82792
11.6993    6.82792
11.6993    6.82792
11.72    6.84678
11.6993    6.86564
11.72    6.86564
11.6993    6.86564
11.72    6.86564
11.6993    6.86564
11.72    6.86564
11.6993    6.86564
11.72    6.86564
11.72    6.86564
11.72    6.86564
11.72    6.84678
11.7406    6.86564
11.7612    6.82792
11.7612    6.82792
11.7819    6.80905
11.8025    6.82792
11.8231    6.79019
11.8438    6.77133
11.8438    6.77133
11.8644    6.77133
11.885    6.77133
11.9057    6.75247
11.9263    6.73361
11.9263    6.75247
11.9469    6.75247
11.9882    6.75247
12.0295    6.75247
12.0501    6.77133
12.0501    6.79019
12.0707    6.79019
12.112    6.79019
12.1739    6.80905
12.1739    6.84678
12.1945    6.84678
12.2358    6.86564
12.2771    6.84678
12.3183    6.8845
12.339    6.90336
12.3596    6.8845
12.4009    6.90336
12.4215    6.8845
12.4628    6.8845
12.504    6.86564
12.5247    6.84678
12.5659    6.84678
12.6072    6.84678
12.6691    6.82792
12.6897    6.80905
12.731    6.82792
12.7723    6.80905
12.7929    6.82792
12.8342    6.80905
