5.55047    6.3941
5.55047    6.37524
5.55047    6.33751
5.55047    6.31865
5.55047    6.31865
5.57111    6.28093
5.57111    6.26207
5.57111    6.2432
5.57111    6.2432
5.57111    6.22434
5.57111    6.20548
5.57111    6.20548
5.57111    6.20548
5.57111    6.20548
5.57111    6.20548
5.57111    6.20548
5.57111    6.20548
5.57111    6.20548
5.57111    6.20548
5.57111    6.20548
5.57111    6.20548
5.57111    6.20548
5.57111    6.22434
5.57111    6.20548
5.57111    6.22434
5.59174    6.20548
5.59174    6.22434
5.59174    6.20548
5.59174    6.22434
5.59174    6.20548
5.61237    6.20548
5.61237    6.20548
5.61237    6.18662
5.63301    6.16776
5.63301    6.16776
5.65364    6.1489
5.65364    6.11117
5.65364    6.09231
5.67427    6.09231
5.67427    6.09231
5.69491    6.07345
5.71554    6.05459
5.71554    6.05459
5.73618    6.03573
5.75681    6.01687
5.79808    6.01687
5.81871    6.01687
5.83934    6.01687
5.85998    6.01687
5.88061    6.01687
5.94251    6.01687
5.98378    6.01687
6.00441    6.01687
6.04568    6.03573
6.08695    6.01687
6.12822    6.03573
6.16948    6.01687
6.19012    6.03573
6.23139    6.01687
6.25202    6.03573
6.31392    6.01687
6.35519    6.01687
6.39646    6.01687
6.43772    6.01687
6.47899    5.998
6.54089    5.96028
6.58216    5.94142
6.62343    5.94142
6.66469    5.94142
6.70596    5.92256
6.7885    5.88483
6.82976    5.88483
6.8504    5.88483
6.89166    5.86597
6.93293    5.88483
6.99483    5.86597
7.0361    5.86597
7.07737    5.86597
7.11864    5.86597
7.1599    5.86597
7.24244    5.86597
7.28371    5.86597
7.32497    5.86597
7.36624    5.86597
7.40751    5.86597
7.49004    5.86597
7.53131    5.86597
7.57258    5.84711
7.61385    5.82825
7.63448    5.84711
7.71701    5.80939
7.75828    5.80939
7.79955    5.79053
7.84082    5.79053
7.88208    5.79053
7.94398    5.7528
7.98525    5.73394
8.02652    5.71508
8.06779    5.71508
8.10905    5.69622
8.17096    5.65849
8.21222    5.65849
8.25349    5.63963
8.29476    5.65849
8.33603    5.62077
8.41856    5.60191
8.45983    5.62077
8.5011    5.58305
8.54236    5.58305
8.58363    5.58305
8.66617    5.56419
8.70743    5.58305
8.7487    5.54532
8.78997    5.54532
8.83124    5.52646
8.89314    5.52646
8.9344    5.52646
8.97567    5.52646
8.99631    5.5076
9.03757    5.48874
9.09947    5.46988
9.14074    5.45102
9.18201    5.45102
9.22328    5.43215
9.26454    5.39443
9.32644    5.37557
9.36771    5.37557
9.40898    5.35671
9.42961    5.33785
9.47088    5.33785
9.53278    5.33785
9.55342    5.33785
9.59468    5.33785
9.61532    5.33785
9.65658    5.33785
9.71849    5.33785
9.73912    5.35671
9.78039    5.33785
9.80102    5.35671
9.82165    5.35671
9.88356    5.37557
9.92482    5.41329
9.94546    5.41329
9.98672    5.41329
10.0074    5.41329
10.0486    5.43215
10.0899    5.41329
10.1105    5.43215
10.1312    5.41329
10.1724    5.43215
10.2137    5.41329
10.255    5.43215
10.2756    5.41329
10.2962    5.41329
10.3375    5.41329
10.3788    5.41329
10.3994    5.39443
10.42    5.37557
10.4613    5.39443
10.4819    5.37557
10.5026    5.39443
10.5232    5.39443
10.5438    5.39443
10.5645    5.39443
10.5851    5.39443
10.6057    5.41329
10.6264    5.43215
10.6264    5.41329
10.647    5.45102
10.647    5.45102
10.6676    5.46988
10.6676    5.46988
10.6676    5.46988
10.6883    5.48874
10.6883    5.5076
10.7089    5.5076
10.7089    5.5076
10.7295    5.5076
10.7295    5.5076
10.7295    5.5076
10.7502    5.5076
10.7502    5.48874
10.7708    5.5076
10.7708    5.48874
10.7708    5.48874
10.7914    5.46988
10.8121    5.45102
10.8121    5.45102
10.8327    5.43215
10.8327    5.41329
10.8533    5.41329
10.874    5.39443
10.874    5.37557
10.8946    5.39443
10.8946    5.37557
10.8946    5.37557
10.8946    5.37557
10.8946    5.37557
10.9152    5.37557
10.9152    5.37557
10.9152    5.37557
10.9152    5.37557
10.9152    5.37557
10.9152    5.37557
10.9152    5.37557
10.9359    5.39443
10.9359    5.37557
10.9359    5.41329
10.9359    5.43215
10.9359    5.41329
10.9359    5.46988
10.9359    5.46988
10.9359    5.48874
10.9359    5.5076
10.9359    5.5076
10.9359    5.54532
10.9359    5.56419
10.9359    5.58305
10.9359    5.58305
10.9359    5.60191
10.9565    5.63963
10.9565    5.63963
10.9565    5.65849
10.9565    5.63963
10.9771    5.65849
10.9771    5.65849
10.9771    5.65849
10.9978    5.65849
10.9978    5.65849
10.9978    5.65849
11.0184    5.65849
11.0184    5.65849
11.039    5.65849
11.039    5.65849
11.039    5.65849
11.0597    5.65849
11.0597    5.65849
11.0597    5.65849
11.0803    5.65849
11.0803    5.65849
11.0803    5.65849
11.0803    5.65849
11.0803    5.65849
11.0803    5.65849
11.0803    5.65849
11.0803    5.67736
11.0803    5.69622
11.0803    5.67736
11.0597    5.69622
11.0597    5.69622
11.039    5.71508
11.039    5.73394
11.039    5.73394
11.0184    5.73394
11.0184    5.73394
11.0184    5.7528
11.0184    5.77166
11.0184    5.77166
11.0184    5.77166
11.0184    5.79053
11.0184    5.80939
11.0184    5.80939
11.0184    5.80939
11.0184    5.80939
11.0184    5.80939
11.039    5.82825
11.039    5.84711
11.0597    5.82825
11.0597    5.82825
11.0803    5.82825
11.1009    5.82825
11.1216    5.82825
11.1422    5.80939
11.1422    5.79053
11.1628    5.80939
11.1835    5.79053
11.2041    5.80939
11.2247    5.79053
11.2247    5.80939
11.2454    5.79053
11.266    5.80939
11.266    5.79053
11.2866    5.80939
11.2866    5.80939
11.2866    5.80939
11.3073    5.82825
11.3073    5.84711
11.3279    5.84711
11.3279    5.86597
11.3279    5.88483
11.3485    5.9037
11.3485    5.94142
11.3485    5.96028
11.3485    5.96028
11.3485    5.96028
11.3692    5.998
11.3692    6.01687
11.3692    6.05459
11.3898    6.07345
11.3898    6.07345
11.4105    6.09231
11.4105    6.11117
11.4311    6.11117
11.4311    6.13004
11.4517    6.1489
11.4517    6.1489
11.4724    6.1489
11.4724    6.1489
11.493    6.1489
11.493    6.1489
11.5136    6.1489
11.5343    6.1489
11.5343    6.1489
11.5549    6.1489
11.5549    6.1489
11.5755    6.1489
11.5755    6.1489
11.5962    6.1489
11.5962    6.1489
11.5962    6.16776
11.6168    6.18662
11.6168    6.16776
11.6168    6.18662
11.6168    6.18662
11.6168    6.18662
11.6168    6.20548
11.6168    6.22434
11.6168    6.22434
11.6168    6.22434
11.6168    6.2432
11.6168    6.26207
11.6168    6.26207
11.6168    6.26207
11.6168    6.28093
11.6168    6.29979
11.6168    6.29979
11.6168    6.31865
11.6168    6.33751
11.6168    6.33751
11.6168    6.33751
11.6168    6.35637
11.6168    6.37524
11.6168    6.35637
11.6374    6.37524
11.6374    6.37524
11.6374    6.37524
11.6581    6.3941
11.6581    6.41296
11.6787    6.3941
11.6787    6.41296
11.6993    6.3941
11.72    6.41296
11.7406    6.3941
11.7406    6.41296
11.7612    6.41296
11.7819    6.41296
11.8025    6.41296
11.8025    6.41296
11.8231    6.43182
11.8438    6.45068
11.8644    6.45068
11.8644    6.45068
11.885    6.46954
11.885    6.48841
11.9057    6.48841
11.9263    6.50727
11.9263    6.54499
11.9469    6.56385
11.9469    6.56385
11.9676    6.58271
11.9882    6.62044
12.0088    6.6393
12.0088    6.6393
12.0295    6.65816
12.0501    6.67702
12.0707    6.67702
12.0914    6.69588
12.112    6.71475
12.1326    6.69588
12.1533    6.71475
12.2152    6.71475
12.2564    6.71475
12.2771    6.71475
12.3183    6.71475
12.3596    6.71475
12.4421    6.69588
12.4834    6.69588
12.5247    6.69588
12.5659    6.67702
12.6072    6.65816
12.6691    6.67702
12.7104    6.65816
12.731    6.65816
12.7516    6.65816
12.7929    6.65816
12.8548    6.65816
12.8754    6.65816
12.9167    6.65816
