7.30434    6.45068
7.30434    6.45068
7.30434    6.45068
7.30434    6.45068
7.30434    6.45068
7.32497    6.45068
7.32497    6.43182
7.32497    6.43182
7.32497    6.43182
7.32497    6.41296
7.32497    6.3941
7.32497    6.3941
7.32497    6.3941
7.32497    6.37524
7.32497    6.37524
7.34561    6.35637
7.34561    6.35637
7.34561    6.33751
7.34561    6.33751
7.36624    6.33751
7.36624    6.33751
7.36624    6.33751
7.38687    6.33751
7.38687    6.33751
7.40751    6.31865
7.42814    6.31865
7.42814    6.31865
7.44878    6.31865
7.44878    6.31865
7.46941    6.33751
7.49004    6.33751
7.51068    6.33751
7.53131    6.33751
7.55194    6.35637
7.57258    6.35637
7.61385    6.35637
7.63448    6.35637
7.65511    6.35637
7.67575    6.35637
7.69638    6.35637
7.75828    6.33751
7.77892    6.33751
7.79955    6.31865
7.84082    6.29979
7.86145    6.29979
7.92335    6.26207
7.94398    6.2432
7.98525    6.22434
8.00589    6.20548
8.04715    6.18662
8.10905    6.16776
8.12969    6.1489
8.17096    6.1489
8.19159    6.1489
8.23286    6.1489
8.29476    6.1489
8.31539    6.1489
8.35666    6.1489
8.39793    6.1489
8.43919    6.1489
8.5011    6.16776
8.54236    6.16776
8.58363    6.18662
8.6249    6.20548
8.66617    6.20548
8.72807    6.22434
8.7487    6.22434
8.78997    6.22434
8.8106    6.22434
8.83124    6.22434
8.89314    6.20548
8.9344    6.18662
8.95504    6.16776
8.99631    6.1489
9.01694    6.1489
9.09947    6.11117
9.12011    6.09231
9.16137    6.09231
9.20264    6.07345
9.24391    6.07345
9.30581    6.07345
9.34708    6.07345
9.38835    6.07345
9.40898    6.07345
9.45025    6.07345
9.53278    6.09231
9.57405    6.09231
9.61532    6.11117
9.65658    6.13004
9.69785    6.13004
9.75975    6.1489
9.80102    6.16776
9.84229    6.16776
9.86292    6.18662
9.90419    6.18662
9.96609    6.18662
10.0074    6.18662
10.028    6.18662
10.0693    6.18662
10.1105    6.16776
10.1724    6.16776
10.2137    6.1489
10.255    6.1489
10.2756    6.1489
10.2962    6.1489
10.3581    6.16776
10.3994    6.18662
10.42    6.18662
10.4407    6.20548
10.4613    6.22434
10.5026    6.2432
10.5232    6.28093
10.5438    6.29979
10.5645    6.31865
10.5851    6.33751
10.6264    6.37524
10.6264    6.3941
10.647    6.41296
10.6676    6.43182
10.6883    6.43182
10.7295    6.45068
10.7502    6.46954
10.7708    6.46954
10.7914    6.46954
10.8121    6.46954
10.8533    6.46954
10.874    6.46954
10.8946    6.46954
10.9152    6.46954
10.9359    6.45068
10.9771    6.46954
10.9978    6.46954
10.9978    6.46954
11.0184    6.46954
11.039    6.48841
11.0803    6.48841
11.0803    6.50727
11.1009    6.50727
11.1216    6.50727
11.1422    6.52613
11.1628    6.54499
11.1835    6.56385
11.2041    6.56385
11.2041    6.58271
11.2247    6.60158
11.2454    6.62044
11.266    6.62044
11.2866    6.62044
11.3073    6.6393
11.3279    6.6393
11.3485    6.6393
11.3692    6.6393
11.3898    6.6393
11.4105    6.6393
11.4311    6.6393
11.4724    6.6393
11.493    6.62044
11.5136    6.62044
11.5343    6.62044
11.5343    6.62044
11.5755    6.62044
11.5962    6.62044
11.5962    6.62044
11.6168    6.62044
11.6374    6.6393
11.6581    6.6393
11.6787    6.6393
11.6787    6.65816
11.6787    6.65816
11.6993    6.65816
11.72    6.65816
11.7406    6.65816
11.7406    6.65816
11.7612    6.65816
11.7819    6.65816
11.8025    6.65816
11.8231    6.6393
11.8438    6.6393
11.8644    6.6393
11.885    6.6393
11.9263    6.62044
11.9469    6.62044
11.9676    6.62044
11.9676    6.62044
11.9882    6.62044
12.0088    6.62044
12.0295    6.62044
12.0501    6.62044
12.0501    6.62044
12.0707    6.6393
12.0914    6.6393
12.0914    6.6393
12.112    6.6393
12.112    6.6393
12.1326    6.6393
12.1533    6.65816
12.1739    6.65816
12.1945    6.65816
12.2152    6.65816
12.2358    6.65816
12.2771    6.65816
12.2977    6.6393
12.339    6.6393
12.3596    6.6393
12.3802    6.62044
12.4421    6.62044
12.4834    6.60158
12.504    6.60158
12.5453    6.60158
12.5866    6.60158
12.6485    6.60158
12.6897    6.60158
12.731    6.60158
12.7516    6.60158
12.7929    6.60158
12.8548    6.60158
12.8961    6.62044
12.9167    6.62044
12.958    6.62044
