8.33603    4.39476
8.33603    4.39476
8.33603    4.39476
8.33603    4.39476
8.33603    4.39476
8.33603    4.39476
8.33603    4.39476
8.33603    4.39476
8.35666    4.39476
8.35666    4.39476
8.35666    4.3759
8.35666    4.3759
8.35666    4.3759
8.37729    4.3759
8.37729    4.35704
8.37729    4.35704
8.39793    4.35704
8.39793    4.35704
8.41856    4.35704
8.41856    4.35704
8.43919    4.35704
8.45983    4.35704
8.45983    4.35704
8.48046    4.35704
8.5011    4.3759
8.52173    4.39476
8.54236    4.41363
8.54236    4.43249
8.563    4.45135
8.58363    4.47021
8.60426    4.5268
8.60426    4.56452
8.6249    4.58338
8.64553    4.6211
8.66617    4.63996
8.6868    4.67769
8.70743    4.69655
8.72807    4.69655
8.7487    4.71541
8.76933    4.73427
8.83124    4.75313
8.85187    4.75313
8.8725    4.772
8.91377    4.772
8.9344    4.772
9.01694    4.79086
9.03757    4.79086
9.07884    4.79086
9.12011    4.80972
9.14074    4.80972
9.20264    4.84744
9.22328    4.8663
9.26454    4.88517
9.28518    4.88517
9.30581    4.90403
9.36771    4.94175
9.38835    4.96061
9.40898    4.97947
9.42961    5.0172
9.45025    5.03606
9.49151    5.09264
9.53278    5.11151
9.55342    5.13037
9.57405    5.14923
9.61532    5.14923
9.67722    5.16809
9.69785    5.18695
9.73912    5.18695
9.75975    5.18695
9.80102    5.18695
9.88356    5.20581
9.92482    5.20581
9.96609    5.20581
10.0074    5.20581
10.0486    5.20581
10.1105    5.22468
10.1518    5.24354
10.1724    5.24354
10.2137    5.2624
10.2343    5.28126
10.2756    5.31898
10.2962    5.31898
10.3375    5.33785
10.3581    5.35671
10.3788    5.39443
10.42    5.43215
10.4407    5.46988
10.4613    5.5076
10.4819    5.52646
10.5026    5.54532
10.5645    5.58305
10.5851    5.60191
10.6057    5.62077
10.647    5.62077
10.6676    5.63963
10.7295    5.65849
10.7502    5.65849
10.7708    5.65849
10.8121    5.67736
10.8327    5.67736
10.8946    5.67736
10.9359    5.69622
10.9565    5.69622
10.9978    5.71508
11.0184    5.71508
11.0597    5.7528
11.0803    5.7528
11.1009    5.77166
11.1009    5.79053
11.1216    5.80939
11.1422    5.84711
11.1422    5.86597
11.1422    5.88483
11.1422    5.9037
11.1422    5.92256
11.1422    5.96028
11.1422    5.97914
11.1422    5.998
11.1422    6.01687
11.1628    6.03573
11.1628    6.07345
11.1835    6.07345
11.1835    6.09231
11.2041    6.09231
11.2247    6.11117
11.2454    6.11117
11.266    6.11117
11.266    6.11117
11.2866    6.11117
11.3073    6.11117
11.3485    6.11117
11.3692    6.11117
11.3898    6.11117
11.3898    6.11117
11.4105    6.11117
11.4311    6.11117
11.4517    6.11117
11.4517    6.13004
11.4724    6.13004
11.4724    6.13004
11.4724    6.1489
11.4724    6.1489
11.4724    6.16776
11.4724    6.16776
11.4724    6.18662
11.4517    6.20548
11.4517    6.22434
11.4311    6.22434
11.4311    6.2432
11.4311    6.26207
11.4311    6.28093
11.4311    6.28093
11.4311    6.29979
11.4311    6.29979
11.4311    6.31865
11.4517    6.31865
11.4724    6.31865
11.4724    6.33751
11.493    6.33751
11.493    6.33751
11.5136    6.33751
11.5343    6.33751
11.5549    6.31865
11.5755    6.31865
11.5755    6.31865
11.6168    6.31865
11.6168    6.31865
11.6374    6.31865
11.6374    6.31865
11.6581    6.31865
11.6581    6.31865
11.6581    6.31865
11.6787    6.33751
11.6787    6.33751
11.6787    6.33751
11.6787    6.35637
11.6581    6.37524
11.6581    6.3941
11.6581    6.3941
11.6374    6.41296
11.6374    6.45068
11.6374    6.45068
11.6374    6.46954
11.6374    6.48841
11.6374    6.50727
11.6374    6.52613
11.6581    6.52613
11.6581    6.54499
11.6787    6.54499
11.6787    6.56385
11.72    6.56385
11.7406    6.58271
11.7612    6.58271
11.7819    6.58271
11.8025    6.58271
11.8438    6.58271
11.8644    6.58271
11.885    6.58271
11.9057    6.60158
11.9263    6.60158
11.9469    6.62044
11.9676    6.62044
11.9882    6.62044
12.0088    6.6393
12.0295    6.6393
12.0501    6.65816
12.0707    6.67702
12.0914    6.69588
12.0914    6.71475
12.112    6.73361
12.1533    6.77133
12.1739    6.79019
12.1945    6.80905
12.1945    6.82792
12.2152    6.82792
12.2564    6.84678
12.2771    6.84678
12.2977    6.84678
12.339    6.84678
12.3596    6.84678
12.4215    6.82792
12.4421    6.82792
12.4628    6.80905
12.504    6.79019
12.5247    6.79019
12.5866    6.77133
12.6278    6.77133
12.6485    6.77133
12.6897    6.75247
12.7104    6.75247
12.7723    6.75247
12.8135    6.75247
12.8548    6.75247
12.8961    6.75247
12.9373    6.75247
12.9992    6.75247
