6.29329    6.69588
6.29329    6.69588
6.29329    6.69588
6.29329    6.69588
6.29329    6.69588
6.29329    6.67702
6.31392    6.65816
6.29329    6.67702
6.31392    6.6393
6.29329    6.6393
6.31392    6.6393
6.29329    6.62044
6.31392    6.6393
6.29329    6.62044
6.31392    6.62044
6.31392    6.62044
6.31392    6.62044
6.31392    6.62044
6.31392    6.62044
6.31392    6.62044
6.31392    6.60158
6.31392    6.58271
6.31392    6.60158
6.33455    6.58271
6.35519    6.58271
6.35519    6.58271
6.35519    6.58271
6.35519    6.58271
6.35519    6.56385
6.35519    6.54499
6.37582    6.54499
6.39646    6.54499
6.37582    6.54499
6.41709    6.54499
6.41709    6.52613
6.45836    6.50727
6.45836    6.52613
6.47899    6.50727
6.47899    6.52613
6.49962    6.50727
6.54089    6.52613
6.56153    6.50727
6.56153    6.50727
6.58216    6.50727
6.62343    6.48841
6.66469    6.45068
6.68533    6.45068
6.70596    6.43182
6.74723    6.43182
6.76786    6.41296
6.80913    6.35637
6.8504    6.33751
6.87103    6.29979
6.93293    6.28093
6.95357    6.26207
7.01547    6.20548
7.0361    6.20548
7.07737    6.18662
7.11864    6.1489
7.13927    6.13004
7.20117    6.13004
7.24244    6.11117
7.28371    6.07345
7.32497    6.05459
7.36624    6.05459
7.44878    6.03573
7.49004    6.01687
7.53131    6.01687
7.57258    6.01687
7.61385    5.998
7.67575    5.96028
7.69638    5.96028
7.73765    5.94142
7.77892    5.94142
7.82018    5.92256
7.88208    5.88483
7.92335    5.86597
7.96462    5.86597
8.00589    5.84711
8.04715    5.79053
8.12969    5.77166
8.17096    5.73394
8.21222    5.71508
8.23286    5.71508
8.29476    5.71508
8.35666    5.69622
8.41856    5.67736
8.43919    5.67736
8.5011    5.67736
8.52173    5.65849
8.60426    5.63963
8.64553    5.65849
8.6868    5.63963
8.72807    5.65849
8.76933    5.63963
8.85187    5.65849
8.89314    5.63963
8.9344    5.65849
8.97567    5.63963
8.99631    5.65849
9.05821    5.63963
9.09947    5.65849
9.14074    5.63963
9.18201    5.63963
9.22328    5.63963
9.28518    5.62077
9.30581    5.60191
9.36771    5.60191
9.38835    5.60191
9.45025    5.60191
9.51215    5.60191
9.55342    5.60191
9.59468    5.60191
9.61532    5.60191
9.63595    5.60191
9.71849    5.62077
9.75975    5.60191
9.78039    5.62077
9.80102    5.62077
9.84229    5.62077
9.90419    5.63963
9.92482    5.67736
9.96609    5.69622
9.98672    5.69622
10.0074    5.69622
10.0693    5.71508
10.0899    5.7528
10.1312    5.7528
10.1518    5.77166
10.1518    5.7528
10.2137    5.79053
10.255    5.79053
10.2756    5.79053
10.2962    5.79053
10.3375    5.79053
10.3788    5.79053
10.3994    5.79053
10.42    5.79053
10.4613    5.79053
10.4819    5.80939
10.5026    5.80939
10.5438    5.80939
10.5645    5.80939
10.5645    5.82825
10.5851    5.84711
10.6264    5.84711
10.6264    5.84711
10.647    5.86597
10.647    5.88483
10.647    5.88483
10.6676    5.9037
10.6883    5.92256
10.6676    5.9037
10.7089    5.92256
10.7089    5.92256
10.7295    5.92256
10.7089    5.92256
10.7502    5.92256
10.7502    5.92256
10.7502    5.9037
10.7708    5.9037
10.7708    5.9037
10.7708    5.9037
10.7708    5.9037
10.7914    5.9037
10.8121    5.9037
10.8121    5.9037
10.8121    5.9037
10.8121    5.9037
10.8121    5.9037
10.8327    5.92256
10.8533    5.92256
10.8533    5.92256
10.8533    5.94142
10.8533    5.96028
10.8533    5.97914
10.8533    5.998
10.8533    5.998
10.8533    6.01687
10.8533    6.03573
10.874    6.05459
10.8946    6.07345
10.874    6.07345
10.8946    6.07345
10.8946    6.07345
10.9152    6.09231
10.9359    6.11117
10.9152    6.09231
10.9359    6.11117
10.9359    6.09231
10.9565    6.11117
10.9771    6.09231
10.9771    6.09231
10.9771    6.09231
10.9771    6.09231
10.9978    6.09231
11.0184    6.09231
11.0184    6.09231
11.0184    6.09231
11.0184    6.09231
11.039    6.11117
11.0597    6.09231
11.0597    6.11117
11.0597    6.11117
11.0597    6.13004
11.0597    6.1489
11.0803    6.1489
11.1009    6.16776
11.0803    6.20548
11.1009    6.20548
11.1009    6.2432
11.1009    6.26207
11.1009    6.26207
11.1009    6.28093
11.1009    6.29979
11.1216    6.29979
11.1422    6.31865
11.1216    6.33751
11.1422    6.33751
11.1422    6.33751
11.1628    6.35637
11.1835    6.37524
11.1628    6.35637
11.1835    6.37524
11.1835    6.37524
11.2041    6.37524
11.2247    6.37524
11.2247    6.37524
11.2247    6.37524
11.2454    6.37524
11.266    6.35637
11.266    6.37524
11.266    6.35637
11.2866    6.37524
11.3073    6.35637
11.3073    6.37524
11.3279    6.35637
11.3485    6.37524
11.3279    6.35637
11.3692    6.37524
11.3692    6.35637
11.3898    6.37524
11.3692    6.37524
11.3898    6.37524
11.3898    6.37524
11.3898    6.3941
11.3898    6.41296
11.3898    6.3941
11.3898    6.41296
11.4105    6.41296
11.4311    6.41296
11.4105    6.43182
11.4311    6.45068
11.4105    6.43182
11.4311    6.45068
11.4311    6.45068
11.4311    6.45068
11.4517    6.45068
11.4724    6.45068
11.4517    6.45068
11.493    6.45068
11.493    6.45068
11.5136    6.45068
11.5136    6.43182
11.5136    6.45068
11.5343    6.43182
11.5549    6.45068
11.5549    6.43182
11.5549    6.43182
11.5755    6.43182
11.6168    6.43182
11.6168    6.43182
11.6374    6.43182
11.6168    6.43182
11.6374    6.45068
11.6374    6.43182
11.6374    6.45068
11.6581    6.45068
11.6787    6.45068
11.6581    6.45068
11.6787    6.46954
11.6787    6.50727
11.6787    6.50727
11.6787    6.52613
11.6787    6.50727
11.6993    6.54499
11.72    6.54499
11.6993    6.54499
11.72    6.56385
11.72    6.54499
11.7406    6.56385
11.7612    6.54499
11.7612    6.56385
11.7612    6.54499
11.7819    6.56385
11.8231    6.54499
11.8231    6.56385
11.8438    6.56385
11.8438    6.56385
11.8438    6.56385
11.8644    6.56385
11.9057    6.56385
11.9057    6.58271
11.9263    6.58271
11.9263    6.60158
11.9469    6.60158
11.9676    6.60158
11.9676    6.62044
11.9882    6.6393
12.0295    6.6393
12.0707    6.65816
12.0914    6.67702
12.0914    6.67702
12.0914    6.69588
12.112    6.71475
12.1739    6.71475
12.1739    6.73361
12.1945    6.75247
12.2152    6.73361
12.2152    6.75247
12.2564    6.75247
12.2771    6.75247
12.3183    6.75247
12.3596    6.75247
12.3802    6.75247
12.4421    6.73361
12.504    6.73361
12.5247    6.71475
12.5866    6.67702
12.6072    6.65816
12.6897    6.65816
12.731    6.65816
12.7516    6.65816
12.7723    6.6393
12.8135    6.62044
12.8754    6.62044
12.8961    6.62044
