6.87103    7.09198
6.87103    7.09198
6.87103    7.09198
6.87103    7.09198
6.87103    7.07312
6.8504    7.05426
6.8504    7.05426
6.8504    7.03539
6.8504    7.03539
6.8504    7.01653
6.8504    6.99767
6.8504    6.99767
6.8504    6.99767
6.8504    6.97881
6.87103    6.97881
6.87103    6.95995
6.89166    6.95995
6.89166    6.94109
6.9123    6.94109
6.9123    6.94109
6.93293    6.94109
6.95357    6.92222
6.9742    6.92222
6.99483    6.92222
7.01547    6.92222
7.05673    6.92222
7.07737    6.94109
7.098    6.94109
7.13927    6.95995
7.1599    6.95995
7.20117    6.97881
7.2218    6.97881
7.24244    6.97881
7.28371    6.99767
7.30434    6.99767
7.34561    6.97881
7.36624    6.97881
7.38687    6.95995
7.40751    6.95995
7.44878    6.94109
7.49004    6.92222
7.53131    6.90336
7.55194    6.8845
7.57258    6.86564
7.59321    6.84678
7.65511    6.80905
7.67575    6.79019
7.69638    6.77133
7.71701    6.75247
7.75828    6.75247
7.79955    6.73361
7.82018    6.71475
7.86145    6.71475
7.88208    6.71475
7.90272    6.69588
7.96462    6.69588
7.98525    6.67702
8.02652    6.67702
8.04715    6.67702
8.08842    6.67702
8.15032    6.67702
8.17096    6.67702
8.19159    6.67702
8.21222    6.65816
8.25349    6.65816
8.29476    6.6393
8.31539    6.62044
8.33603    6.62044
8.35666    6.60158
8.37729    6.58271
8.41856    6.56385
8.43919    6.54499
8.45983    6.52613
8.48046    6.50727
8.5011    6.48841
8.54236    6.46954
8.563    6.45068
8.58363    6.43182
8.60426    6.41296
8.6249    6.41296
8.66617    6.3941
8.6868    6.3941
8.70743    6.37524
8.72807    6.37524
8.76933    6.37524
8.8106    6.35637
8.83124    6.35637
8.8725    6.35637
8.89314    6.35637
8.91377    6.33751
8.97567    6.33751
8.99631    6.33751
9.01694    6.33751
9.03757    6.33751
9.05821    6.31865
9.09947    6.29979
9.12011    6.29979
9.16137    6.28093
9.18201    6.28093
9.20264    6.26207
9.24391    6.2432
9.26454    6.22434
9.28518    6.20548
9.32644    6.18662
9.34708    6.16776
9.38835    6.1489
9.40898    6.13004
9.42961    6.11117
9.45025    6.09231
9.47088    6.09231
9.53278    6.09231
9.55342    6.09231
9.57405    6.09231
9.59468    6.09231
9.61532    6.09231
9.65658    6.09231
9.69785    6.09231
9.71849    6.09231
9.73912    6.11117
9.75975    6.11117
9.80102    6.1489
9.82165    6.1489
9.84229    6.16776
9.86292    6.16776
9.88356    6.16776
9.92482    6.18662
9.94546    6.18662
9.96609    6.18662
9.98672    6.18662
10.0074    6.18662
10.0486    6.18662
10.0693    6.18662
10.0899    6.18662
10.1312    6.18662
10.1518    6.20548
10.1931    6.20548
10.2137    6.20548
10.2343    6.20548
10.255    6.20548
10.2756    6.20548
10.3169    6.22434
10.3375    6.2432
10.3581    6.26207
10.3788    6.26207
10.3788    6.28093
10.42    6.29979
10.4407    6.31865
10.4407    6.33751
10.4613    6.35637
10.4819    6.37524
10.5026    6.41296
10.5026    6.43182
10.5026    6.45068
10.5232    6.46954
10.5232    6.48841
10.5438    6.52613
10.5645    6.54499
10.5645    6.54499
10.5851    6.56385
10.5851    6.56385
10.6057    6.58271
10.6264    6.60158
10.6264    6.60158
10.647    6.60158
10.647    6.60158
10.6676    6.60158
10.6883    6.60158
10.6883    6.60158
10.7089    6.60158
10.7295    6.60158
10.7502    6.58271
10.7502    6.58271
10.7708    6.58271
10.7914    6.56385
10.7914    6.56385
10.8121    6.54499
10.8327    6.54499
10.8533    6.54499
10.8533    6.54499
10.874    6.54499
10.8946    6.52613
10.9152    6.52613
10.9359    6.52613
10.9359    6.52613
10.9565    6.52613
10.9771    6.54499
10.9771    6.54499
10.9978    6.54499
11.0184    6.56385
11.0184    6.56385
11.039    6.58271
11.0597    6.60158
11.0597    6.62044
11.0803    6.62044
11.0803    6.6393
11.1009    6.65816
11.1216    6.67702
11.1216    6.67702
11.1422    6.67702
11.1422    6.69588
11.1628    6.69588
11.1628    6.71475
11.1835    6.71475
11.1835    6.71475
11.2041    6.71475
11.2247    6.71475
11.2247    6.73361
11.2247    6.73361
11.2454    6.73361
11.2454    6.73361
11.266    6.71475
11.266    6.71475
11.2866    6.69588
11.2866    6.69588
11.2866    6.69588
11.3073    6.67702
11.3073    6.67702
11.3073    6.67702
11.3073    6.67702
11.3279    6.65816
11.3279    6.65816
11.3485    6.6393
11.3485    6.6393
11.3485    6.6393
11.3692    6.6393
11.3692    6.6393
11.3898    6.6393
11.3898    6.6393
11.3898    6.6393
11.4105    6.6393
11.4105    6.6393
11.4105    6.6393
11.4311    6.65816
11.4311    6.65816
11.4311    6.65816
11.4517    6.67702
11.4517    6.67702
11.4517    6.69588
11.4517    6.69588
11.4724    6.71475
11.4724    6.73361
11.4724    6.73361
11.493    6.75247
11.493    6.75247
11.493    6.77133
11.5136    6.77133
11.5136    6.79019
11.5136    6.79019
11.5136    6.79019
11.5343    6.79019
11.5343    6.80905
11.5549    6.80905
11.5549    6.80905
11.5755    6.80905
11.5755    6.80905
11.5962    6.80905
11.5962    6.79019
11.6168    6.79019
11.6168    6.79019
11.6374    6.77133
11.6374    6.77133
11.6581    6.75247
11.6581    6.75247
11.6787    6.75247
11.6787    6.75247
11.6993    6.73361
11.72    6.73361
11.72    6.73361
11.72    6.73361
11.7406    6.73361
11.7612    6.73361
11.7612    6.73361
11.7819    6.73361
11.7819    6.73361
11.8025    6.75247
11.8231    6.75247
11.8231    6.77133
11.8438    6.77133
11.8438    6.77133
11.8644    6.79019
11.885    6.80905
11.885    6.80905
11.9057    6.82792
11.9263    6.82792
11.9263    6.82792
11.9676    6.84678
11.9882    6.84678
11.9882    6.84678
12.0088    6.84678
12.0295    6.84678
12.0707    6.82792
12.0914    6.82792
12.0914    6.82792
12.112    6.80905
12.1326    6.80905
12.1739    6.79019
12.1945    6.79019
12.2152    6.79019
12.2358    6.79019
12.2564    6.79019
12.3183    6.79019
12.339    6.79019
12.3802    6.79019
12.4215    6.80905
12.4628    6.80905
12.5453    6.84678
12.5866    6.86564
12.6278    6.8845
12.6691    6.90336
12.7104    6.92222
12.7723    6.94109
12.8135    6.94109
12.8342    6.95995
12.8754    6.95995
12.8961    6.95995
12.958    6.97881
12.9992    6.97881
