6.23139    7.1297
6.23139    7.1297
6.23139    7.1297
6.23139    7.1297
6.21075    7.1297
6.21075    7.1297
6.21075    7.14856
6.21075    7.14856
6.19012    7.14856
6.16948    7.16743
6.16948    7.18629
6.16948    7.20515
6.16948    7.20515
6.14885    7.22401
6.12822    7.22401
6.14885    7.24287
6.12822    7.26173
6.12822    7.26173
6.12822    7.26173
6.12822    7.26173
6.12822    7.26173
6.12822    7.26173
6.12822    7.24287
6.12822    7.24287
6.12822    7.22401
6.14885    7.20515
6.12822    7.18629
6.14885    7.16743
6.14885    7.14856
6.14885    7.14856
6.16948    7.1297
6.21075    7.11084
6.23139    7.11084
6.23139    7.09198
6.25202    7.09198
6.29329    7.09198
6.31392    7.09198
6.33455    7.07312
6.35519    7.07312
6.37582    7.07312
6.43772    7.09198
6.45836    7.09198
6.52026    7.11084
6.54089    7.11084
6.58216    7.11084
6.62343    7.1297
6.66469    7.1297
6.68533    7.1297
6.70596    7.1297
6.74723    7.1297
6.7885    7.11084
6.82976    7.09198
6.8504    7.09198
6.87103    7.07312
6.9123    7.05426
6.9742    7.01653
6.99483    6.99767
7.0361    6.97881
7.07737    6.95995
7.098    6.94109
7.13927    6.90336
7.18054    6.8845
7.20117    6.8845
7.26307    6.86564
7.28371    6.86564
7.34561    6.84678
7.36624    6.82792
7.42814    6.82792
7.44878    6.82792
7.49004    6.80905
7.57258    6.80905
7.61385    6.80905
7.65511    6.80905
7.67575    6.80905
7.69638    6.80905
7.77892    6.79019
7.79955    6.79019
7.82018    6.77133
7.86145    6.77133
7.90272    6.75247
7.94398    6.71475
7.98525    6.69588
8.00589    6.67702
8.02652    6.65816
8.06779    6.6393
8.12969    6.60158
8.12969    6.56385
8.17096    6.54499
8.19159    6.52613
8.23286    6.50727
8.27412    6.48841
8.29476    6.46954
8.31539    6.45068
8.33603    6.45068
8.35666    6.45068
8.39793    6.43182
8.43919    6.41296
8.45983    6.41296
8.45983    6.41296
8.48046    6.41296
8.54236    6.41296
8.563    6.41296
8.60426    6.41296
8.64553    6.43182
8.66617    6.43182
8.70743    6.43182
8.72807    6.43182
8.76933    6.43182
8.78997    6.41296
8.78997    6.41296
8.83124    6.3941
8.8725    6.3941
8.89314    6.37524
8.91377    6.35637
8.91377    6.33751
8.95504    6.31865
8.97567    6.29979
9.01694    6.28093
9.03757    6.26207
9.03757    6.2432
9.07884    6.20548
9.09947    6.18662
9.14074    6.18662
9.16137    6.16776
9.18201    6.16776
9.22328    6.1489
9.26454    6.1489
9.28518    6.1489
9.30581    6.1489
9.32644    6.1489
9.36771    6.1489
9.38835    6.1489
9.42961    6.16776
9.45025    6.16776
9.47088    6.16776
9.53278    6.16776
9.53278    6.16776
9.55342    6.16776
9.59468    6.16776
9.61532    6.16776
9.65658    6.16776
9.67722    6.1489
9.71849    6.1489
9.73912    6.1489
9.75975    6.13004
9.82165    6.11117
9.82165    6.09231
9.86292    6.09231
9.88356    6.07345
9.92482    6.07345
9.96609    6.07345
9.98672    6.07345
9.98672    6.07345
10.0074    6.07345
10.028    6.07345
10.0486    6.07345
10.0693    6.07345
10.0693    6.09231
10.0899    6.11117
10.1105    6.11117
10.1105    6.13004
10.1312    6.1489
10.1518    6.16776
10.1518    6.18662
10.1518    6.20548
10.1724    6.2432
10.1931    6.26207
10.1931    6.28093
10.1931    6.28093
10.1931    6.29979
10.2137    6.31865
10.2343    6.31865
10.2343    6.33751
10.255    6.33751
10.2756    6.33751
10.2756    6.33751
10.2962    6.33751
10.3169    6.33751
10.3169    6.33751
10.3375    6.33751
10.3788    6.31865
10.3994    6.31865
10.3994    6.31865
10.3994    6.29979
10.42    6.29979
10.4613    6.28093
10.4819    6.28093
10.4819    6.28093
10.5026    6.28093
10.5232    6.28093
10.5438    6.26207
10.5645    6.26207
10.5645    6.26207
10.5645    6.26207
10.5851    6.26207
10.6057    6.28093
10.6057    6.28093
10.6057    6.28093
10.6264    6.29979
10.647    6.29979
10.647    6.31865
10.647    6.33751
10.647    6.33751
10.6676    6.35637
10.6883    6.37524
10.6676    6.41296
10.6883    6.43182
10.6883    6.43182
10.6883    6.45068
10.6883    6.46954
10.6883    6.48841
10.6883    6.48841
10.7089    6.50727
10.7295    6.50727
10.7089    6.52613
10.7295    6.52613
10.7295    6.54499
10.7295    6.54499
10.7295    6.54499
10.7295    6.54499
10.7502    6.54499
10.7708    6.54499
10.7502    6.52613
10.7708    6.52613
10.7708    6.52613
10.7914    6.50727
10.8121    6.50727
10.8121    6.50727
10.8121    6.48841
10.8327    6.48841
10.8533    6.46954
10.8533    6.45068
10.8533    6.45068
10.874    6.43182
10.8946    6.43182
10.8946    6.41296
10.8946    6.3941
10.8946    6.3941
10.9152    6.37524
10.9359    6.37524
10.9152    6.35637
10.9359    6.35637
10.9359    6.35637
10.9359    6.35637
10.9359    6.33751
10.9565    6.33751
10.9771    6.33751
10.9565    6.33751
10.9771    6.33751
10.9771    6.35637
10.9771    6.35637
10.9978    6.37524
11.0184    6.37524
10.9978    6.3941
11.0184    6.3941
11.0184    6.41296
11.0184    6.43182
11.0184    6.43182
11.039    6.45068
11.0597    6.45068
11.039    6.46954
11.0597    6.48841
11.0597    6.48841
11.0597    6.48841
11.0597    6.50727
11.0597    6.50727
11.0597    6.50727
11.0803    6.50727
11.1009    6.50727
11.0803    6.50727
11.1009    6.50727
11.1009    6.50727
11.1009    6.50727
11.1216    6.50727
11.1422    6.48841
11.1422    6.48841
11.1422    6.46954
11.1628    6.46954
11.1835    6.45068
11.1835    6.45068
11.2041    6.41296
11.2247    6.41296
11.2247    6.3941
11.2454    6.3941
11.266    6.37524
11.266    6.35637
11.2866    6.35637
11.3073    6.33751
11.3073    6.33751
11.3073    6.31865
11.3279    6.31865
11.3485    6.31865
11.3485    6.31865
11.3485    6.31865
11.3485    6.31865
11.3692    6.29979
11.3898    6.29979
11.3898    6.29979
11.3898    6.29979
11.3898    6.29979
11.4105    6.31865
11.4311    6.31865
11.4105    6.31865
11.4311    6.31865
11.4311    6.33751
11.4311    6.35637
11.4311    6.37524
11.4517    6.37524
11.4724    6.3941
11.4517    6.41296
11.4724    6.43182
11.4724    6.45068
11.4724    6.46954
11.4724    6.46954
11.4724    6.48841
11.4724    6.50727
11.4724    6.52613
11.4724    6.52613
11.4724    6.52613
11.493    6.54499
11.5136    6.54499
11.493    6.56385
11.5136    6.56385
11.5136    6.56385
11.5136    6.56385
11.5136    6.56385
11.5136    6.56385
11.5343    6.56385
11.5549    6.56385
11.5549    6.56385
11.5755    6.56385
11.5962    6.56385
11.5962    6.56385
11.5962    6.56385
11.6168    6.54499
11.6581    6.54499
11.6787    6.52613
11.6787    6.52613
11.6993    6.52613
11.72    6.52613
11.72    6.50727
11.7406    6.50727
11.7612    6.50727
11.7406    6.50727
11.7612    6.52613
11.7612    6.52613
11.7612    6.52613
11.7612    6.54499
11.7612    6.54499
11.7612    6.54499
11.7612    6.58271
11.7612    6.58271
11.7612    6.60158
11.7406    6.62044
11.7612    6.6393
11.7406    6.65816
11.7612    6.67702
11.7406    6.69588
11.7612    6.71475
11.7612    6.71475
11.7612    6.73361
11.7819    6.75247
11.8025    6.75247
11.8025    6.77133
11.8231    6.77133
11.8644    6.77133
11.885    6.79019
11.885    6.79019
11.9057    6.79019
11.9469    6.80905
11.9676    6.82792
11.9469    6.82792
11.9676    6.82792
11.9676    6.84678
11.9676    6.84678
11.9469    6.86564
11.9676    6.86564
11.9469    6.8845
11.9676    6.8845
11.9469    6.8845
11.9676    6.90336
11.9676    6.90336
11.9676    6.90336
11.9676    6.90336
11.9882    6.90336
12.0295    6.8845
12.0501    6.8845
12.0501    6.86564
12.0707    6.84678
12.112    6.84678
12.1533    6.82792
12.1739    6.80905
12.1945    6.79019
12.2152    6.79019
12.2152    6.79019
12.2564    6.77133
12.2771    6.77133
12.3183    6.75247
12.339    6.75247
12.339    6.75247
12.3802    6.75247
12.4009    6.75247
12.4421    6.75247
12.4628    6.75247
12.4628    6.77133
12.504    6.77133
12.5453    6.79019
12.5659    6.79019
12.6072    6.80905
12.6485    6.80905
12.6897    6.80905
12.731    6.82792
12.7516    6.82792
12.7516    6.82792
12.7723    6.82792
12.8342    6.80905
12.8548    6.80905
12.8961    6.79019
12.9167    6.77133
