6.19012    7.71441
6.19012    7.71441
6.19012    7.71441
6.16948    7.73327
6.19012    7.71441
6.16948    7.73327
6.16948    7.73327
6.16948    7.73327
6.16948    7.73327
6.16948    7.73327
6.14885    7.73327
6.12822    7.73327
6.14885    7.73327
6.12822    7.73327
6.12822    7.73327
6.12822    7.73327
6.12822    7.73327
6.12822    7.73327
6.12822    7.73327
6.12822    7.73327
6.12822    7.73327
6.12822    7.73327
6.14885    7.73327
6.12822    7.73327
6.16948    7.73327
6.19012    7.73327
6.19012    7.73327
6.21075    7.71441
6.23139    7.73327
6.23139    7.71441
6.27265    7.71441
6.29329    7.69555
6.33455    7.67669
6.35519    7.67669
6.37582    7.67669
6.43772    7.65783
6.43772    7.62011
6.45836    7.62011
6.49962    7.60124
6.52026    7.62011
6.54089    7.58238
6.58216    7.58238
6.62343    7.58238
6.64406    7.58238
6.64406    7.58238
6.70596    7.58238
6.74723    7.58238
6.7885    7.58238
6.80913    7.58238
6.82976    7.58238
6.89166    7.60124
6.9123    7.62011
6.95357    7.62011
6.9742    7.62011
6.99483    7.62011
7.05673    7.62011
7.07737    7.62011
7.11864    7.62011
7.13927    7.62011
7.1599    7.62011
7.24244    7.62011
7.26307    7.62011
7.28371    7.62011
7.34561    7.62011
7.34561    7.60124
7.42814    7.62011
7.44878    7.60124
7.49004    7.60124
7.53131    7.60124
7.55194    7.60124
7.59321    7.60124
7.63448    7.62011
7.65511    7.60124
7.69638    7.62011
7.71701    7.60124
7.73765    7.62011
7.77892    7.62011
7.79955    7.62011
7.79955    7.63897
7.82018    7.65783
7.88208    7.65783
7.88208    7.65783
7.90272    7.67669
7.94398    7.69555
7.96462    7.67669
7.96462    7.71441
7.98525    7.71441
8.02652    7.71441
8.04715    7.71441
8.04715    7.73327
8.06779    7.71441
8.10905    7.73327
8.12969    7.71441
8.12969    7.73327
8.15032    7.71441
8.19159    7.73327
8.21222    7.71441
8.21222    7.73327
8.23286    7.71441
8.27412    7.71441
8.31539    7.71441
8.33603    7.71441
8.33603    7.71441
8.35666    7.71441
8.39793    7.71441
8.43919    7.73327
8.43919    7.71441
8.45983    7.73327
8.45983    7.71441
8.48046    7.73327
8.54236    7.75214
8.54236    7.771
8.563    7.771
8.60426    7.78986
8.6249    7.80872
8.64553    7.82758
8.6868    7.86531
8.70743    7.88417
8.70743    7.88417
8.72807    7.88417
8.78997    7.92189
8.78997    7.92189
8.8106    7.94075
8.85187    7.95961
8.8725    7.94075
8.89314    7.95961
8.9344    7.94075
8.95504    7.95961
8.97567    7.94075
8.99631    7.95961
9.03757    7.92189
9.05821    7.92189
9.09947    7.92189
9.14074    7.90303
9.16137    7.92189
9.18201    7.90303
9.22328    7.90303
9.24391    7.90303
9.26454    7.90303
9.28518    7.90303
9.30581    7.88417
9.34708    7.86531
9.36771    7.88417
9.36771    7.86531
9.38835    7.88417
9.45025    7.86531
9.45025    7.88417
9.47088    7.88417
9.51215    7.88417
9.53278    7.88417
9.55342    7.90303
9.59468    7.92189
9.61532    7.90303
9.61532    7.94075
9.63595    7.94075
9.69785    7.95961
9.69785    7.94075
9.71849    7.95961
9.73912    7.94075
9.73912    7.95961
9.75975    7.94075
9.80102    7.95961
9.82165    7.94075
9.82165    7.95961
9.82165    7.94075
9.84229    7.94075
9.88356    7.94075
9.90419    7.92189
9.88356    7.90303
9.90419    7.90303
9.92482    7.88417
9.94546    7.86531
9.94546    7.86531
9.94546    7.86531
9.96609    7.84644
9.98672    7.82758
9.98672    7.82758
9.98672    7.82758
10.0074    7.82758
10.028    7.80872
10.028    7.78986
10.028    7.78986
10.0486    7.78986
10.0693    7.78986
10.0693    7.78986
10.0899    7.771
10.1105    7.75214
10.1105    7.771
10.1312    7.75214
10.1518    7.75214
10.1518    7.75214
10.1724    7.75214
10.1931    7.75214
10.1931    7.75214
10.2137    7.73327
10.2343    7.71441
10.2343    7.73327
10.255    7.71441
10.2756    7.73327
10.2756    7.71441
10.2756    7.71441
10.2756    7.71441
10.2962    7.71441
10.3169    7.71441
10.2962    7.71441
10.3169    7.69555
10.3169    7.67669
10.3169    7.69555
10.3169    7.67669
10.3169    7.67669
10.3375    7.67669
10.3581    7.65783
10.3375    7.63897
10.3581    7.65783
10.3375    7.62011
10.3581    7.60124
10.3375    7.62011
10.3581    7.58238
10.3375    7.58238
10.3581    7.56352
10.3581    7.54466
10.3581    7.50694
10.3581    7.50694
10.3581    7.48807
10.3581    7.48807
10.3581    7.46921
10.3581    7.43149
10.3581    7.41263
10.3581    7.41263
10.3581    7.41263
10.3581    7.39377
10.3581    7.35604
10.3581    7.35604
10.3581    7.33718
10.3581    7.35604
10.3581    7.31832
10.3788    7.31832
10.3994    7.31832
10.3788    7.29946
10.3994    7.31832
10.3994    7.29946
10.42    7.29946
10.4407    7.29946
10.4407    7.29946
10.4407    7.29946
10.4613    7.29946
10.4819    7.29946
10.4819    7.29946
10.4819    7.29946
10.5026    7.29946
10.5438    7.29946
10.5438    7.29946
10.5438    7.29946
10.5645    7.29946
10.5438    7.29946
10.5645    7.29946
10.5645    7.2806
10.5645    7.2806
10.5645    7.2806
10.5851    7.26173
10.6057    7.2806
10.5851    7.26173
10.6057    7.2806
10.5851    7.26173
10.6057    7.2806
10.6057    7.26173
10.6057    7.26173
10.6057    7.26173
10.6057    7.26173
10.6057    7.26173
10.6057    7.24287
10.6057    7.22401
10.6057    7.22401
10.6057    7.22401
10.6057    7.22401
10.6057    7.20515
10.6057    7.18629
10.6057    7.18629
10.6057    7.18629
10.6057    7.16743
10.6057    7.1297
10.6057    7.1297
10.6057    7.1297
10.6057    7.11084
10.6264    7.11084
10.647    7.11084
10.6264    7.09198
10.647    7.07312
10.647    7.07312
10.647    7.07312
10.647    7.05426
10.6676    7.03539
10.6883    7.05426
10.6883    7.03539
10.6883    7.03539
10.7089    7.03539
10.7295    7.03539
10.7295    7.03539
10.7295    7.03539
10.7502    7.03539
10.7708    7.03539
10.7708    7.03539
10.7708    7.03539
10.7914    7.03539
10.8121    7.03539
10.8121    7.03539
10.8121    7.03539
10.8327    7.03539
10.8533    7.03539
10.8533    7.03539
10.8533    7.03539
10.8533    7.03539
10.874    7.03539
10.8946    7.03539
10.874    7.03539
10.9152    7.01653
10.9152    6.99767
10.9359    6.99767
10.9152    6.99767
10.9359    6.99767
10.9359    6.97881
10.9565    6.94109
10.9771    6.94109
10.9565    6.92222
10.9771    6.92222
10.9771    6.90336
10.9978    6.8845
11.0184    6.8845
10.9978    6.86564
11.0184    6.84678
11.0184    6.84678
11.039    6.82792
11.0597    6.80905
11.039    6.80905
11.0597    6.80905
11.0597    6.79019
11.0597    6.77133
11.0803    6.77133
11.1009    6.77133
11.0803    6.77133
11.1216    6.77133
11.1216    6.77133
11.1422    6.75247
11.1216    6.73361
11.1422    6.75247
11.1422    6.73361
11.1628    6.75247
11.1835    6.73361
11.1835    6.75247
11.1835    6.73361
11.2041    6.75247
11.2247    6.75247
11.2247    6.75247
11.2454    6.75247
11.266    6.75247
11.266    6.77133
11.266    6.79019
11.2866    6.77133
11.3073    6.79019
11.3073    6.77133
11.3073    6.79019
11.3279    6.77133
11.3485    6.79019
11.3279    6.77133
11.3485    6.79019
11.3485    6.77133
11.3485    6.79019
11.3692    6.77133
11.3898    6.79019
11.3692    6.77133
11.4105    6.77133
11.4105    6.77133
11.4311    6.77133
11.4105    6.77133
11.4311    6.75247
11.4311    6.73361
11.4311    6.73361
11.4311    6.73361
11.4517    6.71475
11.4724    6.69588
11.4517    6.69588
11.4724    6.69588
11.4517    6.69588
11.4724    6.69588
11.4724    6.67702
11.4724    6.65816
11.4724    6.67702
11.4724    6.65816
11.4724    6.67702
11.4724    6.65816
11.493    6.67702
11.5136    6.65816
11.493    6.67702
11.5136    6.67702
11.493    6.67702
11.5136    6.69588
11.5136    6.71475
11.5136    6.69588
11.5136    6.73361
11.5136    6.73361
11.5343    6.75247
11.5549    6.73361
11.5343    6.75247
11.5549    6.75247
11.5549    6.75247
11.5549    6.75247
11.5549    6.77133
11.5549    6.79019
11.5755    6.77133
11.5962    6.79019
11.5962    6.77133
11.6168    6.79019
11.6374    6.79019
11.6374    6.79019
11.6581    6.79019
11.6993    6.79019
11.72    6.79019
11.72    6.79019
11.7406    6.79019
11.7819    6.79019
11.8231    6.79019
11.8438    6.79019
11.8438    6.79019
11.8644    6.79019
11.9057    6.79019
11.9469    6.79019
11.9676    6.79019
11.9676    6.79019
12.0088    6.79019
12.0295    6.79019
12.0914    6.80905
12.112    6.82792
12.1533    6.80905
12.1739    6.84678
12.1739    6.84678
12.2152    6.86564
12.2358    6.86564
12.2771    6.86564
12.3183    6.86564
12.339    6.8845
12.3802    6.90336
12.4009    6.8845
12.4628    6.8845
12.4628    6.8845
12.504    6.8845
12.5659    6.86564
12.6278    6.84678
12.6485    6.84678
12.6897    6.84678
12.731    6.82792
12.8135    6.80905
12.8342    6.80905
12.8548    6.79019
