6.14885    8.35571
6.14885    8.35571
6.14885    8.35571
6.14885    8.35571
6.16948    8.35571
6.19012    8.35571
6.16948    8.35571
6.19012    8.35571
6.19012    8.35571
6.19012    8.37457
6.21075    8.35571
6.23139    8.37457
6.23139    8.35571
6.25202    8.37457
6.27265    8.35571
6.29329    8.37457
6.31392    8.35571
6.31392    8.35571
6.33455    8.35571
6.37582    8.33685
6.39646    8.29912
6.39646    8.28026
6.41709    8.28026
6.43772    8.2614
6.43772    8.22368
6.47899    8.20482
6.49962    8.20482
6.54089    8.18595
6.56153    8.14823
6.56153    8.14823
6.60279    8.11051
6.64406    8.11051
6.66469    8.11051
6.70596    8.09165
6.7266    8.11051
6.76786    8.09165
6.80913    8.11051
6.82976    8.09165
6.87103    8.12937
6.9123    8.12937
6.95357    8.14823
6.99483    8.12937
7.01547    8.14823
7.0361    8.12937
7.07737    8.14823
7.13927    8.12937
7.18054    8.14823
7.2218    8.12937
7.24244    8.12937
7.30434    8.11051
7.36624    8.07278
7.42814    8.07278
7.46941    8.05392
7.51068    8.05392
7.55194    8.03506
7.63448    8.0162
7.67575    8.0162
7.71701    8.0162
7.75828    8.0162
7.79955    8.0162
7.86145    7.99734
7.92335    7.97848
7.94398    7.99734
7.98525    7.97848
8.02652    7.99734
8.08842    7.99734
8.10905    7.99734
8.15032    7.99734
8.17096    7.99734
8.19159    7.99734
8.25349    7.99734
8.27412    7.99734
8.31539    7.99734
8.35666    7.99734
8.37729    7.99734
8.41856    7.97848
8.43919    7.99734
8.48046    7.97848
8.52173    7.97848
8.54236    7.97848
8.58363    7.99734
8.60426    7.97848
8.64553    7.99734
8.6868    7.97848
8.70743    8.0162
8.7487    8.03506
8.76933    8.03506
8.8106    8.05392
8.83124    8.07278
8.83124    8.07278
8.8725    8.09165
8.89314    8.11051
8.9344    8.11051
8.97567    8.11051
8.99631    8.12937
9.01694    8.14823
9.05821    8.14823
9.07884    8.14823
9.09947    8.14823
9.14074    8.14823
9.20264    8.14823
9.22328    8.14823
9.26454    8.14823
9.28518    8.14823
9.30581    8.14823
9.36771    8.14823
9.38835    8.14823
9.42961    8.14823
9.45025    8.14823
9.47088    8.14823
9.53278    8.14823
9.55342    8.14823
9.59468    8.14823
9.61532    8.16709
9.63595    8.18595
9.69785    8.16709
9.71849    8.18595
9.73912    8.18595
9.75975    8.16709
9.80102    8.18595
9.84229    8.16709
9.84229    8.16709
9.86292    8.16709
9.86292    8.14823
9.86292    8.12937
9.88356    8.11051
9.90419    8.09165
9.90419    8.09165
9.90419    8.07278
9.90419    8.03506
9.92482    7.99734
9.94546    7.97848
9.92482    7.97848
9.96609    7.95961
9.96609    7.92189
9.98672    7.90303
9.98672    7.90303
10.0074    7.88417
10.0486    7.86531
10.0693    7.86531
10.0899    7.84644
10.1312    7.82758
10.1518    7.82758
10.1518    7.82758
10.1724    7.80872
10.2137    7.771
10.2343    7.771
10.2343    7.75214
10.255    7.75214
10.2756    7.75214
10.2756    7.73327
10.2962    7.69555
10.3169    7.67669
10.2962    7.67669
10.3169    7.65783
10.3169    7.60124
10.3169    7.60124
10.3169    7.58238
10.3169    7.54466
10.2962    7.50694
10.3169    7.45035
10.2962    7.43149
10.3169    7.39377
10.2962    7.3749
10.3169    7.35604
10.2962    7.29946
10.3169    7.29946
10.2962    7.2806
10.3169    7.26173
10.3169    7.26173
10.3169    7.24287
10.3169    7.22401
10.3375    7.22401
10.3581    7.22401
10.3375    7.22401
10.3788    7.22401
10.3788    7.20515
10.3788    7.18629
10.3994    7.18629
10.3788    7.16743
10.3994    7.1297
10.3994    7.11084
10.3994    7.11084
10.42    7.09198
10.4407    7.05426
10.4407    7.01653
10.4407    6.99767
10.4613    6.99767
10.4819    6.99767
10.4819    6.97881
10.5026    6.94109
10.5232    6.94109
10.5232    6.94109
10.5232    6.94109
10.5232    6.94109
10.5438    6.94109
10.5645    6.94109
10.5645    6.95995
10.5645    6.97881
10.5645    6.97881
10.5851    6.97881
10.6057    6.99767
10.6057    7.01653
10.6057    6.99767
10.6264    7.01653
10.647    6.99767
10.647    7.01653
10.647    6.99767
10.6676    7.01653
10.6883    6.97881
10.6883    6.97881
10.6883    6.95995
10.7089    6.95995
10.7295    6.95995
10.7295    6.94109
10.7295    6.90336
10.7502    6.90336
10.7708    6.90336
10.7502    6.90336
10.7708    6.90336
10.7708    6.90336
10.7708    6.90336
10.7708    6.92222
10.7914    6.94109
10.8121    6.94109
10.7914    6.95995
10.8121    6.97881
10.8121    6.97881
10.8121    6.97881
10.8121    6.97881
10.8121    6.97881
10.8327    6.97881
10.8533    6.97881
10.8533    6.97881
10.8533    6.95995
10.874    6.97881
10.8946    6.94109
10.874    6.94109
10.8946    6.92222
10.8946    6.92222
10.9152    6.90336
10.9359    6.8845
10.9359    6.8845
10.9359    6.86564
10.9565    6.84678
10.9771    6.84678
10.9771    6.84678
10.9771    6.84678
10.9771    6.82792
10.9771    6.80905
10.9978    6.82792
11.0184    6.82792
10.9978    6.82792
11.0184    6.82792
11.0184    6.82792
11.0184    6.84678
11.0184    6.86564
11.0184    6.84678
11.0184    6.86564
11.0184    6.86564
11.0184    6.86564
11.039    6.8845
11.0597    6.90336
11.039    6.8845
11.0597    6.90336
11.0597    6.90336
11.0597    6.90336
11.0597    6.90336
11.0597    6.90336
11.0597    6.92222
11.0803    6.94109
11.1009    6.92222
11.0803    6.94109
11.1009    6.92222
11.1009    6.94109
11.1216    6.90336
11.1422    6.90336
11.1422    6.90336
11.1422    6.8845
11.1628    6.90336
11.2041    6.86564
11.2041    6.86564
11.2247    6.86564
11.2041    6.84678
11.2247    6.86564
11.2454    6.84678
11.266    6.84678
11.2454    6.84678
11.266    6.84678
11.266    6.84678
11.266    6.84678
11.2866    6.86564
11.3073    6.84678
11.2866    6.86564
11.3073    6.86564
11.3073    6.8845
11.3073    6.90336
11.3073    6.90336
11.3073    6.90336
11.3279    6.92222
11.3485    6.94109
11.3279    6.94109
11.3485    6.94109
11.3485    6.94109
11.3485    6.94109
11.3485    6.95995
11.3692    6.97881
11.3898    6.95995
11.3898    6.97881
11.3898    6.95995
11.4105    6.97881
11.4311    6.95995
11.4311    6.97881
11.4311    6.95995
11.4311    6.95995
11.4517    6.94109
11.4724    6.92222
11.4724    6.94109
11.493    6.90336
11.5136    6.90336
11.5136    6.8845
11.5343    6.90336
11.5549    6.8845
11.5549    6.90336
11.5755    6.8845
11.6168    6.90336
11.6168    6.8845
11.6374    6.90336
11.6168    6.8845
11.6374    6.90336
11.6374    6.90336
11.6581    6.90336
11.6787    6.90336
11.6787    6.90336
11.6993    6.90336
11.7406    6.8845
11.7612    6.90336
11.7612    6.8845
11.7819    6.90336
11.8025    6.8845
11.8231    6.8845
11.8644    6.86564
11.885    6.84678
11.885    6.84678
11.9057    6.84678
11.9676    6.82792
11.9882    6.80905
12.0295    6.80905
12.0501    6.80905
12.0501    6.80905
12.112    6.80905
12.1533    6.80905
12.1739    6.82792
12.1739    6.80905
12.1945    6.82792
12.2564    6.82792
12.2771    6.82792
12.3183    6.82792
12.339    6.82792
12.3596    6.82792
12.4215    6.80905
12.4421    6.82792
12.4834    6.80905
12.5247    6.80905
12.5453    6.79019
12.6072    6.75247
12.6691    6.73361
12.6897    6.73361
12.7516    6.71475
12.7723    6.69588
12.8548    6.69588
12.8961    6.67702
12.9373    6.65816
12.958    6.67702
12.9786    6.65816
