7.57258    7.69555
7.57258    7.69555
7.57258    7.69555
7.59321    7.69555
7.59321    7.69555
7.59321    7.69555
7.59321    7.69555
7.59321    7.69555
7.61385    7.69555
7.61385    7.69555
7.63448    7.69555
7.65511    7.69555
7.65511    7.69555
7.67575    7.69555
7.69638    7.69555
7.71701    7.71441
7.73765    7.73327
7.75828    7.73327
7.77892    7.75214
7.79955    7.75214
7.86145    7.78986
7.88208    7.80872
7.90272    7.80872
7.94398    7.84644
7.96462    7.86531
8.02652    7.90303
8.06779    7.90303
8.08842    7.92189
8.12969    7.92189
8.15032    7.94075
8.21222    7.94075
8.25349    7.94075
8.29476    7.94075
8.33603    7.94075
8.37729    7.94075
8.45983    7.92189
8.5011    7.92189
8.54236    7.90303
8.58363    7.90303
8.6249    7.90303
8.70743    7.90303
8.7487    7.90303
8.76933    7.90303
8.8106    7.90303
8.85187    7.92189
8.91377    7.92189
8.95504    7.92189
8.99631    7.92189
9.03757    7.92189
9.07884    7.92189
9.16137    7.94075
9.20264    7.94075
9.24391    7.94075
9.28518    7.95961
9.32644    7.95961
9.38835    7.95961
9.42961    7.95961
9.47088    7.95961
9.51215    7.95961
9.53278    7.94075
9.61532    7.92189
9.65658    7.92189
9.67722    7.90303
9.71849    7.88417
9.75975    7.88417
9.84229    7.84644
9.88356    7.82758
9.92482    7.80872
9.96609    7.80872
10.0074    7.78986
10.0693    7.771
10.1105    7.771
10.1518    7.75214
10.1724    7.75214
10.2137    7.73327
10.2756    7.71441
10.3169    7.71441
10.3581    7.71441
10.3994    7.69555
10.42    7.69555
10.4819    7.67669
10.5232    7.67669
10.5645    7.67669
10.6057    7.67669
10.6264    7.67669
10.6883    7.65783
10.7295    7.63897
10.7502    7.63897
10.7708    7.62011
10.8121    7.60124
10.8533    7.56352
10.874    7.54466
10.9152    7.5258
10.9359    7.50694
10.9565    7.48807
11.0184    7.45035
11.039    7.43149
11.0597    7.41263
11.1009    7.39377
11.1216    7.3749
11.1628    7.35604
11.2041    7.33718
11.2247    7.33718
11.2454    7.31832
11.266    7.31832
11.3073    7.29946
11.3279    7.29946
11.3485    7.29946
11.3692    7.29946
11.3898    7.29946
11.4311    7.29946
11.4517    7.29946
11.4724    7.29946
11.493    7.29946
11.5136    7.29946
11.5549    7.29946
11.5755    7.29946
11.5962    7.29946
11.6168    7.2806
11.6374    7.2806
11.6787    7.26173
11.6993    7.24287
11.72    7.24287
11.7406    7.22401
11.7612    7.20515
11.8025    7.18629
11.8438    7.18629
11.8644    7.16743
11.885    7.16743
11.9057    7.14856
11.9469    7.14856
11.9676    7.1297
12.0088    7.1297
12.0295    7.1297
12.0501    7.1297
12.112    7.1297
12.1326    7.1297
12.1739    7.1297
12.1945    7.1297
12.2358    7.1297
12.2977    7.1297
12.339    7.1297
12.3802    7.14856
12.4215    7.14856
12.4421    7.14856
12.504    7.16743
12.5453    7.16743
12.5866    7.16743
12.6072    7.16743
12.6485    7.16743
12.7104    7.18629
12.7516    7.18629
12.7929    7.18629
12.8342    7.18629
12.8754    7.18629
