7.07737    7.771
7.07737    7.771
7.07737    7.771
7.07737    7.771
7.07737    7.771
7.07737    7.771
7.07737    7.771
7.07737    7.771
7.098    7.771
7.07737    7.78986
7.098    7.80872
7.098    7.78986
7.098    7.80872
7.098    7.80872
7.098    7.80872
7.11864    7.80872
7.1599    7.82758
7.1599    7.84644
7.18054    7.82758
7.18054    7.84644
7.20117    7.82758
7.24244    7.82758
7.26307    7.82758
7.26307    7.80872
7.28371    7.78986
7.32497    7.771
7.34561    7.73327
7.34561    7.71441
7.36624    7.71441
7.40751    7.69555
7.44878    7.65783
7.46941    7.63897
7.46941    7.63897
7.49004    7.63897
7.53131    7.63897
7.57258    7.62011
7.59321    7.60124
7.59321    7.62011
7.61385    7.62011
7.65511    7.62011
7.71701    7.62011
7.73765    7.63897
7.77892    7.65783
7.82018    7.65783
7.86145    7.67669
7.92335    7.71441
7.94398    7.73327
8.00589    7.73327
8.02652    7.73327
8.06779    7.75214
8.15032    7.771
8.19159    7.771
8.23286    7.771
8.27412    7.771
8.31539    7.771
8.39793    7.771
8.43919    7.771
8.48046    7.771
8.5011    7.771
8.52173    7.771
8.58363    7.78986
8.60426    7.80872
8.64553    7.80872
8.6868    7.80872
8.70743    7.82758
8.72807    7.86531
8.76933    7.88417
8.78997    7.86531
8.78997    7.90303
8.8106    7.92189
8.85187    7.92189
8.89314    7.94075
8.91377    7.95961
8.91377    7.95961
8.9344    7.95961
8.99631    7.95961
9.01694    7.97848
9.05821    7.99734
9.09947    7.97848
9.14074    7.99734
9.20264    7.97848
9.22328    7.99734
9.28518    7.97848
9.30581    7.97848
9.34708    7.97848
9.40898    7.97848
9.42961    7.97848
9.47088    7.97848
9.51215    7.97848
9.55342    7.97848
9.59468    7.97848
9.63595    7.97848
9.65658    7.97848
9.67722    7.97848
9.71849    7.97848
9.78039    7.95961
9.80102    7.94075
9.84229    7.94075
9.86292    7.94075
9.88356    7.92189
9.94546    7.88417
9.94546    7.86531
9.96609    7.84644
9.98672    7.80872
10.0074    7.78986
10.0486    7.75214
10.0693    7.73327
10.0693    7.69555
10.0899    7.67669
10.1105    7.67669
10.1312    7.63897
10.1724    7.62011
10.1931    7.58238
10.1931    7.56352
10.2137    7.56352
10.2756    7.5258
10.2962    7.5258
10.3169    7.50694
10.3375    7.48807
10.3788    7.48807
10.42    7.45035
10.4613    7.45035
10.4819    7.43149
10.4819    7.39377
10.5026    7.3749
10.5645    7.35604
10.5851    7.33718
10.6057    7.31832
10.6264    7.29946
10.647    7.2806
10.6676    7.22401
10.7089    7.22401
10.7295    7.20515
10.7295    7.16743
10.7502    7.16743
10.7914    7.1297
10.8121    7.1297
10.8121    7.11084
10.8327    7.1297
10.8533    7.11084
10.874    7.11084
10.8946    7.11084
10.8946    7.11084
10.9152    7.11084
10.9359    7.11084
10.9565    7.1297
10.9771    7.11084
10.9771    7.1297
10.9978    7.1297
11.0184    7.1297
11.039    7.14856
11.0597    7.16743
11.0597    7.14856
11.0803    7.16743
11.1009    7.14856
11.1216    7.16743
11.1422    7.14856
11.1422    7.16743
11.1422    7.14856
11.1422    7.14856
11.1628    7.1297
11.1835    7.11084
11.1835    7.1297
11.1835    7.11084
11.1835    7.11084
11.1835    7.11084
11.1835    7.09198
11.1835    7.07312
11.1835    7.09198
11.1835    7.07312
11.1835    7.07312
11.1835    7.07312
11.1835    7.07312
11.1835    7.07312
11.1835    7.07312
11.2041    7.07312
11.2247    7.07312
11.2247    7.05426
11.2247    7.05426
11.2247    7.05426
11.2454    7.05426
11.266    7.05426
11.266    7.05426
11.266    7.07312
11.2866    7.09198
11.3279    7.07312
11.3279    7.07312
11.3485    7.07312
11.3485    7.07312
11.3485    7.07312
11.3692    7.05426
11.4105    7.03539
11.4105    7.03539
11.4311    7.03539
11.4311    7.03539
11.4517    7.01653
11.4724    6.99767
11.4724    6.99767
11.4724    6.99767
11.493    6.99767
11.5343    6.99767
11.5343    6.99767
11.5549    6.99767
11.5549    6.99767
11.5549    6.99767
11.5755    6.99767
11.6168    7.01653
11.6374    6.99767
11.6374    7.03539
11.6581    7.03539
11.6993    7.05426
11.72    7.05426
11.7406    7.07312
11.7819    7.11084
11.8025    7.1297
11.8231    7.1297
11.8644    7.14856
11.885    7.16743
11.9057    7.16743
11.9469    7.16743
11.9882    7.18629
12.0088    7.20515
12.0295    7.20515
12.0501    7.20515
12.0707    7.20515
12.1326    7.20515
12.1533    7.20515
12.1945    7.20515
12.2358    7.20515
12.2564    7.20515
12.2977    7.20515
12.3183    7.20515
12.3596    7.20515
12.3802    7.20515
12.4009    7.20515
12.4628    7.22401
12.4834    7.24287
12.5247    7.22401
12.5659    7.24287
12.5866    7.24287
12.6278    7.26173
