7.49004    8.18595
7.49004    8.18595
7.49004    8.18595
7.49004    8.18595
7.51068    8.18595
7.49004    8.18595
7.51068    8.18595
7.51068    8.18595
7.51068    8.18595
7.51068    8.18595
7.53131    8.18595
7.57258    8.18595
7.57258    8.18595
7.59321    8.18595
7.59321    8.18595
7.61385    8.20482
7.65511    8.20482
7.67575    8.22368
7.67575    8.22368
7.69638    8.24254
7.73765    8.2614
7.75828    8.2614
7.77892    8.28026
7.82018    8.29912
7.84082    8.31799
7.86145    8.33685
7.90272    8.33685
7.92335    8.35571
7.94398    8.35571
7.98525    8.35571
8.04715    8.37457
8.06779    8.37457
8.10905    8.37457
8.15032    8.37457
8.17096    8.37457
8.21222    8.39343
8.25349    8.39343
8.27412    8.39343
8.33603    8.41229
8.35666    8.41229
8.43919    8.41229
8.48046    8.41229
8.5011    8.41229
8.52173    8.43116
8.563    8.43116
8.6249    8.43116
8.64553    8.43116
8.70743    8.43116
8.70743    8.43116
8.7487    8.43116
8.8106    8.41229
8.8725    8.41229
8.89314    8.39343
8.9344    8.39343
8.97567    8.37457
9.03757    8.35571
9.05821    8.33685
9.09947    8.33685
9.14074    8.31799
9.16137    8.31799
9.22328    8.29912
9.26454    8.28026
9.30581    8.28026
9.34708    8.2614
9.36771    8.24254
9.42961    8.22368
9.49151    8.22368
9.51215    8.20482
9.55342    8.20482
9.59468    8.18595
9.67722    8.16709
9.69785    8.16709
9.71849    8.14823
9.75975    8.12937
9.80102    8.11051
9.86292    8.09165
9.88356    8.07278
9.92482    8.05392
9.94546    8.03506
9.96609    8.0162
10.028    7.97848
10.0486    7.95961
10.0899    7.94075
10.1105    7.92189
10.1312    7.90303
10.1931    7.86531
10.2137    7.84644
10.255    7.82758
10.2756    7.80872
10.2962    7.78986
10.3581    7.75214
10.3788    7.73327
10.42    7.71441
10.4407    7.69555
10.4407    7.67669
10.5026    7.62011
10.5438    7.58238
10.5645    7.56352
10.5851    7.5258
10.6057    7.50694
10.647    7.45035
10.6676    7.43149
10.7089    7.41263
10.7295    7.39377
10.7502    7.3749
10.8121    7.35604
10.8121    7.33718
10.8327    7.33718
10.874    7.31832
10.8946    7.31832
10.9359    7.29946
10.9565    7.29946
10.9978    7.2806
11.0184    7.2806
11.0184    7.26173
11.0597    7.24287
11.0803    7.24287
11.1216    7.22401
11.1422    7.20515
11.1422    7.20515
11.1835    7.18629
11.2041    7.16743
11.2454    7.16743
11.266    7.14856
11.266    7.14856
11.3073    7.1297
11.3279    7.1297
11.3692    7.1297
11.3898    7.1297
11.3898    7.1297
11.4311    7.1297
11.4517    7.1297
11.493    7.1297
11.5136    7.1297
11.5343    7.11084
11.5962    7.11084
11.5962    7.11084
11.6374    7.09198
11.6581    7.09198
11.6993    7.07312
11.7612    7.05426
11.7819    7.05426
11.8231    7.03539
11.8644    7.03539
11.9057    7.01653
11.9676    6.99767
11.9882    6.97881
12.0501    6.97881
12.0707    6.95995
12.1326    6.95995
12.1739    6.94109
12.2152    6.94109
12.2564    6.92222
12.2977    6.92222
12.339    6.92222
12.4009    6.90336
12.4628    6.90336
12.4834    6.8845
12.5453    6.8845
12.5659    6.86564
12.6691    6.84678
12.7104    6.82792
12.7516    6.82792
12.7929    6.80905
12.8342    6.80905
12.9167    6.79019
12.958    6.77133
12.9992    6.77133
13.0405    6.77133
13.0818    6.77133
