7.98525    8.5066
7.98525    8.5066
8.00589    8.5066
7.98525    8.5066
8.00589    8.5066
8.02652    8.48774
8.04715    8.46888
8.04715    8.48774
8.06779    8.46888
8.10905    8.48774
8.15032    8.46888
8.17096    8.48774
8.19159    8.48774
8.23286    8.48774
8.25349    8.48774
8.31539    8.5066
8.35666    8.52546
8.39793    8.52546
8.43919    8.52546
8.45983    8.52546
8.5011    8.54433
8.54236    8.56319
8.563    8.54433
8.60426    8.54433
8.64553    8.54433
8.70743    8.52546
8.72807    8.5066
8.76933    8.5066
8.8106    8.48774
8.85187    8.45002
8.91377    8.41229
8.95504    8.39343
8.97567    8.39343
9.03757    8.37457
9.05821    8.33685
9.14074    8.29912
9.20264    8.29912
9.22328    8.28026
9.26454    8.28026
9.30581    8.2614
9.38835    8.22368
9.45025    8.22368
9.47088    8.20482
9.53278    8.20482
9.57405    8.18595
9.65658    8.14823
9.71849    8.14823
9.78039    8.12937
9.82165    8.14823
9.86292    8.11051
9.94546    8.09165
9.98672    8.09165
10.028    8.07278
10.0693    8.03506
10.1105    8.0162
10.1931    7.99734
10.2343    7.95961
10.2756    7.94075
10.3169    7.92189
10.3581    7.88417
10.4407    7.82758
10.4819    7.82758
10.5232    7.80872
10.5645    7.771
10.6057    7.75214
10.6883    7.75214
10.7295    7.73327
10.7708    7.69555
10.8121    7.67669
10.8533    7.67669
10.9359    7.63897
10.9771    7.62011
11.0184    7.60124
11.0803    7.60124
11.1422    7.58238
11.2041    7.54466
11.266    7.5258
11.3073    7.5258
11.3485    7.50694
11.3898    7.46921
11.4724    7.43149
11.5136    7.39377
11.5549    7.3749
11.5962    7.35604
11.6374    7.31832
11.72    7.26173
11.7612    7.24287
11.8025    7.20515
11.8438    7.18629
11.885    7.18629
11.9676    7.14856
12.0088    7.1297
12.0501    7.11084
12.0914    7.1297
12.1326    7.11084
12.2152    7.11084
12.2564    7.11084
12.3183    7.11084
12.3802    7.11084
12.4009    7.11084
12.5247    7.1297
12.5659    7.1297
12.6278    7.1297
12.6485    7.14856
12.7104    7.16743
12.7723    7.16743
12.8342    7.16743
12.8754    7.16743
12.9167    7.18629
12.958    7.20515
13.0405    7.20515
13.0818    7.22401
