7.49004    8.80839
7.49004    8.82725
7.49004    8.84611
7.51068    8.84611
7.49004    8.86497
7.51068    8.88384
7.51068    8.9027
7.51068    8.9027
7.51068    8.92156
7.51068    8.92156
7.53131    8.94042
7.55194    8.94042
7.55194    8.95928
7.55194    8.95928
7.55194    8.95928
7.57258    8.95928
7.61385    8.95928
7.63448    8.95928
7.63448    8.95928
7.63448    8.95928
7.67575    8.94042
7.69638    8.94042
7.73765    8.92156
7.73765    8.92156
7.75828    8.9027
7.77892    8.9027
7.82018    8.88384
7.84082    8.88384
7.86145    8.86497
7.90272    8.86497
7.94398    8.84611
7.98525    8.84611
8.02652    8.82725
8.04715    8.82725
8.06779    8.82725
8.17096    8.82725
8.19159    8.82725
8.25349    8.82725
8.27412    8.82725
8.31539    8.82725
8.39793    8.84611
8.43919    8.84611
8.48046    8.82725
8.52173    8.82725
8.563    8.82725
8.64553    8.80839
8.70743    8.80839
8.72807    8.78953
8.78997    8.78953
8.8106    8.77067
8.91377    8.7518
8.95504    8.73294
8.99631    8.73294
9.03757    8.71408
9.07884    8.71408
9.14074    8.71408
9.20264    8.71408
9.22328    8.69522
9.28518    8.69522
9.30581    8.69522
9.38835    8.67636
9.42961    8.67636
9.47088    8.67636
9.51215    8.67636
9.55342    8.67636
9.63595    8.67636
9.67722    8.67636
9.69785    8.67636
9.71849    8.67636
9.75975    8.67636
9.82165    8.6575
9.84229    8.6575
9.88356    8.6575
9.92482    8.63863
9.94546    8.63863
9.98672    8.61977
10.028    8.60091
10.0486    8.60091
10.1105    8.58205
10.1312    8.56319
10.2137    8.54433
10.255    8.52546
10.2962    8.5066
10.3169    8.5066
10.3375    8.48774
10.3994    8.48774
10.42    8.46888
10.4819    8.46888
10.4819    8.45002
10.5232    8.45002
10.5851    8.43116
10.6264    8.41229
10.6676    8.41229
10.6883    8.41229
10.7089    8.39343
10.7708    8.37457
10.7914    8.35571
10.8121    8.35571
10.8121    8.33685
10.8327    8.31799
10.874    8.28026
10.8946    8.2614
10.8946    8.24254
10.8946    8.22368
10.9152    8.20482
10.9359    8.16709
10.9359    8.14823
10.9359    8.12937
10.9565    8.11051
10.9771    8.09165
10.9771    8.05392
10.9978    8.03506
11.0184    8.0162
11.0184    8.0162
11.039    7.99734
11.0803    7.95961
11.1009    7.95961
11.1009    7.94075
11.1216    7.92189
11.1422    7.90303
11.1628    7.88417
11.1835    7.88417
11.1835    7.86531
11.1835    7.84644
11.2041    7.84644
11.2247    7.80872
11.2041    7.78986
11.2247    7.771
11.2247    7.771
11.2041    7.75214
11.2247    7.71441
11.2041    7.69555
11.2247    7.67669
11.2041    7.65783
11.2247    7.63897
11.2247    7.60124
11.2247    7.58238
11.2247    7.58238
11.2247    7.56352
11.2454    7.54466
11.266    7.5258
11.266    7.50694
11.266    7.50694
11.2866    7.48807
11.3073    7.48807
11.3073    7.46921
11.3279    7.45035
11.3485    7.45035
11.3485    7.43149
11.3485    7.43149
11.3692    7.41263
11.3898    7.39377
11.3692    7.39377
11.3898    7.3749
11.3692    7.3749
11.3898    7.35604
11.3692    7.33718
11.3898    7.33718
11.3898    7.31832
11.3898    7.31832
11.4105    7.29946
11.4311    7.29946
11.4311    7.2806
11.4311    7.2806
11.4517    7.2806
11.493    7.2806
11.5136    7.2806
11.493    7.2806
11.5343    7.2806
11.5549    7.2806
11.5549    7.2806
11.5755    7.2806
11.5962    7.2806
11.5962    7.2806
11.5962    7.2806
11.6168    7.2806
11.6374    7.2806
11.6374    7.26173
11.6374    7.26173
11.6581    7.26173
11.6787    7.24287
11.6787    7.22401
11.6787    7.22401
11.6787    7.20515
11.6993    7.20515
11.7406    7.18629
11.7612    7.18629
11.7612    7.16743
11.7819    7.16743
11.8231    7.16743
11.8644    7.16743
11.885    7.16743
11.9057    7.16743
11.9469    7.16743
11.9676    7.16743
11.9882    7.18629
12.0501    7.18629
12.0501    7.18629
12.0707    7.18629
12.112    7.20515
12.1533    7.20515
12.1739    7.20515
12.1945    7.20515
12.2358    7.20515
12.2564    7.20515
12.2771    7.20515
12.3183    7.20515
12.339    7.18629
12.339    7.18629
12.3596    7.18629
12.4421    7.18629
12.4628    7.16743
12.4834    7.16743
12.5247    7.16743
12.5453    7.16743
12.5866    7.18629
12.6278    7.18629
12.6691    7.18629
12.6897    7.20515
12.7516    7.20515
12.7929    7.24287
12.8342    7.26173
