7.63448    4.26273
7.63448    4.26273
7.63448    4.28159
7.63448    4.28159
7.63448    4.28159
7.65511    4.30046
7.65511    4.30046
7.65511    4.31932
7.65511    4.31932
7.65511    4.33818
7.65511    4.33818
7.67575    4.35704
7.67575    4.35704
7.67575    4.35704
7.67575    4.35704
7.69638    4.3759
7.69638    4.3759
7.71701    4.3759
7.71701    4.3759
7.71701    4.3759
7.73765    4.3759
7.75828    4.3759
7.75828    4.3759
7.77892    4.35704
7.79955    4.35704
7.82018    4.33818
7.84082    4.33818
7.86145    4.33818
7.86145    4.31932
7.88208    4.31932
7.92335    4.30046
7.94398    4.28159
7.96462    4.28159
7.98525    4.28159
8.00589    4.26273
8.02652    4.26273
8.04715    4.28159
8.06779    4.28159
8.08842    4.28159
8.10905    4.28159
8.17096    4.30046
8.19159    4.31932
8.21222    4.31932
8.23286    4.33818
8.25349    4.35704
8.29476    4.39476
8.31539    4.41363
8.33603    4.41363
8.35666    4.43249
8.37729    4.43249
8.41856    4.45135
8.43919    4.45135
8.48046    4.47021
8.5011    4.47021
8.52173    4.47021
8.58363    4.47021
8.6249    4.47021
8.66617    4.47021
8.6868    4.47021
8.72807    4.47021
8.8106    4.45135
8.85187    4.45135
8.89314    4.45135
8.9344    4.45135
8.97567    4.45135
9.03757    4.45135
9.05821    4.47021
9.09947    4.47021
9.12011    4.48907
9.14074    4.48907
9.20264    4.50793
9.24391    4.5268
9.26454    4.5268
9.30581    4.54566
9.32644    4.56452
9.38835    4.58338
9.42961    4.60224
9.45025    4.6211
9.47088    4.6211
9.51215    4.63996
9.55342    4.65883
9.59468    4.65883
9.61532    4.65883
9.65658    4.67769
9.67722    4.67769
9.73912    4.69655
9.78039    4.69655
9.82165    4.69655
9.84229    4.69655
9.88356    4.69655
9.96609    4.71541
10.0074    4.71541
10.0486    4.71541
10.0899    4.71541
10.1105    4.73427
10.1724    4.75313
10.1931    4.75313
10.2343    4.772
10.255    4.79086
10.2756    4.79086
10.3375    4.82858
10.3581    4.84744
10.3788    4.8663
10.3994    4.88517
10.42    4.90403
10.4613    4.94175
10.4819    4.96061
10.5026    4.97947
10.5232    4.99834
10.5438    5.0172
10.6057    5.05492
10.6264    5.07378
10.647    5.09264
10.6676    5.09264
10.6883    5.11151
10.7295    5.13037
10.7502    5.14923
10.7708    5.14923
10.7914    5.16809
10.8327    5.16809
10.874    5.18695
10.8946    5.18695
10.9152    5.20581
10.9565    5.20581
10.9771    5.20581
11.0184    5.22468
11.0597    5.22468
11.0803    5.24354
11.1009    5.24354
11.1216    5.24354
11.1628    5.2624
11.1835    5.28126
11.1835    5.28126
11.2041    5.28126
11.2247    5.30012
11.2454    5.31898
11.2454    5.31898
11.266    5.33785
11.2866    5.33785
11.2866    5.35671
11.3073    5.37557
11.3279    5.39443
11.3279    5.41329
11.3485    5.43215
11.3485    5.43215
11.3692    5.46988
11.3692    5.48874
11.3898    5.48874
11.3898    5.5076
11.3898    5.52646
11.4105    5.54532
11.4105    5.54532
11.4311    5.56419
11.4311    5.56419
11.4311    5.56419
11.4517    5.58305
11.4517    5.58305
11.4517    5.58305
11.4724    5.60191
11.4724    5.60191
11.493    5.60191
11.5136    5.60191
11.5136    5.60191
11.5343    5.60191
11.5343    5.62077
11.5549    5.62077
11.5755    5.62077
11.5962    5.62077
11.6168    5.62077
11.6374    5.62077
11.6581    5.62077
11.6787    5.62077
11.6787    5.63963
11.6993    5.63963
11.6993    5.63963
11.72    5.63963
11.72    5.65849
11.72    5.65849
11.72    5.65849
11.72    5.65849
11.7406    5.67736
11.7406    5.67736
11.7406    5.69622
11.7406    5.69622
11.7406    5.69622
11.72    5.71508
11.72    5.73394
11.72    5.73394
11.72    5.7528
11.6993    5.7528
11.6993    5.77166
11.6787    5.79053
11.6787    5.79053
11.6787    5.80939
11.6787    5.80939
11.6787    5.82825
11.6787    5.82825
11.6787    5.84711
11.6787    5.84711
11.6787    5.84711
11.6787    5.86597
11.6787    5.88483
11.6787    5.88483
11.6993    5.9037
11.6993    5.9037
11.72    5.92256
11.72    5.92256
11.7406    5.92256
11.7406    5.94142
11.7612    5.94142
11.7819    5.96028
11.8025    5.96028
11.8025    5.96028
11.8231    5.97914
11.8438    5.97914
11.8644    5.998
11.8644    5.998
11.8644    5.998
11.8644    5.998
11.885    6.01687
11.885    6.03573
11.885    6.03573
11.885    6.03573
11.885    6.05459
11.885    6.07345
11.885    6.09231
11.885    6.09231
11.885    6.11117
11.885    6.11117
11.885    6.13004
11.885    6.1489
11.885    6.16776
11.8644    6.18662
11.8644    6.20548
11.8644    6.22434
11.8644    6.2432
11.8644    6.26207
11.8644    6.26207
11.8644    6.28093
11.8644    6.29979
11.8644    6.31865
11.8644    6.33751
11.8644    6.33751
11.885    6.35637
11.885    6.35637
11.9057    6.37524
11.9057    6.3941
11.9263    6.3941
11.9263    6.41296
11.9469    6.41296
11.9469    6.43182
11.9676    6.45068
11.9676    6.45068
11.9676    6.46954
11.9882    6.48841
11.9882    6.50727
11.9882    6.52613
12.0088    6.52613
12.0088    6.54499
12.0088    6.56385
12.0295    6.60158
12.0295    6.60158
12.0501    6.62044
12.0501    6.6393
12.0707    6.6393
12.0914    6.65816
12.0914    6.65816
12.112    6.65816
12.112    6.65816
12.1326    6.65816
12.1533    6.65816
12.1739    6.65816
12.1945    6.65816
12.2152    6.65816
12.2358    6.65816
12.2771    6.65816
12.2977    6.65816
12.3183    6.6393
12.339    6.6393
12.3596    6.6393
12.4009    6.62044
12.4215    6.62044
12.4421    6.62044
12.4628    6.62044
12.4834    6.60158
12.504    6.60158
12.5247    6.60158
12.5453    6.60158
12.5659    6.60158
12.5866    6.60158
