6.95357    8.43116
6.95357    8.43116
6.95357    8.43116
6.95357    8.43116
6.95357    8.43116
6.95357    8.43116
6.95357    8.43116
6.95357    8.43116
6.95357    8.43116
6.95357    8.43116
6.95357    8.43116
6.9742    8.43116
6.9742    8.43116
6.9742    8.41229
6.9742    8.41229
6.99483    8.39343
6.99483    8.39343
7.01547    8.39343
7.01547    8.37457
7.0361    8.37457
7.05673    8.35571
7.07737    8.35571
7.098    8.33685
7.11864    8.33685
7.13927    8.33685
7.18054    8.33685
7.2218    8.33685
7.24244    8.35571
7.28371    8.35571
7.30434    8.35571
7.36624    8.39343
7.40751    8.39343
7.42814    8.41229
7.46941    8.41229
7.49004    8.43116
7.55194    8.43116
7.59321    8.43116
7.61385    8.43116
7.63448    8.43116
7.67575    8.41229
7.73765    8.39343
7.75828    8.39343
7.79955    8.37457
7.82018    8.35571
7.86145    8.33685
7.92335    8.31799
7.94398    8.29912
7.98525    8.29912
8.00589    8.28026
8.04715    8.28026
8.08842    8.28026
8.12969    8.28026
8.15032    8.28026
8.19159    8.28026
8.21222    8.28026
8.27412    8.29912
8.31539    8.29912
8.33603    8.29912
8.35666    8.31799
8.39793    8.31799
8.45983    8.33685
8.48046    8.33685
8.5011    8.35571
8.54236    8.35571
8.563    8.35571
8.6249    8.35571
8.64553    8.35571
8.6868    8.33685
8.70743    8.33685
8.72807    8.33685
8.78997    8.31799
8.8106    8.31799
8.83124    8.31799
8.85187    8.31799
8.8725    8.31799
8.9344    8.33685
8.95504    8.33685
8.97567    8.35571
8.99631    8.35571
9.03757    8.37457
9.07884    8.39343
9.09947    8.41229
9.12011    8.41229
9.14074    8.43116
9.16137    8.45002
9.20264    8.46888
9.22328    8.48774
9.24391    8.48774
9.26454    8.5066
9.28518    8.5066
9.32644    8.52546
9.34708    8.52546
9.36771    8.52546
9.38835    8.52546
9.40898    8.52546
9.45025    8.52546
9.47088    8.52546
9.49151    8.52546
9.51215    8.5066
9.53278    8.5066
9.59468    8.48774
9.61532    8.48774
9.65658    8.46888
9.67722    8.46888
9.69785    8.45002
9.75975    8.43116
9.78039    8.43116
9.80102    8.43116
9.82165    8.41229
9.86292    8.41229
9.90419    8.41229
9.94546    8.39343
9.96609    8.39343
9.98672    8.39343
10.0074    8.39343
10.0693    8.39343
10.0899    8.39343
10.1105    8.39343
10.1518    8.37457
10.1724    8.37457
10.2137    8.35571
10.2343    8.35571
10.255    8.33685
10.255    8.33685
10.2756    8.31799
10.2962    8.28026
10.2962    8.28026
10.3169    8.2614
10.3169    8.24254
10.3375    8.22368
10.3375    8.18595
10.3581    8.16709
10.3581    8.14823
10.3788    8.12937
10.3788    8.11051
10.3994    8.07278
10.42    8.07278
10.42    8.05392
10.42    8.05392
10.4407    8.03506
10.4613    8.0162
10.4613    8.0162
10.4819    8.0162
10.5026    8.0162
10.5026    7.99734
10.5232    7.99734
10.5438    7.99734
10.5438    7.99734
10.5645    7.99734
10.5851    7.99734
10.6057    7.97848
10.6057    7.97848
10.6264    7.97848
10.6264    7.95961
10.647    7.95961
10.647    7.94075
10.647    7.92189
10.647    7.92189
10.647    7.90303
10.647    7.88417
10.647    7.86531
10.6676    7.84644
10.6676    7.82758
10.6676    7.80872
10.6676    7.80872
10.6676    7.771
10.6676    7.75214
10.6676    7.75214
10.6883    7.73327
10.6883    7.73327
10.6883    7.71441
10.6883    7.71441
10.7089    7.69555
10.7089    7.69555
10.7089    7.69555
10.7295    7.69555
10.7295    7.69555
10.7295    7.69555
10.7502    7.69555
10.7502    7.69555
10.7708    7.69555
10.7708    7.69555
10.7914    7.69555
10.7914    7.67669
10.8121    7.67669
10.8121    7.67669
10.8121    7.67669
10.8327    7.65783
10.8327    7.65783
10.8327    7.65783
10.8327    7.63897
10.8327    7.63897
10.8327    7.62011
10.8327    7.60124
10.8327    7.60124
10.8121    7.56352
10.8121    7.56352
10.8121    7.54466
10.8121    7.5258
10.8121    7.50694
10.8121    7.48807
10.8121    7.48807
10.8121    7.46921
10.8121    7.46921
10.8327    7.46921
10.8327    7.45035
10.8327    7.45035
10.8533    7.45035
10.8533    7.45035
10.874    7.45035
10.8946    7.45035
10.8946    7.45035
10.9152    7.45035
10.9359    7.45035
10.9359    7.45035
10.9565    7.45035
10.9771    7.45035
10.9771    7.43149
10.9978    7.43149
10.9978    7.43149
10.9978    7.41263
11.0184    7.39377
11.0184    7.39377
11.0184    7.3749
11.0184    7.3749
11.0184    7.33718
11.0184    7.33718
11.0184    7.33718
11.0184    7.31832
11.0184    7.31832
11.039    7.29946
11.039    7.29946
11.039    7.29946
11.039    7.29946
11.0597    7.29946
11.0597    7.29946
11.0803    7.29946
11.0803    7.29946
11.1009    7.31832
11.1009    7.31832
11.1216    7.33718
11.1216    7.33718
11.1422    7.33718
11.1422    7.35604
11.1422    7.35604
11.1628    7.3749
11.1628    7.3749
11.1628    7.3749
11.1628    7.3749
11.1628    7.3749
11.1628    7.39377
11.1628    7.39377
11.1628    7.39377
11.1835    7.39377
11.1835    7.3749
11.1835    7.3749
11.1835    7.3749
11.1835    7.35604
11.1835    7.35604
11.1835    7.35604
11.2041    7.33718
11.2041    7.33718
11.2041    7.33718
11.2041    7.33718
11.2247    7.33718
11.2247    7.33718
11.2247    7.35604
11.2454    7.35604
11.2454    7.35604
11.2454    7.35604
11.266    7.3749
11.2866    7.3749
11.2866    7.3749
11.2866    7.39377
11.2866    7.39377
11.3073    7.39377
11.3073    7.39377
11.3073    7.3749
11.3073    7.3749
11.3279    7.3749
11.3279    7.35604
11.3279    7.35604
11.3485    7.33718
11.3485    7.33718
11.3485    7.31832
11.3692    7.29946
11.3692    7.29946
11.3692    7.2806
11.3898    7.2806
11.3898    7.2806
11.4105    7.26173
11.4105    7.26173
11.4105    7.26173
11.4311    7.26173
11.4311    7.26173
11.4517    7.26173
11.4517    7.26173
11.4724    7.26173
11.4724    7.26173
11.4724    7.2806
11.493    7.2806
11.5136    7.2806
11.5136    7.29946
11.5343    7.29946
11.5343    7.29946
11.5549    7.29946
11.5549    7.29946
11.5755    7.29946
11.5755    7.29946
11.5755    7.29946
11.5962    7.2806
11.5962    7.26173
11.6168    7.26173
11.6168    7.26173
11.6168    7.24287
11.6374    7.22401
11.6374    7.22401
11.6581    7.22401
11.6581    7.22401
11.6581    7.22401
11.6787    7.22401
11.6993    7.22401
11.6993    7.22401
11.72    7.22401
11.72    7.22401
11.7612    7.22401
11.7612    7.22401
11.7819    7.22401
11.8025    7.24287
11.8231    7.24287
11.8438    7.26173
11.8644    7.26173
11.885    7.26173
11.9057    7.26173
11.9263    7.26173
11.9469    7.26173
11.9676    7.26173
11.9882    7.26173
12.0088    7.26173
12.0295    7.26173
12.0501    7.24287
12.0707    7.24287
12.0914    7.22401
12.112    7.22401
12.112    7.22401
12.1533    7.20515
12.1739    7.20515
12.1945    7.20515
12.2358    7.18629
12.2564    7.18629
12.2977    7.18629
12.339    7.18629
12.3596    7.18629
12.4009    7.18629
12.4215    7.20515
12.4834    7.20515
12.5247    7.22401
12.5659    7.22401
12.6072    7.24287
12.6485    7.24287
12.731    7.26173
12.7723    7.26173
12.7929    7.2806
12.8342    7.2806
12.8754    7.2806
12.9373    7.2806
