7.13927    8.95928
7.13927    8.95928
7.13927    8.95928
7.13927    8.95928
7.13927    8.95928
7.11864    8.97814
7.11864    8.97814
7.11864    8.97814
7.11864    8.97814
7.11864    8.97814
7.11864    8.97814
7.11864    8.97814
7.11864    8.97814
7.11864    8.97814
7.11864    8.97814
7.11864    8.97814
7.11864    8.97814
7.11864    8.97814
7.11864    8.95928
7.13927    8.95928
7.13927    8.95928
7.13927    8.95928
7.13927    8.95928
7.1599    8.94042
7.1599    8.94042
7.1599    8.94042
7.18054    8.94042
7.18054    8.92156
7.20117    8.92156
7.20117    8.92156
7.2218    8.9027
7.24244    8.9027
7.26307    8.9027
7.28371    8.9027
7.30434    8.9027
7.34561    8.9027
7.36624    8.9027
7.38687    8.9027
7.40751    8.9027
7.42814    8.9027
7.49004    8.9027
7.53131    8.92156
7.55194    8.92156
7.59321    8.92156
7.61385    8.94042
7.69638    8.94042
7.73765    8.94042
7.77892    8.94042
7.82018    8.94042
7.86145    8.94042
7.94398    8.92156
7.98525    8.92156
8.02652    8.92156
8.06779    8.9027
8.10905    8.9027
8.19159    8.9027
8.23286    8.9027
8.27412    8.9027
8.31539    8.9027
8.35666    8.9027
8.43919    8.9027
8.48046    8.88384
8.52173    8.88384
8.563    8.88384
8.6249    8.88384
8.70743    8.88384
8.7487    8.88384
8.78997    8.88384
8.83124    8.88384
8.8725    8.86497
8.95504    8.86497
8.99631    8.84611
9.03757    8.82725
9.09947    8.82725
9.14074    8.80839
9.22328    8.77067
9.26454    8.7518
9.30581    8.73294
9.34708    8.73294
9.38835    8.71408
9.47088    8.69522
9.49151    8.69522
9.53278    8.67636
9.57405    8.6575
9.61532    8.6575
9.67722    8.61977
9.71849    8.61977
9.75975    8.60091
9.80102    8.58205
9.82165    8.58205
9.88356    8.56319
9.92482    8.54433
9.96609    8.52546
9.98672    8.52546
10.0074    8.5066
10.0693    8.48774
10.0899    8.46888
10.1312    8.45002
10.1518    8.43116
10.1724    8.41229
10.2343    8.37457
10.255    8.35571
10.2756    8.33685
10.2962    8.31799
10.3375    8.31799
10.3788    8.28026
10.3994    8.2614
10.42    8.2614
10.4407    8.24254
10.4613    8.22368
10.5026    8.20482
10.5232    8.18595
10.5438    8.18595
10.5645    8.16709
10.5851    8.14823
10.6057    8.12937
10.6264    8.12937
10.6264    8.11051
10.647    8.11051
10.6676    8.09165
10.6883    8.07278
10.6883    8.05392
10.7089    8.03506
10.7089    8.03506
10.7089    8.0162
10.7295    7.97848
10.7295    7.95961
10.7295    7.94075
10.7295    7.92189
10.7295    7.92189
10.7502    7.88417
10.7502    7.86531
10.7502    7.84644
10.7502    7.82758
10.7708    7.82758
10.7708    7.78986
10.7708    7.78986
10.7914    7.771
10.7914    7.771
10.7914    7.75214
10.8121    7.73327
10.8327    7.71441
10.8327    7.71441
10.8533    7.69555
10.8533    7.69555
10.874    7.67669
10.874    7.67669
10.8946    7.65783
10.8946    7.65783
10.8946    7.65783
10.9152    7.63897
10.9152    7.62011
10.9152    7.62011
10.9359    7.62011
10.9359    7.60124
10.9359    7.58238
10.9565    7.58238
10.9565    7.56352
10.9565    7.56352
10.9565    7.54466
10.9565    7.5258
10.9771    7.5258
10.9771    7.50694
10.9771    7.50694
10.9771    7.50694
10.9978    7.48807
10.9978    7.46921
10.9978    7.46921
10.9978    7.46921
10.9978    7.45035
11.0184    7.45035
11.0184    7.43149
11.0184    7.43149
11.0184    7.43149
11.039    7.43149
11.039    7.43149
11.0597    7.43149
11.0597    7.41263
11.0597    7.41263
11.0803    7.41263
11.1009    7.41263
11.1009    7.41263
11.1009    7.41263
11.1216    7.41263
11.1216    7.41263
11.1422    7.41263
11.1422    7.39377
11.1422    7.39377
11.1628    7.39377
11.1628    7.39377
11.1628    7.3749
11.1628    7.3749
11.1835    7.35604
11.1835    7.33718
11.1835    7.33718
11.2041    7.31832
11.2041    7.29946
11.2041    7.29946
11.2247    7.2806
11.2247    7.2806
11.2454    7.26173
11.266    7.26173
11.266    7.24287
11.2866    7.24287
11.2866    7.24287
11.3279    7.22401
11.3279    7.22401
11.3485    7.22401
11.3485    7.22401
11.3692    7.20515
11.3898    7.20515
11.3898    7.18629
11.3898    7.18629
11.3898    7.16743
11.4105    7.16743
11.4105    7.14856
11.4311    7.1297
11.4517    7.1297
11.4517    7.1297
11.4724    7.11084
11.493    7.11084
11.5136    7.09198
11.5136    7.09198
11.5343    7.09198
11.5549    7.09198
11.5755    7.07312
11.5962    7.07312
11.5962    7.07312
11.6168    7.07312
11.6374    7.07312
11.6374    7.07312
11.6581    7.05426
11.6581    7.05426
11.6787    7.05426
11.6787    7.05426
11.6993    7.03539
11.6993    7.03539
11.72    7.03539
11.72    7.01653
11.7406    7.01653
11.7612    6.99767
11.7819    6.99767
11.8025    6.99767
11.8025    6.99767
11.8231    6.99767
11.8644    6.99767
11.885    6.99767
11.9057    6.99767
11.9263    6.99767
11.9676    6.99767
12.0088    6.99767
12.0501    7.01653
12.0707    7.01653
12.112    7.03539
12.1533    7.03539
12.2152    7.05426
12.2358    7.07312
12.2771    7.07312
12.3183    7.09198
12.339    7.09198
12.4009    7.11084
12.4421    7.11084
12.4834    7.11084
12.504    7.11084
12.5453    7.11084
12.6072    7.1297
12.6485    7.14856
12.6897    7.14856
12.731    7.16743
12.7516    7.16743
12.8342    7.20515
12.8754    7.20515
12.9167    7.22401
12.9373    7.24287
