6.7266    8.95928
6.7266    8.95928
6.7266    8.95928
6.70596    8.95928
6.70596    8.94042
6.68533    8.92156
6.68533    8.92156
6.68533    8.92156
6.68533    8.9027
6.68533    8.9027
6.66469    8.88384
6.66469    8.86497
6.66469    8.86497
6.66469    8.84611
6.66469    8.84611
6.66469    8.82725
6.66469    8.80839
6.66469    8.80839
6.66469    8.80839
6.66469    8.78953
6.68533    8.78953
6.68533    8.78953
6.70596    8.78953
6.70596    8.78953
6.7266    8.78953
6.74723    8.80839
6.74723    8.80839
6.76786    8.80839
6.7885    8.80839
6.7885    8.80839
6.82976    8.80839
6.8504    8.80839
6.87103    8.80839
6.87103    8.80839
6.89166    8.78953
6.9123    8.77067
6.93293    8.77067
6.95357    8.7518
6.9742    8.73294
6.99483    8.71408
7.01547    8.67636
7.0361    8.6575
7.05673    8.63863
7.07737    8.61977
7.098    8.60091
7.13927    8.56319
7.18054    8.54433
7.20117    8.54433
7.2218    8.52546
7.26307    8.52546
7.30434    8.52546
7.34561    8.52546
7.36624    8.52546
7.40751    8.52546
7.44878    8.52546
7.51068    8.52546
7.55194    8.52546
7.59321    8.54433
7.63448    8.54433
7.67575    8.56319
7.75828    8.56319
7.79955    8.56319
7.84082    8.56319
7.88208    8.56319
7.92335    8.56319
7.98525    8.56319
8.02652    8.56319
8.06779    8.54433
8.08842    8.54433
8.12969    8.54433
8.19159    8.52546
8.21222    8.52546
8.25349    8.52546
8.27412    8.52546
8.31539    8.52546
8.37729    8.54433
8.39793    8.54433
8.43919    8.54433
8.45983    8.56319
8.5011    8.56319
8.563    8.58205
8.58363    8.58205
8.6249    8.58205
8.64553    8.58205
8.6868    8.60091
8.72807    8.58205
8.76933    8.58205
8.78997    8.58205
8.8106    8.56319
8.83124    8.56319
8.8725    8.54433
8.89314    8.54433
8.91377    8.52546
8.9344    8.52546
8.95504    8.52546
8.99631    8.52546
9.01694    8.52546
9.03757    8.52546
9.05821    8.52546
9.07884    8.52546
9.12011    8.54433
9.14074    8.54433
9.16137    8.56319
9.18201    8.56319
9.20264    8.56319
9.24391    8.56319
9.26454    8.56319
9.26454    8.56319
9.28518    8.56319
9.30581    8.54433
9.32644    8.54433
9.34708    8.54433
9.36771    8.52546
9.36771    8.52546
9.38835    8.52546
9.40898    8.5066
9.42961    8.5066
9.45025    8.5066
9.47088    8.48774
9.49151    8.48774
9.51215    8.48774
9.53278    8.48774
9.55342    8.48774
9.57405    8.48774
9.59468    8.48774
9.63595    8.48774
9.67722    8.5066
9.69785    8.5066
9.71849    8.5066
9.73912    8.5066
9.80102    8.5066
9.82165    8.5066
9.75975    8.48774
9.78039    8.48774
9.78039    8.48774
9.84229    8.46888
9.88356    8.45002
9.90419    8.45002
9.90419    8.43116
9.92482    8.41229
9.98672    8.39343
9.98672    8.39343
10.0074    8.37457
10.0486    8.37457
10.0693    8.35571
10.0899    8.35571
10.1312    8.33685
10.1518    8.33685
10.1724    8.31799
10.2137    8.31799
10.255    8.31799
10.2756    8.29912
10.2756    8.29912
10.2962    8.29912
10.3375    8.28026
10.3788    8.28026
10.3994    8.2614
10.3994    8.2614
10.42    8.2614
10.4613    8.24254
10.4819    8.22368
10.4819    8.22368
10.5026    8.20482
10.5438    8.20482
10.5645    8.18595
10.5645    8.16709
10.5851    8.14823
10.6057    8.14823
10.6057    8.12937
10.6057    8.12937
10.6264    8.11051
10.647    8.09165
10.647    8.09165
10.647    8.07278
10.6676    8.07278
10.6883    8.05392
10.6883    8.05392
10.7089    8.03506
10.7295    8.03506
10.7295    8.03506
10.7502    8.0162
10.7914    8.0162
10.8121    8.0162
10.8121    8.0162
10.8327    7.99734
10.874    7.99734
10.8946    7.99734
10.8946    7.99734
10.9152    7.99734
10.9565    7.99734
10.9771    7.97848
10.9771    7.97848
10.9978    7.95961
11.0184    7.95961
11.0184    7.95961
11.039    7.94075
11.0597    7.92189
11.0597    7.92189
11.0597    7.90303
11.0597    7.90303
11.0597    7.86531
11.0597    7.86531
11.0597    7.84644
11.0597    7.82758
11.0597    7.82758
11.0597    7.78986
11.0803    7.78986
11.1009    7.771
11.0803    7.771
11.1009    7.75214
11.1216    7.75214
11.1422    7.73327
11.1422    7.73327
11.1422    7.73327
11.1628    7.73327
11.2041    7.73327
11.2041    7.73327
11.2247    7.71441
11.2041    7.71441
11.2454    7.71441
11.266    7.69555
11.2454    7.67669
11.266    7.65783
11.266    7.65783
11.266    7.63897
11.2866    7.60124
11.3073    7.58238
11.3073    7.58238
11.3073    7.56352
11.3279    7.54466
11.3485    7.5258
11.3485    7.50694
11.3485    7.50694
11.3485    7.48807
11.3485    7.48807
11.3692    7.46921
11.3692    7.46921
11.3692    7.46921
11.3692    7.46921
11.4517    7.50694
11.4517    7.50694
11.4517    7.5258
11.4517    7.54466
11.4517    7.5258
11.4724    7.56352
11.4517    7.58238
11.4724    7.56352
11.4517    7.58238
11.4724    7.56352
11.4517    7.58238
11.4724    7.56352
11.4724    7.58238
11.4724    7.56352
11.4724    7.56352
11.4724    7.56352
11.4724    7.54466
11.4724    7.50694
11.493    7.50694
11.5136    7.48807
11.493    7.48807
11.5136    7.46921
11.5136    7.43149
11.5136    7.43149
11.5343    7.41263
11.5549    7.43149
11.5549    7.39377
11.5755    7.39377
11.5962    7.39377
11.5962    7.39377
11.5962    7.39377
11.6168    7.41263
11.6374    7.43149
11.6374    7.41263
11.6581    7.43149
11.6787    7.41263
11.6993    7.43149
11.72    7.41263
11.72    7.41263
11.72    7.41263
11.7406    7.39377
11.7819    7.35604
11.7819    7.35604
11.8025    7.33718
11.8025    7.33718
11.8025    7.33718
11.8231    7.31832
11.8644    7.2806
11.8644    7.2806
11.885    7.26173
11.885    7.2806
11.9057    7.24287
11.9469    7.24287
11.9676    7.18629
11.9882    7.18629
12.0088    7.18629
12.0501    7.18629
12.0707    7.18629
12.112    7.18629
12.1326    7.20515
12.1739    7.18629
12.2358    7.22401
12.2771    7.22401
12.3183    7.24287
12.3596    7.22401
12.4009    7.24287
12.4628    7.24287
12.4834    7.24287
12.504    7.24287
12.5453    7.24287
12.5659    7.26173
12.6072    7.26173
12.6278    7.26173
12.6485    7.26173
12.6691    7.26173
12.6897    7.26173
12.7516    7.26173
12.7723    7.26173
12.7929    7.26173
12.8135    7.26173
12.8342    7.26173
12.8961    7.24287
12.9167    7.24287
12.9373    7.24287
12.9786    7.24287
12.9992    7.24287
