7.42814    9.56285
7.42814    9.56285
7.42814    9.56285
7.44878    9.58172
7.46941    9.58172
7.44878    9.56285
7.46941    9.56285
7.46941    9.56285
7.46941    9.56285
7.49004    9.56285
7.51068    9.54399
7.51068    9.52513
7.51068    9.52513
7.51068    9.50627
7.51068    9.48741
7.53131    9.46855
7.55194    9.44968
7.53131    9.43082
7.55194    9.3931
7.55194    9.37424
7.55194    9.33651
7.57258    9.33651
7.59321    9.31765
7.59321    9.29879
7.61385    9.29879
7.65511    9.27993
7.67575    9.27993
7.67575    9.27993
7.69638    9.27993
7.73765    9.27993
7.77892    9.27993
7.82018    9.29879
7.84082    9.29879
7.86145    9.31765
7.90272    9.33651
7.96462    9.35538
7.98525    9.37424
8.02652    9.3931
8.04715    9.41196
8.06779    9.41196
8.12969    9.43082
8.15032    9.43082
8.19159    9.41196
8.21222    9.41196
8.21222    9.41196
8.25349    9.3931
8.27412    9.37424
8.31539    9.35538
8.35666    9.33651
8.37729    9.31765
8.41856    9.27993
8.43919    9.24221
8.48046    9.22335
8.5011    9.20448
8.52173    9.18562
8.58363    9.16676
8.60426    9.1479
8.64553    9.1479
8.6868    9.1479
8.70743    9.12904
8.7487    9.12904
8.78997    9.12904
8.8106    9.12904
8.8725    9.12904
8.89314    9.12904
8.97567    9.1479
9.01694    9.16676
9.05821    9.16676
9.07884    9.16676
9.09947    9.16676
9.18201    9.16676
9.20264    9.16676
9.22328    9.1479
9.26454    9.1479
9.28518    9.12904
9.32644    9.11018
9.34708    9.09131
9.40898    9.07245
9.42961    9.05359
9.47088    9.03473
9.53278    9.01587
9.55342    8.99701
9.59468    8.97814
9.61532    8.97814
9.63595    8.95928
9.69785    8.94042
9.71849    8.94042
9.75975    8.94042
9.80102    8.94042
9.82165    8.92156
9.86292    8.92156
9.88356    8.92156
9.92482    8.92156
9.96609    8.94042
9.98672    8.94042
10.028    8.95928
10.0693    8.95928
10.0899    8.97814
10.1312    8.97814
10.1518    8.97814
10.1724    8.95928
10.2137    8.95928
10.2343    8.95928
10.2343    8.94042
10.255    8.94042
10.2962    8.9027
10.3169    8.88384
10.3169    8.86497
10.3169    8.84611
10.3375    8.80839
10.3788    8.7518
10.3994    8.73294
10.3994    8.71408
10.3994    8.69522
10.42    8.67636
10.4613    8.63863
10.4819    8.61977
10.4819    8.61977
10.5026    8.61977
10.5232    8.60091
10.5438    8.60091
10.5645    8.60091
10.5645    8.60091
10.5851    8.60091
10.6264    8.60091
10.6676    8.60091
10.6883    8.60091
10.6883    8.60091
10.7089    8.61977
10.7502    8.61977
10.7914    8.61977
10.8121    8.63863
10.8121    8.63863
10.8327    8.63863
10.874    8.63863
10.8946    8.63863
10.8946    8.61977
10.8946    8.61977
10.9152    8.61977
10.9359    8.60091
10.9359    8.58205
10.9359    8.58205
10.9565    8.56319
10.9771    8.54433
10.9565    8.52546
10.9771    8.48774
10.9565    8.45002
10.9771    8.43116
10.9565    8.39343
10.9771    8.37457
10.9771    8.31799
10.9771    8.28026
10.9771    8.2614
10.9978    8.24254
11.0184    8.22368
11.0184    8.18595
11.0184    8.16709
11.039    8.14823
11.0597    8.12937
11.0597    8.11051
11.0803    8.09165
11.1216    8.07278
11.1216    8.07278
11.1422    8.05392
11.1422    8.05392
11.1835    8.03506
11.2041    8.03506
11.2454    8.03506
11.2866    8.03506
11.3073    8.03506
11.3485    8.03506
11.3692    8.0162
11.4105    8.0162
11.4105    8.0162
11.4311    7.99734
11.4311    7.97848
11.4517    7.97848
11.4724    7.95961
11.4517    7.95961
11.4724    7.94075
11.4724    7.92189
11.4724    7.90303
11.4724    7.88417
11.4724    7.88417
11.4724    7.86531
11.4517    7.82758
11.4724    7.80872
11.4517    7.78986
11.4517    7.771
11.4517    7.75214
11.4517    7.71441
11.4311    7.69555
11.4105    7.67669
11.4311    7.65783
11.4105    7.63897
11.4311    7.62011
11.4105    7.60124
11.4311    7.60124
11.4311    7.58238
11.4311    7.58238
11.4517    7.56352
11.4724    7.56352
11.4724    7.56352
11.4724    7.56352
11.493    7.54466
11.5343    7.54466
11.5549    7.54466
11.5549    7.54466
11.5549    7.54466
11.5755    7.56352
11.6168    7.56352
11.6374    7.56352
11.6374    7.56352
11.6581    7.58238
11.6787    7.58238
11.6993    7.58238
11.72    7.58238
11.72    7.58238
11.72    7.58238
11.7406    7.58238
11.7612    7.56352
11.7612    7.56352
11.7612    7.56352
11.7612    7.54466
11.7612    7.54466
11.7819    7.5258
11.8025    7.50694
11.7819    7.50694
11.7819    7.48807
11.7819    7.46921
11.7819    7.43149
11.7819    7.41263
11.7612    7.39377
11.7406    7.35604
11.7612    7.33718
11.7406    7.29946
11.7406    7.2806
11.7406    7.26173
11.7406    7.26173
11.7406    7.24287
11.7612    7.24287
11.7612    7.22401
11.7612    7.22401
11.7612    7.22401
11.7819    7.22401
11.8025    7.22401
11.8025    7.22401
11.8231    7.22401
11.8438    7.22401
11.8438    7.24287
11.8644    7.24287
11.9057    7.24287
11.9263    7.26173
11.9263    7.26173
11.9263    7.26173
11.9469    7.26173
11.9676    7.26173
11.9676    7.26173
11.9882    7.26173
12.0088    7.24287
12.0088    7.22401
12.0295    7.22401
12.0501    7.20515
12.0501    7.20515
12.0707    7.18629
12.112    7.14856
12.112    7.1297
12.1326    7.11084
12.1326    7.09198
12.1533    7.07312
12.2152    7.03539
12.2358    7.01653
12.2564    7.01653
12.2771    6.99767
12.3183    6.99767
12.3596    6.99767
12.4009    6.99767
12.4215    7.01653
12.4215    7.01653
12.4628    7.03539
12.5247    7.07312
12.5659    7.09198
12.5866    7.11084
12.6072    7.1297
12.6485    7.14856
12.7104    7.14856
12.7104    7.16743
12.7516    7.16743
12.7723    7.16743
12.8342    7.16743
