6.99483    9.67602
6.99483    9.67602
6.99483    9.67602
6.9742    9.65716
6.9742    9.65716
6.9742    9.6383
6.9742    9.6383
6.9742    9.6383
6.9742    9.6383
6.9742    9.6383
6.95357    9.61944
6.95357    9.61944
6.95357    9.61944
6.95357    9.61944
6.95357    9.61944
6.9742    9.61944
6.9742    9.61944
6.9742    9.61944
6.99483    9.61944
6.99483    9.61944
7.01547    9.61944
7.01547    9.61944
7.01547    9.61944
7.0361    9.61944
7.0361    9.61944
7.05673    9.6383
7.07737    9.6383
7.098    9.6383
7.11864    9.6383
7.11864    9.65716
7.1599    9.65716
7.1599    9.65716
7.18054    9.67602
7.20117    9.67602
7.2218    9.67602
7.24244    9.67602
7.26307    9.67602
7.28371    9.67602
7.30434    9.67602
7.32497    9.67602
7.34561    9.67602
7.36624    9.65716
7.38687    9.65716
7.40751    9.6383
7.42814    9.6383
7.46941    9.60058
7.49004    9.60058
7.51068    9.58172
7.53131    9.56285
7.55194    9.56285
7.61385    9.52513
7.63448    9.50627
7.65511    9.50627
7.69638    9.48741
7.71701    9.46855
7.77892    9.44968
7.79955    9.44968
7.84082    9.44968
7.86145    9.44968
7.88208    9.43082
7.94398    9.43082
7.96462    9.41196
8.00589    9.41196
8.02652    9.41196
8.06779    9.41196
8.10905    9.41196
8.15032    9.41196
8.19159    9.41196
8.23286    9.43082
8.27412    9.43082
8.33603    9.43082
8.37729    9.43082
8.39793    9.41196
8.43919    9.41196
8.45983    9.41196
8.52173    9.3931
8.563    9.37424
8.58363    9.37424
8.6249    9.35538
8.66617    9.35538
8.72807    9.33651
8.7487    9.31765
8.78997    9.29879
8.83124    9.29879
8.85187    9.29879
8.91377    9.27993
8.95504    9.27993
8.99631    9.27993
9.03757    9.27993
9.05821    9.27993
9.12011    9.27993
9.16137    9.27993
9.20264    9.27993
9.24391    9.27993
9.26454    9.27993
9.32644    9.27993
9.36771    9.27993
9.38835    9.27993
9.42961    9.27993
9.45025    9.27993
9.51215    9.26107
9.53278    9.26107
9.55342    9.24221
9.59468    9.24221
9.61532    9.22335
9.67722    9.20448
9.69785    9.20448
9.71849    9.18562
9.75975    9.18562
9.78039    9.16676
9.84229    9.16676
9.86292    9.16676
9.88356    9.1479
9.90419    9.1479
9.92482    9.1479
9.98672    9.1479
10.0074    9.1479
10.028    9.1479
10.0486    9.1479
10.0693    9.1479
10.1105    9.12904
10.1312    9.12904
10.1518    9.12904
10.1724    9.12904
10.1931    9.12904
10.2343    9.11018
10.255    9.11018
10.2756    9.09131
10.2962    9.09131
10.3169    9.07245
10.3375    9.05359
10.3581    9.03473
10.3788    9.03473
10.3788    9.01587
10.3994    8.99701
10.42    8.97814
10.4407    8.95928
10.4407    8.95928
10.4613    8.94042
10.4613    8.92156
10.5026    8.9027
10.5232    8.9027
10.5232    8.9027
10.5438    8.88384
10.5645    8.88384
10.5851    8.86497
10.6057    8.86497
10.6264    8.86497
10.6264    8.86497
10.647    8.86497
10.6883    8.86497
10.7089    8.86497
10.7295    8.86497
10.7502    8.86497
10.7708    8.86497
10.7914    8.86497
10.8121    8.86497
10.8327    8.84611
10.8533    8.84611
10.8533    8.84611
10.874    8.82725
10.8946    8.82725
10.9152    8.80839
10.9152    8.80839
10.9359    8.78953
10.9565    8.77067
10.9565    8.77067
10.9771    8.7518
10.9771    8.73294
10.9978    8.71408
11.0184    8.67636
11.039    8.6575
11.039    8.63863
11.0597    8.61977
11.0597    8.60091
11.0803    8.56319
11.1009    8.54433
11.1009    8.52546
11.1216    8.5066
11.1216    8.48774
11.1422    8.46888
11.1628    8.45002
11.1628    8.43116
11.1835    8.43116
11.1835    8.41229
11.2041    8.39343
11.2247    8.39343
11.2247    8.37457
11.2454    8.37457
11.2454    8.37457
11.266    8.35571
11.2866    8.35571
11.2866    8.33685
11.3073    8.33685
11.3073    8.33685
11.3279    8.31799
11.3485    8.31799
11.3485    8.31799
11.3485    8.29912
11.3485    8.29912
11.3692    8.28026
11.3692    8.28026
11.3692    8.28026
11.3898    8.28026
11.3898    8.2614
11.3898    8.24254
11.3898    8.24254
11.3898    8.24254
11.4105    8.22368
11.4105    8.22368
11.4105    8.20482
11.4105    8.20482
11.4311    8.18595
11.4311    8.18595
11.4311    8.16709
11.4311    8.14823
11.4517    8.14823
11.4517    8.12937
11.4517    8.12937
11.4517    8.12937
11.4517    8.11051
11.4517    8.09165
11.4517    8.09165
11.4517    8.09165
11.4517    8.07278
11.4517    8.05392
11.4517    8.05392
11.4517    8.05392
11.4517    8.03506
11.4517    8.03506
11.4311    8.0162
11.4311    8.0162
11.4311    8.0162
11.4311    7.99734
11.4311    7.99734
11.4311    7.99734
11.4311    7.97848
11.4311    7.97848
11.4311    7.97848
11.4311    7.97848
11.4311    7.95961
11.4311    7.95961
11.4311    7.95961
11.4311    7.95961
11.4311    7.95961
11.4311    7.95961
11.4517    7.94075
11.4517    7.94075
11.4517    7.94075
11.4517    7.94075
11.4724    7.94075
11.4724    7.92189
11.4724    7.92189
11.4724    7.92189
11.493    7.90303
11.493    7.90303
11.493    7.88417
11.5136    7.88417
11.5136    7.88417
11.5136    7.86531
11.5343    7.84644
11.5343    7.84644
11.5549    7.84644
11.5549    7.82758
11.5755    7.82758
11.5755    7.80872
11.5962    7.80872
11.5962    7.80872
11.5962    7.80872
11.5962    7.80872
11.6168    7.78986
11.6168    7.78986
11.6168    7.78986
11.6168    7.78986
11.6168    7.771
11.6168    7.771
11.6168    7.75214
11.6168    7.75214
11.6168    7.75214
11.6168    7.73327
11.6168    7.73327
11.6168    7.73327
11.6168    7.71441
11.6168    7.71441
11.5962    7.71441
11.5962    7.69555
11.5962    7.69555
11.5755    7.69555
11.5755    7.69555
11.5755    7.67669
11.5549    7.67669
11.5549    7.67669
11.5549    7.65783
11.5549    7.65783
11.5549    7.65783
11.5549    7.65783
11.5343    7.65783
11.5343    7.65783
11.5343    7.65783
11.5343    7.65783
11.5343    7.63897
11.5343    7.63897
11.5343    7.63897
11.5343    7.63897
11.5343    7.63897
11.5343    7.63897
11.5343    7.63897
11.5343    7.63897
11.5343    7.63897
11.5343    7.63897
11.5343    7.63897
11.5343    7.63897
11.5343    7.63897
11.5343    7.63897
11.5343    7.63897
11.5343    7.62011
11.5343    7.62011
11.5343    7.62011
11.5343    7.62011
11.5343    7.62011
11.5343    7.62011
11.5343    7.62011
11.5343    7.62011
11.5343    7.62011
11.5343    7.62011
11.5343    7.60124
11.5343    7.60124
11.5343    7.60124
11.5343    7.60124
11.5343    7.60124
11.5343    7.58238
11.5549    7.58238
11.5549    7.58238
11.5549    7.56352
11.5549    7.56352
11.5755    7.54466
11.5755    7.54466
11.5755    7.54466
11.5962    7.54466
11.5962    7.5258
11.6168    7.50694
11.6168    7.50694
11.6374    7.50694
11.6374    7.48807
11.6581    7.48807
11.6787    7.46921
11.6993    7.45035
11.6993    7.45035
11.72    7.43149
11.7406    7.43149
11.7612    7.41263
11.7612    7.39377
11.7819    7.39377
11.7819    7.3749
11.8025    7.3749
11.8025    7.35604
11.8231    7.33718
11.8231    7.31832
11.8438    7.31832
11.8438    7.29946
11.8644    7.26173
11.8644    7.26173
11.8644    7.24287
11.885    7.22401
11.885    7.22401
11.885    7.18629
11.885    7.16743
11.9057    7.16743
11.9057    7.14856
11.9057    7.14856
11.9263    7.1297
11.9263    7.11084
11.9263    7.11084
11.9469    7.11084
11.9469    7.11084
11.9676    7.09198
11.9676    7.09198
11.9676    7.07312
11.9882    7.07312
11.9882    7.07312
12.0088    7.05426
12.0295    7.05426
12.0295    7.03539
12.0501    7.03539
12.0707    7.03539
12.112    7.01653
12.1326    7.01653
12.1533    7.01653
12.1945    7.01653
12.2358    7.01653
12.2977    7.01653
12.339    7.01653
12.3802    7.01653
12.4215    7.01653
12.4628    7.01653
12.5247    7.03539
12.5659    7.03539
12.6072    7.03539
12.6278    7.03539
12.6691    7.03539
12.731    7.05426
12.7723    7.05426
12.8135    7.07312
12.8342    7.07312
12.8754    7.07312
12.9373    7.09198
12.958    7.11084
12.9786    7.1297
13.0199    7.14856
