6.60279    9.54399
6.60279    9.54399
6.60279    9.54399
6.60279    9.54399
6.60279    9.54399
6.60279    9.52513
6.60279    9.54399
6.60279    9.52513
6.62343    9.54399
6.62343    9.52513
6.62343    9.54399
6.62343    9.52513
6.62343    9.54399
6.62343    9.52513
6.62343    9.52513
6.64406    9.52513
6.64406    9.52513
6.64406    9.52513
6.64406    9.50627
6.66469    9.48741
6.68533    9.48741
6.68533    9.46855
6.70596    9.44968
6.7266    9.44968
6.7266    9.43082
6.76786    9.3931
6.7885    9.37424
6.7885    9.37424
6.80913    9.35538
6.82976    9.33651
6.8504    9.33651
6.87103    9.33651
6.87103    9.31765
6.89166    9.29879
6.9123    9.31765
6.93293    9.27993
6.95357    9.27993
6.9742    9.27993
6.99483    9.27993
7.01547    9.27993
7.05673    9.27993
7.07737    9.27993
7.098    9.27993
7.13927    9.29879
7.1599    9.31765
7.20117    9.29879
7.2218    9.31765
7.24244    9.31765
7.28371    9.29879
7.30434    9.31765
7.34561    9.29879
7.36624    9.31765
7.38687    9.29879
7.40751    9.29879
7.44878    9.29879
7.49004    9.27993
7.53131    9.24221
7.55194    9.22335
7.57258    9.24221
7.61385    9.20448
7.67575    9.18562
7.69638    9.18562
7.71701    9.18562
7.75828    9.16676
7.77892    9.1479
7.84082    9.1479
7.86145    9.1479
7.90272    9.1479
7.92335    9.12904
7.96462    9.11018
8.02652    9.12904
8.06779    9.11018
8.08842    9.12904
8.12969    9.11018
8.15032    9.11018
8.21222    9.11018
8.23286    9.09131
8.25349    9.07245
8.27412    9.09131
8.29476    9.05359
8.33603    9.03473
8.35666    9.05359
8.37729    9.01587
8.39793    9.01587
8.43919    8.99701
8.48046    9.01587
8.5011    8.99701
8.52173    9.01587
8.54236    8.99701
8.563    9.01587
8.60426    8.99701
8.6249    9.01587
8.66617    8.99701
8.6868    9.01587
8.70743    9.01587
8.76933    9.01587
8.8106    9.01587
8.83124    9.03473
8.8725    9.05359
8.89314    9.05359
8.9344    9.05359
8.97567    9.05359
8.99631    9.05359
9.01694    9.05359
9.05821    9.05359
9.09947    9.05359
9.14074    9.05359
9.16137    9.05359
9.18201    9.03473
9.22328    9.05359
9.28518    9.01587
9.30581    9.01587
9.32644    8.99701
9.36771    9.01587
9.38835    8.99701
9.42961    9.01587
9.47088    8.99701
9.49151    9.01587
9.51215    8.99701
9.55342    9.01587
9.59468    8.99701
9.61532    8.99701
9.65658    8.99701
9.67722    8.99701
9.69785    8.99701
9.75975    8.99701
9.78039    8.99701
9.80102    8.99701
9.82165    8.99701
9.84229    8.99701
9.88356    8.99701
9.90419    8.99701
9.92482    8.99701
9.94546    8.97814
9.96609    8.95928
9.98672    8.95928
10.0074    8.95928
10.028    8.94042
10.0486    8.9027
10.0486    8.9027
10.0899    8.86497
10.1105    8.86497
10.1105    8.84611
10.1312    8.84611
10.1518    8.82725
10.1724    8.78953
10.1931    8.78953
10.1931    8.78953
10.2137    8.77067
10.2343    8.78953
10.255    8.7518
10.255    8.7518
10.2756    8.73294
10.2756    8.7518
10.2962    8.73294
10.3169    8.73294
10.3375    8.73294
10.3375    8.73294
10.3581    8.73294
10.3581    8.73294
10.3788    8.73294
10.3994    8.73294
10.42    8.73294
10.42    8.73294
10.4407    8.73294
10.4407    8.71408
10.4613    8.69522
10.4613    8.71408
10.4613    8.67636
10.4819    8.67636
10.4819    8.6575
10.4819    8.67636
10.4819    8.63863
10.4819    8.63863
10.4819    8.61977
10.4819    8.61977
10.4819    8.60091
10.4819    8.58205
10.4819    8.58205
10.4819    8.58205
10.4819    8.56319
10.4819    8.54433
10.4819    8.54433
10.4819    8.54433
10.4819    8.52546
10.5026    8.5066
10.5026    8.5066
10.5026    8.5066
10.5232    8.5066
10.5232    8.48774
10.5438    8.46888
10.5645    8.48774
10.5851    8.45002
10.6057    8.45002
10.6057    8.45002
10.647    8.45002
10.6676    8.45002
10.6676    8.45002
10.6883    8.45002
10.7089    8.45002
10.7295    8.45002
10.7295    8.43116
10.7502    8.45002
10.7502    8.43116
10.7502    8.45002
10.7708    8.43116
10.7708    8.43116
10.7708    8.43116
10.7708    8.43116
10.7708    8.43116
10.7708    8.41229
10.7708    8.39343
10.7708    8.39343
10.7708    8.39343
10.7708    8.37457
10.7708    8.35571
10.7708    8.35571
10.7708    8.33685
10.7708    8.31799
10.7708    8.31799
10.7502    8.29912
10.7502    8.2614
10.7502    8.2614
10.7502    8.24254
10.7502    8.24254
10.7295    8.22368
10.7295    8.20482
10.7295    8.20482
10.8121    7.99734
10.8121    7.99734
10.8121    7.97848
10.8121    7.99734
10.8121    7.97848
10.8121    7.97848
10.8121    7.97848
10.8121    7.97848
10.8121    7.97848
10.8327    7.95961
10.8327    7.94075
10.8327    7.95961
10.8533    7.94075
10.8533    7.95961
10.8533    7.94075
10.8533    7.95961
10.874    7.94075
10.874    7.95961
10.874    7.94075
10.874    7.94075
10.8946    7.94075
10.8946    7.94075
10.8946    7.94075
10.8946    7.94075
10.9152    7.94075
10.9152    7.94075
10.9152    7.94075
10.9152    7.94075
10.9152    7.94075
10.9359    7.94075
10.9359    7.94075
10.9359    7.94075
10.9359    7.94075
10.9359    7.94075
10.9565    7.94075
10.9565    7.94075
10.9565    7.94075
10.9565    7.94075
10.9565    7.94075
10.9565    7.92189
10.9565    7.90303
10.9565    7.92189
10.9565    7.90303
10.9565    7.90303
10.9565    7.90303
10.9565    7.88417
10.9359    7.86531
10.9359    7.84644
10.9152    7.82758
10.9152    7.82758
10.8946    7.80872
10.8946    7.78986
10.874    7.771
10.874    7.75214
10.8533    7.75214
10.8533    7.75214
10.8533    7.73327
10.8327    7.69555
10.8327    7.69555
10.8327    7.69555
10.8327    7.67669
10.8327    7.69555
10.8327    7.65783
10.8327    7.65783
10.8533    7.65783
10.8533    7.65783
10.8533    7.63897
10.874    7.65783
10.874    7.63897
10.8946    7.63897
10.8946    7.63897
10.9152    7.63897
10.9359    7.62011
10.9565    7.60124
10.9565    7.62011
10.9771    7.58238
10.9771    7.58238
10.9978    7.58238
10.9978    7.56352
11.0184    7.58238
11.0184    7.56352
11.0184    7.58238
11.039    7.54466
11.039    7.54466
11.039    7.54466
11.0597    7.5258
11.0597    7.54466
11.0597    7.50694
11.0597    7.48807
11.0597    7.50694
11.0597    7.46921
11.0597    7.46921
11.0597    7.43149
11.0597    7.41263
11.0597    7.41263
11.0597    7.39377
11.0597    7.3749
11.0597    7.35604
11.0597    7.33718
11.0597    7.33718
11.0597    7.31832
11.0597    7.29946
11.0803    7.29946
11.0803    7.29946
11.0803    7.2806
11.0803    7.26173
11.0803    7.2806
11.1009    7.24287
11.1009    7.24287
11.1216    7.24287
11.1216    7.24287
11.1216    7.24287
11.1422    7.24287
11.1628    7.24287
11.1628    7.24287
11.1835    7.24287
11.1835    7.24287
11.2041    7.24287
11.2247    7.24287
11.2247    7.24287
11.2454    7.24287
11.2454    7.24287
11.266    7.24287
11.266    7.24287
11.2866    7.24287
11.2866    7.24287
11.2866    7.22401
11.3073    7.24287
11.3073    7.20515
11.3279    7.20515
11.3279    7.20515
11.3279    7.18629
11.3279    7.18629
11.3485    7.16743
11.3485    7.14856
11.3485    7.16743
11.3485    7.1297
11.3692    7.1297
11.3692    7.1297
11.3898    7.1297
11.3898    7.1297
11.3898    7.1297
11.4105    7.1297
11.4105    7.1297
11.4311    7.1297
11.4311    7.1297
11.4517    7.14856
11.4724    7.16743
11.4724    7.14856
11.4724    7.16743
11.493    7.16743
11.493    7.16743
11.5136    7.16743
11.5136    7.16743
11.5136    7.16743
11.5343    7.16743
11.5343    7.16743
11.5343    7.16743
11.5549    7.16743
11.5549    7.16743
11.5549    7.16743
11.5549    7.16743
11.5755    7.14856
11.5755    7.16743
11.5755    7.14856
11.5962    7.14856
11.5962    7.14856
11.6168    7.1297
11.6168    7.09198
11.6374    7.09198
11.6374    7.07312
11.6581    7.09198
11.6787    7.05426
11.6787    7.05426
11.6993    7.05426
11.6993    7.03539
11.72    7.05426
11.7406    7.03539
11.7612    7.05426
11.7819    7.03539
11.8025    7.03539
11.8231    7.03539
11.885    7.03539
11.9057    7.03539
11.9469    7.01653
11.9676    6.99767
12.0088    7.01653
12.0914    7.01653
12.1326    7.01653
12.1739    7.03539
12.2152    7.05426
12.2564    7.03539
12.3183    7.07312
12.3596    7.07312
12.3802    7.07312
12.4215    7.09198
12.4421    7.07312
12.5247    7.09198
12.5453    7.09198
12.5866    7.09198
12.6278    7.09198
12.6691    7.09198
12.731    7.11084
