6.19012    9.44968
6.19012    9.44968
6.19012    9.46855
6.21075    9.46855
6.21075    9.46855
6.21075    9.48741
6.21075    9.50627
6.21075    9.50627
6.23139    9.50627
6.23139    9.50627
6.23139    9.50627
6.23139    9.50627
6.23139    9.50627
6.23139    9.50627
6.23139    9.50627
6.23139    9.48741
6.23139    9.50627
6.25202    9.48741
6.25202    9.48741
6.25202    9.48741
6.25202    9.46855
6.27265    9.44968
6.27265    9.44968
6.27265    9.43082
6.27265    9.41196
6.29329    9.41196
6.29329    9.3931
6.29329    9.37424
6.29329    9.37424
6.31392    9.37424
6.31392    9.35538
6.33455    9.33651
6.33455    9.35538
6.33455    9.33651
6.35519    9.35538
6.37582    9.33651
6.39646    9.35538
6.39646    9.33651
6.41709    9.35538
6.43772    9.33651
6.45836    9.37424
6.47899    9.37424
6.49962    9.3931
6.52026    9.37424
6.54089    9.41196
6.58216    9.43082
6.60279    9.41196
6.62343    9.43082
6.64406    9.41196
6.66469    9.43082
6.70596    9.41196
6.7266    9.43082
6.74723    9.41196
6.76786    9.41196
6.76786    9.41196
6.80913    9.3931
6.82976    9.35538
6.8504    9.35538
6.87103    9.33651
6.89166    9.33651
6.93293    9.29879
6.95357    9.29879
6.9742    9.27993
6.99483    9.24221
7.01547    9.24221
7.05673    9.22335
7.07737    9.24221
7.098    9.22335
7.11864    9.22335
7.1599    9.22335
7.20117    9.22335
7.2218    9.22335
7.26307    9.20448
7.28371    9.18562
7.32497    9.20448
7.38687    9.18562
7.42814    9.20448
7.44878    9.18562
7.49004    9.20448
7.51068    9.16676
7.55194    9.16676
7.57258    9.1479
7.61385    9.16676
7.63448    9.12904
7.65511    9.12904
7.69638    9.09131
7.73765    9.09131
7.75828    9.07245
7.77892    9.07245
7.79955    9.05359
7.86145    8.99701
7.88208    8.99701
7.90272    8.97814
7.94398    8.94042
7.96462    8.94042
8.02652    8.92156
8.04715    8.92156
8.06779    8.92156
8.08842    8.92156
8.10905    8.92156
8.17096    8.92156
8.19159    8.92156
8.21222    8.92156
8.23286    8.92156
8.27412    8.92156
8.31539    8.92156
8.35666    8.92156
8.37729    8.94042
8.39793    8.92156
8.43919    8.94042
8.48046    8.94042
8.5011    8.94042
8.52173    8.94042
8.54236    8.94042
8.563    8.92156
8.60426    8.94042
8.6249    8.92156
8.64553    8.92156
8.66617    8.92156
8.6868    8.9027
8.72807    8.86497
8.7487    8.84611
8.76933    8.86497
8.78997    8.82725
8.8106    8.80839
8.85187    8.78953
8.8725    8.77067
8.91377    8.77067
8.9344    8.7518
8.95504    8.73294
8.99631    8.73294
9.01694    8.71408
9.03757    8.69522
9.05821    8.71408
9.07884    8.69522
9.12011    8.69522
9.14074    8.69522
9.16137    8.69522
9.18201    8.67636
9.20264    8.6575
9.26454    8.67636
9.28518    8.6575
9.30581    8.67636
9.34708    8.67636
9.36771    8.67636
9.40898    8.67636
9.42961    8.6575
9.45025    8.67636
9.47088    8.6575
9.49151    8.6575
9.51215    8.6575
9.53278    8.63863
9.55342    8.61977
9.57405    8.61977
9.59468    8.60091
9.61532    8.56319
9.63595    8.54433
9.65658    8.54433
9.65658    8.52546
9.67722    8.48774
9.69785    8.45002
9.71849    8.43116
9.73912    8.43116
9.75975    8.41229
9.75975    8.39343
9.78039    8.39343
9.80102    8.37457
9.82165    8.35571
9.82165    8.37457
9.84229    8.33685
9.86292    8.33685
9.86292    8.33685
9.88356    8.31799
9.88356    8.33685
9.90419    8.31799
9.92482    8.33685
9.92482    8.31799
9.94546    8.31799
9.94546    8.31799
9.96609    8.31799
9.98672    8.31799
9.98672    8.31799
10.0074    8.31799
10.0074    8.31799
10.028    8.31799
10.0486    8.31799
10.0486    8.31799
10.0693    8.31799
10.0693    8.31799
10.0693    8.31799
10.0899    8.29912
10.0899    8.29912
10.1105    8.28026
10.1105    8.29912
10.1105    8.28026
10.1312    8.28026
10.1312    8.28026
10.1312    8.2614
10.1312    8.24254
10.1312    8.24254
10.1518    8.22368
10.1518    8.20482
10.1518    8.20482
10.1518    8.18595
10.1518    8.16709
10.1518    8.14823
10.1518    8.12937
10.1518    8.12937
10.1518    8.12937
10.1518    8.11051
10.1724    8.07278
10.1724    8.07278
10.1724    8.05392
10.1724    8.07278
10.1724    8.05392
10.1724    8.05392
10.1931    8.05392
10.1931    8.05392
10.1931    8.05392
10.1931    8.05392
10.2137    8.05392
10.2137    8.05392
10.2343    8.05392
10.2343    8.07278
10.2343    8.05392
10.255    8.07278
10.2756    8.07278
10.2756    8.07278
10.2962    8.09165
10.2962    8.11051
10.3169    8.11051
10.3375    8.11051
10.3581    8.12937
10.3581    8.14823
10.3788    8.12937
10.3994    8.14823
10.3994    8.14823
10.42    8.14823
10.42    8.14823
10.4407    8.14823
10.4407    8.14823
10.4613    8.14823
10.4613    8.14823
10.4613    8.14823
10.4613    8.14823
10.4819    8.14823
10.4819    8.12937
10.4819    8.14823
10.4819    8.12937
10.4819    8.12937
10.4819    8.12937
10.4819    8.11051
10.4819    8.09165
10.4819    8.09165
10.4819    8.09165
10.4819    8.05392
10.4819    8.05392
10.4819    8.03506
10.4819    8.0162
10.4819    8.0162
10.4819    7.99734
10.4819    7.95961
10.4819    7.95961
10.4819    7.94075
10.4819    7.95961
10.4819    7.92189
10.4819    7.92189
10.4819    7.90303
10.4819    7.92189
10.4819    7.90303
10.4819    7.90303
10.4819    7.88417
10.4819    7.86531
10.4819    7.88417
10.4819    7.86531
10.4613    7.86531
10.4613    7.86531
10.4613    7.84644
10.4613    7.82758
10.4613    7.84644
10.4613    7.82758
10.4613    7.84644
10.4613    7.82758
10.4613    7.84644
10.4613    7.82758
10.4613    7.84644
10.4613    7.82758
10.4613    7.84644
10.4613    7.82758
10.4613    7.84644
10.4613    7.82758
10.4613    7.82758
10.4613    7.82758
10.4613    7.82758
10.4613    7.82758
10.4819    7.82758
10.4819    7.82758
10.4819    7.80872
10.4819    7.78986
10.4819    7.80872
10.4819    7.78986
10.4819    7.80872
10.4819    7.78986
10.5026    7.80872
10.5026    7.78986
10.5232    7.80872
10.5232    7.78986
10.5438    7.80872
10.5438    7.78986
10.5645    7.80872
10.5851    7.80872
10.6057    7.80872
10.6057    7.80872
10.6264    7.80872
10.647    7.80872
10.6676    7.80872
10.6883    7.80872
10.7089    7.80872
10.7295    7.82758
10.7502    7.84644
10.7708    7.82758
10.7914    7.84644
10.7914    7.82758
10.8121    7.84644
10.8327    7.82758
10.8533    7.84644
10.8533    7.82758
10.874    7.84644
10.874    7.82758
10.874    7.84644
10.8946    7.82758
10.8946    7.82758
10.8946    7.82758
10.8946    7.82758
10.9152    7.82758
10.9152    7.80872
10.9152    7.78986
10.9152    7.78986
10.9359    7.78986
10.9359    7.78986
10.9359    7.771
10.9359    7.73327
10.9359    7.73327
10.9359    7.71441
10.9359    7.71441
10.9359    7.69555
10.9359    7.65783
10.9359    7.63897
10.9359    7.63897
10.9359    7.62011
10.9359    7.58238
10.9359    7.56352
10.9359    7.56352
10.9359    7.54466
10.9359    7.5258
10.9359    7.50694
10.9359    7.48807
10.9359    7.48807
10.9359    7.48807
10.9359    7.46921
10.9359    7.45035
10.9565    7.45035
10.9565    7.45035
10.9565    7.45035
10.9565    7.45035
10.9771    7.43149
10.9978    7.41263
10.9978    7.43149
10.9978    7.41263
11.0184    7.43149
11.039    7.41263
11.039    7.41263
11.0597    7.41263
11.0597    7.41263
11.0803    7.41263
11.1009    7.41263
11.1216    7.41263
11.1216    7.41263
11.1422    7.41263
11.1422    7.41263
11.1628    7.41263
11.1628    7.41263
11.1628    7.41263
11.1628    7.41263
11.1628    7.41263
11.1835    7.39377
11.1835    7.3749
11.1835    7.39377
11.1835    7.3749
11.1835    7.3749
11.1835    7.3749
11.1835    7.35604
11.1835    7.33718
11.1835    7.33718
11.1835    7.33718
11.1835    7.31832
11.1835    7.2806
11.1835    7.26173
11.1835    7.2806
11.1628    7.24287
11.1628    7.22401
11.1628    7.22401
11.1628    7.22401
11.1628    7.20515
11.1422    7.18629
11.1422    7.16743
11.1422    7.14856
11.1422    7.14856
11.1422    7.1297
11.1422    7.11084
11.1216    7.11084
11.1216    7.09198
11.1216    7.07312
11.1216    7.09198
11.1216    7.05426
11.1422    7.05426
11.1422    7.05426
11.1422    7.03539
11.1422    7.05426
11.1628    7.03539
11.1835    7.03539
11.1835    7.03539
11.2041    7.03539
11.2041    7.03539
11.2247    7.03539
11.266    7.03539
11.2866    7.03539
11.3073    7.03539
11.3279    7.03539
11.3485    7.03539
11.4105    7.03539
11.4311    7.03539
11.4517    7.03539
11.4724    7.03539
11.493    7.03539
11.5343    7.03539
11.5549    7.01653
11.5755    6.99767
11.5962    7.01653
11.6168    6.99767
11.6374    6.99767
11.6581    6.99767
11.6787    6.99767
11.6993    6.97881
11.72    6.95995
11.7612    6.95995
11.7819    6.94109
11.8025    6.92222
11.8231    6.92222
11.8438    6.90336
11.885    6.86564
11.9263    6.84678
11.9469    6.84678
11.9676    6.82792
11.9882    6.80905
12.0501    6.80905
12.0707    6.80905
12.112    6.79019
12.1326    6.77133
12.1739    6.79019
12.2358    6.77133
12.2771    6.79019
12.2977    6.79019
12.339    6.79019
12.3802    6.79019
12.4421    6.79019
12.4834    6.79019
12.504    6.79019
12.5247    6.79019
12.5659    6.77133
12.6072    6.77133
12.6485    6.77133
12.6691    6.77133
12.6897    6.75247
12.7104    6.73361
12.7516    6.71475
