7.49004    4.8663
7.49004    4.8663
7.49004    4.8663
7.49004    4.8663
7.49004    4.8663
7.51068    4.8663
7.51068    4.8663
7.51068    4.8663
7.51068    4.8663
7.51068    4.8663
7.51068    4.8663
7.53131    4.8663
7.53131    4.8663
7.53131    4.8663
7.53131    4.8663
7.53131    4.8663
7.55194    4.88517
7.55194    4.90403
7.55194    4.88517
7.55194    4.90403
7.57258    4.88517
7.59321    4.90403
7.59321    4.90403
7.61385    4.90403
7.61385    4.90403
7.65511    4.90403
7.67575    4.90403
7.69638    4.90403
7.71701    4.90403
7.73765    4.90403
7.77892    4.88517
7.79955    4.90403
7.84082    4.88517
7.86145    4.88517
7.88208    4.88517
7.94398    4.8663
7.96462    4.84744
8.00589    4.84744
8.02652    4.84744
8.04715    4.84744
8.10905    4.84744
8.12969    4.84744
8.15032    4.84744
8.17096    4.84744
8.21222    4.8663
8.25349    4.84744
8.29476    4.8663
8.31539    4.8663
8.35666    4.88517
8.37729    4.90403
8.43919    4.92289
8.48046    4.96061
8.5011    4.97947
8.54236    4.96061
8.563    4.99834
8.6249    5.0172
8.66617    4.99834
8.6868    5.0172
8.72807    4.99834
8.7487    5.0172
8.83124    4.99834
8.85187    5.0172
8.89314    4.99834
8.9344    5.0172
8.97567    4.99834
9.03757    4.99834
9.07884    4.99834
9.09947    4.99834
9.14074    4.99834
9.16137    4.99834
9.22328    4.99834
9.26454    4.99834
9.28518    5.0172
9.32644    4.99834
9.34708    5.0172
9.40898    5.0172
9.42961    5.03606
9.47088    5.05492
9.49151    5.05492
9.51215    5.07378
9.57405    5.13037
9.59468    5.13037
9.63595    5.13037
9.65658    5.14923
9.67722    5.18695
9.73912    5.20581
9.78039    5.20581
9.80102    5.20581
9.84229    5.20581
9.86292    5.22468
9.92482    5.24354
9.96609    5.24354
10.0074    5.24354
10.0486    5.24354
10.0693    5.24354
10.1518    5.2624
10.1724    5.28126
10.2137    5.2624
10.2343    5.30012
10.2756    5.30012
10.3375    5.31898
10.3581    5.31898
10.3788    5.33785
10.3994    5.35671
10.4407    5.35671
10.4819    5.39443
10.5026    5.41329
10.5232    5.45102
10.5438    5.46988
10.5645    5.46988
10.6057    5.5076
10.6264    5.52646
10.6264    5.56419
10.647    5.58305
10.6676    5.56419
10.7089    5.60191
10.7295    5.62077
10.7502    5.62077
10.7708    5.62077
10.7914    5.62077
10.8327    5.63963
10.874    5.65849
10.8946    5.65849
10.9152    5.65849
10.9359    5.65849
10.9771    5.65849
10.9978    5.67736
11.0184    5.69622
11.039    5.67736
11.0597    5.69622
11.1009    5.69622
11.1216    5.71508
11.1422    5.73394
11.1422    5.73394
11.1628    5.7528
11.1835    5.79053
11.1835    5.80939
11.1835    5.80939
11.2041    5.80939
11.2041    5.82825
11.2041    5.88483
11.2041    5.88483
11.2041    5.9037
11.2041    5.92256
11.2041    5.92256
11.2041    5.94142
11.2041    5.97914
11.2247    5.97914
11.2247    5.998
11.2247    5.97914
11.2454    5.998
11.266    5.97914
11.266    5.998
11.2866    5.97914
11.3073    5.998
11.3279    5.97914
11.3279    5.998
11.3485    5.97914
11.3485    5.998
11.3692    5.97914
11.3692    6.01687
11.3898    6.01687
11.3898    6.01687
11.3898    6.03573
11.3898    6.01687
11.3898    6.05459
11.3898    6.05459
11.3898    6.07345
11.3898    6.05459
11.3898    6.07345
11.3898    6.07345
11.3898    6.09231
11.4105    6.11117
11.4105    6.09231
11.4311    6.11117
11.4517    6.09231
11.4517    6.11117
11.4724    6.11117
11.4724    6.11117
11.493    6.11117
11.5136    6.13004
11.5136    6.1489
11.5136    6.13004
11.5343    6.16776
11.5343    6.16776
11.5343    6.18662
11.5343    6.18662
11.5343    6.18662
11.5343    6.20548
11.5343    6.22434
11.5343    6.22434
11.5343    6.2432
11.5343    6.26207
11.5343    6.26207
11.5343    6.28093
11.5343    6.31865
11.5549    6.31865
11.5549    6.33751
11.5549    6.31865
11.5755    6.33751
11.5962    6.33751
11.6168    6.33751
11.6168    6.33751
11.6374    6.33751
11.6581    6.35637
11.6787    6.37524
11.6993    6.35637
11.6993    6.37524
11.72    6.37524
11.72    6.37524
11.7406    6.41296
11.7406    6.41296
11.7612    6.43182
11.7612    6.45068
11.7612    6.45068
11.7612    6.48841
11.7819    6.48841
11.7819    6.50727
11.7819    6.54499
11.8025    6.54499
11.8231    6.58271
11.8438    6.58271
11.8438    6.60158
11.8644    6.58271
11.885    6.60158
11.9057    6.60158
11.9263    6.60158
11.9469    6.62044
11.9676    6.6393
11.9882    6.6393
12.0088    6.65816
12.0295    6.67702
12.0501    6.67702
12.0501    6.67702
12.0707    6.67702
12.112    6.67702
12.1326    6.67702
12.1533    6.67702
12.1739    6.67702
12.2152    6.67702
12.2564    6.67702
12.2977    6.69588
12.3183    6.69588
12.3596    6.69588
12.3802    6.69588
12.4421    6.71475
12.4834    6.69588
12.504    6.71475
12.5453    6.71475
12.5659    6.71475
12.6278    6.73361
12.6485    6.75247
12.6691    6.75247
12.7104    6.75247
12.731    6.75247
12.7929    6.73361
12.8342    6.75247
12.8548    6.71475
12.8961    6.69588
