8.12969    5.09264
8.12969    5.09264
8.12969    5.09264
8.12969    5.09264
8.12969    5.09264
8.12969    5.09264
8.12969    5.09264
8.12969    5.09264
8.12969    5.09264
8.12969    5.09264
8.12969    5.09264
8.12969    5.11151
8.12969    5.13037
8.15032    5.13037
8.17096    5.13037
8.17096    5.14923
8.17096    5.16809
8.19159    5.16809
8.23286    5.18695
8.23286    5.20581
8.27412    5.20581
8.29476    5.20581
8.31539    5.22468
8.35666    5.24354
8.37729    5.22468
8.41856    5.24354
8.45983    5.24354
8.48046    5.24354
8.54236    5.24354
8.563    5.24354
8.64553    5.24354
8.66617    5.24354
8.6868    5.2624
8.7487    5.28126
8.76933    5.28126
8.85187    5.28126
8.89314    5.30012
8.9344    5.31898
8.95504    5.31898
8.97567    5.31898
9.07884    5.33785
9.09947    5.35671
9.16137    5.35671
9.18201    5.35671
9.24391    5.37557
9.28518    5.41329
9.32644    5.43215
9.36771    5.41329
9.40898    5.45102
9.45025    5.45102
9.53278    5.46988
9.57405    5.45102
9.61532    5.48874
9.65658    5.48874
9.69785    5.48874
9.80102    5.5076
9.86292    5.5076
9.90419    5.5076
9.94546    5.5076
9.98672    5.52646
10.0899    5.56419
10.1518    5.58305
10.1724    5.58305
10.2137    5.58305
10.255    5.60191
10.3375    5.65849
10.3788    5.65849
10.3994    5.65849
10.42    5.67736
10.4819    5.71508
10.5232    5.7528
10.5645    5.77166
10.5851    5.79053
10.647    5.82825
10.6676    5.84711
10.7295    5.86597
10.7502    5.9037
10.8121    5.92256
10.8121    5.92256
10.8533    5.94142
10.9152    5.97914
10.9565    5.998
10.9978    5.998
11.0184    6.01687
11.039    6.03573
11.1216    6.05459
11.1628    6.09231
11.1835    6.09231
11.2041    6.11117
11.2454    6.11117
11.3073    6.1489
11.3073    6.16776
11.3279    6.20548
11.3692    6.2432
11.3898    6.26207
11.4105    6.28093
11.4517    6.31865
11.4724    6.33751
11.4724    6.35637
11.4724    6.37524
11.5136    6.41296
11.5343    6.43182
11.5755    6.48841
11.5962    6.48841
11.5962    6.50727
11.6374    6.56385
11.6581    6.56385
11.6993    6.58271
11.72    6.62044
11.72    6.62044
11.7612    6.65816
11.8025    6.67702
11.8231    6.67702
11.8644    6.67702
11.885    6.69588
11.9263    6.73361
11.9676    6.75247
12.0088    6.73361
12.0295    6.77133
12.0707    6.79019
12.1326    6.79019
12.1326    6.79019
12.1739    6.80905
12.1945    6.82792
12.2358    6.80905
12.2771    6.84678
12.3183    6.84678
12.339    6.86564
12.339    6.84678
12.3802    6.86564
12.4215    6.86564
12.4628    6.86564
12.504    6.86564
12.5247    6.86564
12.5659    6.86564
12.6278    6.86564
12.6485    6.86564
12.6897    6.86564
