7.79955    5.52646
7.79955    5.52646
7.79955    5.52646
7.79955    5.52646
7.79955    5.52646
7.82018    5.5076
7.82018    5.48874
7.84082    5.5076
7.84082    5.48874
7.84082    5.5076
7.86145    5.48874
7.88208    5.5076
7.88208    5.48874
7.90272    5.5076
7.92335    5.48874
7.96462    5.5076
7.98525    5.48874
8.00589    5.5076
8.02652    5.48874
8.04715    5.5076
8.08842    5.5076
8.12969    5.5076
8.15032    5.5076
8.19159    5.52646
8.21222    5.54532
8.29476    5.56419
8.31539    5.58305
8.35666    5.58305
8.39793    5.58305
8.41856    5.60191
8.5011    5.63963
8.54236    5.63963
8.58363    5.63963
8.6249    5.65849
8.66617    5.63963
8.72807    5.67736
8.76933    5.67736
8.8106    5.67736
8.85187    5.69622
8.89314    5.67736
8.97567    5.71508
9.01694    5.71508
9.05821    5.73394
9.09947    5.71508
9.14074    5.7528
9.20264    5.79053
9.24391    5.80939
9.28518    5.80939
9.30581    5.82825
9.34708    5.86597
9.40898    5.9037
9.45025    5.92256
9.49151    5.94142
9.53278    5.97914
9.57405    5.998
9.63595    6.03573
9.67722    6.05459
9.71849    6.09231
9.75975    6.11117
9.80102    6.13004
9.86292    6.18662
9.90419    6.18662
9.94546    6.20548
9.98672    6.2432
10.028    6.26207
10.1105    6.28093
10.1518    6.29979
10.1931    6.29979
10.2343    6.31865
10.2756    6.33751
10.3375    6.35637
10.3788    6.3941
10.42    6.3941
10.4407    6.41296
10.4819    6.41296
10.5438    6.43182
10.5851    6.46954
10.6264    6.48841
10.6676    6.48841
10.7089    6.50727
10.7708    6.56385
10.8121    6.56385
10.8533    6.58271
10.8946    6.60158
10.9359    6.60158
10.9978    6.6393
11.0597    6.6393
11.1009    6.65816
11.1422    6.67702
11.1835    6.67702
11.266    6.69588
11.3073    6.71475
11.3692    6.71475
11.4105    6.73361
11.4517    6.75247
11.5343    6.77133
11.5755    6.79019
11.6168    6.79019
11.6581    6.80905
11.6993    6.84678
11.7819    6.86564
11.8231    6.86564
11.8644    6.8845
11.9057    6.92222
11.9469    6.92222
12.0295    6.95995
12.0707    6.95995
12.112    6.95995
12.1533    6.97881
12.1945    6.95995
12.2771    6.95995
12.3183    6.95995
12.3596    6.95995
12.4009    6.94109
12.4421    6.92222
12.5247    6.90336
12.5659    6.8845
12.6072    6.8845
12.6485    6.86564
12.6897    6.84678
12.7723    6.84678
12.8135    6.82792
12.8548    6.80905
12.8961    6.80905
