7.28371    5.77166
7.28371    5.77166
7.28371    5.77166
7.28371    5.7528
7.28371    5.7528
7.28371    5.7528
7.28371    5.7528
7.30434    5.73394
7.28371    5.73394
7.30434    5.73394
7.30434    5.71508
7.30434    5.71508
7.30434    5.69622
7.30434    5.69622
7.32497    5.69622
7.34561    5.67736
7.34561    5.67736
7.34561    5.65849
7.36624    5.65849
7.38687    5.65849
7.40751    5.63963
7.44878    5.63963
7.46941    5.63963
7.46941    5.63963
7.49004    5.63963
7.55194    5.63963
7.55194    5.63963
7.59321    5.65849
7.61385    5.65849
7.65511    5.65849
7.71701    5.67736
7.73765    5.69622
7.77892    5.71508
7.79955    5.71508
7.82018    5.73394
7.90272    5.7528
7.92335    5.7528
7.94398    5.7528
7.98525    5.7528
8.02652    5.7528
8.08842    5.7528
8.10905    5.7528
8.15032    5.73394
8.19159    5.73394
8.21222    5.73394
8.27412    5.71508
8.31539    5.69622
8.35666    5.69622
8.39793    5.67736
8.41856    5.67736
8.48046    5.65849
8.52173    5.65849
8.563    5.65849
8.58363    5.65849
8.60426    5.65849
8.6868    5.65849
8.72807    5.65849
8.76933    5.65849
8.78997    5.65849
8.8106    5.67736
8.89314    5.69622
8.9344    5.71508
8.97567    5.71508
9.01694    5.73394
9.03757    5.7528
9.09947    5.77166
9.14074    5.77166
9.18201    5.77166
9.22328    5.79053
9.24391    5.79053
9.30581    5.80939
9.36771    5.80939
9.38835    5.82825
9.45025    5.82825
9.47088    5.82825
9.55342    5.84711
9.59468    5.84711
9.63595    5.86597
9.67722    5.86597
9.71849    5.88483
9.78039    5.9037
9.80102    5.92256
9.84229    5.94142
9.88356    5.96028
9.92482    5.97914
9.98672    5.998
10.0074    6.01687
10.0486    6.03573
10.0693    6.07345
10.0899    6.09231
10.1724    6.13004
10.1931    6.1489
10.2137    6.18662
10.255    6.20548
10.2756    6.22434
10.3169    6.2432
10.3581    6.26207
10.3788    6.28093
10.42    6.28093
10.4613    6.29979
10.5232    6.31865
10.5438    6.31865
10.5851    6.33751
10.6264    6.33751
10.647    6.33751
10.7089    6.35637
10.7502    6.35637
10.7914    6.37524
10.8121    6.37524
10.8327    6.3941
10.8946    6.41296
10.9152    6.43182
10.9359    6.43182
10.9565    6.45068
10.9978    6.45068
11.039    6.46954
11.0597    6.48841
11.0597    6.48841
11.0803    6.50727
11.1216    6.50727
11.1628    6.54499
11.1835    6.56385
11.1835    6.56385
11.2041    6.58271
11.2454    6.58271
11.2866    6.60158
11.3073    6.62044
11.3073    6.62044
11.3279    6.62044
11.3485    6.62044
11.3692    6.62044
11.3898    6.62044
11.3898    6.62044
11.4105    6.62044
11.4311    6.62044
11.4517    6.62044
11.4724    6.62044
11.4724    6.6393
11.493    6.6393
11.5136    6.6393
11.5136    6.65816
11.5343    6.65816
11.5549    6.65816
11.5549    6.67702
11.5549    6.67702
11.5755    6.69588
11.5962    6.69588
11.5962    6.71475
11.5962    6.71475
11.6168    6.73361
11.6581    6.75247
11.6787    6.75247
11.6787    6.77133
11.6993    6.77133
11.7406    6.77133
11.7819    6.79019
11.8025    6.79019
11.8025    6.80905
11.8438    6.80905
11.8644    6.80905
11.9263    6.80905
11.9469    6.82792
11.9882    6.82792
12.0295    6.84678
12.0501    6.84678
12.0914    6.8845
12.1326    6.90336
12.1533    6.90336
12.1945    6.92222
12.2358    6.94109
12.2771    6.95995
12.3183    6.97881
12.3596    6.99767
12.3802    6.99767
12.4009    6.99767
12.4834    6.99767
12.5247    6.99767
12.5453    6.99767
12.5659    6.99767
12.6278    6.97881
12.6691    6.95995
12.7104    6.94109
12.731    6.92222
12.7929    6.90336
12.7929    6.90336
12.8548    6.86564
