7.75828    6.28093
7.75828    6.26207
7.77892    6.2432
7.79955    6.2432
7.77892    6.2432
7.82018    6.20548
7.84082    6.20548
7.84082    6.18662
7.86145    6.16776
7.88208    6.16776
7.92335    6.16776
7.94398    6.1489
7.98525    6.13004
8.00589    6.1489
8.02652    6.13004
8.10905    6.13004
8.15032    6.1489
8.19159    6.13004
8.23286    6.1489
8.27412    6.13004
8.37729    6.16776
8.41856    6.18662
8.45983    6.16776
8.5011    6.18662
8.563    6.18662
8.66617    6.16776
8.70743    6.18662
8.7487    6.16776
8.78997    6.16776
8.85187    6.16776
8.95504    6.13004
8.99631    6.11117
9.05821    6.09231
9.12011    6.09231
9.16137    6.07345
9.28518    6.03573
9.34708    6.03573
9.40898    6.03573
9.45025    6.03573
9.49151    6.03573
9.59468    6.05459
9.65658    6.07345
9.69785    6.07345
9.73912    6.07345
9.80102    6.09231
9.92482    6.13004
9.98672    6.16776
10.028    6.18662
10.0899    6.20548
10.1724    6.2432
10.2962    6.28093
10.3581    6.29979
10.3994    6.29979
10.4613    6.31865
10.5232    6.33751
10.6264    6.35637
10.7089    6.3941
10.7708    6.41296
10.8121    6.3941
10.874    6.43182
11.0184    6.45068
11.0803    6.45068
11.1422    6.46954
11.1835    6.50727
11.2454    6.52613
11.3692    6.56385
11.4311    6.58271
11.4724    6.60158
11.5343    6.62044
11.5962    6.65816
11.6993    6.69588
11.7819    6.71475
11.8438    6.73361
11.885    6.77133
11.9469    6.79019
12.0707    6.80905
12.1326    6.82792
12.1739    6.82792
12.2152    6.82792
12.2771    6.82792
12.3802    6.82792
12.4009    6.80905
12.4628    6.82792
12.504    6.79019
12.5453    6.77133
12.6485    6.75247
