6.66469    6.18662
6.66469    6.18662
6.66469    6.18662
6.66469    6.18662
6.66469    6.18662
6.66469    6.18662
6.66469    6.18662
6.66469    6.18662
6.66469    6.18662
6.66469    6.18662
6.66469    6.18662
6.66469    6.18662
6.66469    6.18662
6.66469    6.18662
6.66469    6.18662
6.66469    6.18662
6.66469    6.18662
6.66469    6.18662
6.66469    6.18662
6.66469    6.18662
6.66469    6.18662
6.68533    6.18662
6.68533    6.18662
6.68533    6.18662
6.70596    6.18662
6.7266    6.18662
6.74723    6.18662
6.76786    6.18662
6.7885    6.18662
6.80913    6.18662
6.87103    6.18662
6.9123    6.18662
6.93293    6.16776
6.9742    6.18662
7.01547    6.16776
7.098    6.16776
7.13927    6.16776
7.18054    6.16776
7.2218    6.16776
7.26307    6.16776
7.34561    6.16776
7.40751    6.16776
7.44878    6.16776
7.49004    6.16776
7.53131    6.16776
7.61385    6.16776
7.65511    6.16776
7.69638    6.16776
7.73765    6.16776
7.77892    6.16776
7.84082    6.16776
7.88208    6.1489
7.92335    6.13004
7.96462    6.1489
8.00589    6.13004
8.06779    6.13004
8.10905    6.13004
8.15032    6.13004
8.19159    6.13004
8.23286    6.13004
8.31539    6.13004
8.35666    6.13004
8.39793    6.1489
8.43919    6.13004
8.5011    6.1489
8.58363    6.1489
8.64553    6.16776
8.6868    6.18662
8.72807    6.18662
8.76933    6.18662
8.85187    6.18662
8.89314    6.18662
8.9344    6.18662
8.97567    6.18662
9.01694    6.18662
9.07884    6.16776
9.12011    6.18662
9.16137    6.16776
9.20264    6.16776
9.22328    6.16776
9.28518    6.16776
9.32644    6.16776
9.36771    6.16776
9.38835    6.16776
9.42961    6.16776
9.49151    6.16776
9.53278    6.16776
9.55342    6.16776
9.57405    6.16776
9.61532    6.18662
9.67722    6.16776
9.69785    6.18662
9.71849    6.16776
9.75975    6.18662
9.78039    6.16776
9.84229    6.16776
9.86292    6.16776
9.90419    6.16776
9.92482    6.16776
9.94546    6.16776
9.98672    6.18662
10.028    6.16776
10.0486    6.20548
10.0693    6.20548
10.0899    6.22434
10.1518    6.22434
10.1724    6.2432
10.1931    6.28093
10.2137    6.29979
10.255    6.29979
10.2962    6.31865
10.3375    6.33751
10.3581    6.31865
10.3788    6.33751
10.3994    6.33751
10.4407    6.33751
10.4819    6.33751
10.5026    6.33751
10.5232    6.35637
10.5438    6.37524
10.5851    6.37524
10.6057    6.3941
10.6264    6.43182
10.647    6.45068
10.6676    6.45068
10.7089    6.48841
10.7295    6.50727
10.7502    6.54499
10.7708    6.58271
10.7914    6.60158
10.8327    6.62044
10.8533    6.65816
10.874    6.67702
10.8946    6.65816
10.9152    6.69588
10.9359    6.69588
10.9565    6.69588
10.9771    6.69588
10.9978    6.69588
10.9978    6.69588
11.039    6.69588
11.039    6.69588
11.0597    6.67702
11.0803    6.67702
11.0803    6.65816
11.1216    6.67702
11.1216    6.67702
11.1422    6.67702
11.1628    6.67702
11.1835    6.69588
11.2041    6.71475
11.2247    6.71475
11.2247    6.71475
11.2454    6.71475
11.266    6.73361
11.2866    6.75247
11.3073    6.73361
11.3073    6.73361
11.3279    6.73361
11.3485    6.73361
11.3692    6.71475
11.3898    6.69588
11.3898    6.71475
11.4105    6.69588
11.4311    6.71475
11.4724    6.69588
11.493    6.71475
11.5136    6.71475
11.5343    6.71475
11.5549    6.71475
11.5962    6.73361
11.6168    6.77133
11.6374    6.79019
11.6787    6.79019
11.6993    6.79019
11.7406    6.80905
11.7612    6.82792
11.8025    6.80905
11.8231    6.82792
11.8644    6.82792
11.9263    6.82792
11.9469    6.82792
11.9882    6.80905
12.0295    6.82792
12.0707    6.80905
12.1326    6.80905
12.1739    6.80905
12.2152    6.80905
12.2358    6.80905
12.2771    6.80905
12.339    6.80905
12.3596    6.82792
12.4009    6.80905
12.4421    6.82792
12.4628    6.82792
12.5453    6.82792
12.5866    6.84678
12.6278    6.86564
12.6691    6.86564
12.7104    6.8845
12.7929    6.92222
12.8342    6.94109
12.8754    6.92222
12.9167    6.94109
12.958    6.94109
13.0405    6.94109
