7.67575    7.03539
7.67575    7.03539
7.67575    7.05426
7.67575    7.03539
7.67575    7.07312
7.67575    7.07312
7.69638    7.09198
7.69638    7.07312
7.69638    7.09198
7.69638    7.07312
7.71701    7.09198
7.71701    7.07312
7.73765    7.09198
7.75828    7.07312
7.75828    7.07312
7.79955    7.07312
7.79955    7.05426
7.82018    7.03539
7.84082    7.03539
7.86145    7.01653
7.90272    6.95995
7.92335    6.94109
7.94398    6.90336
7.96462    6.86564
8.00589    6.84678
8.04715    6.80905
8.06779    6.77133
8.08842    6.75247
8.10905    6.71475
8.12969    6.69588
8.17096    6.67702
8.19159    6.65816
8.21222    6.65816
8.23286    6.6393
8.27412    6.60158
8.31539    6.58271
8.33603    6.58271
8.35666    6.58271
8.37729    6.56385
8.39793    6.54499
8.43919    6.54499
8.48046    6.54499
8.5011    6.54499
8.54236    6.56385
8.563    6.54499
8.60426    6.56385
8.6249    6.56385
8.64553    6.58271
8.66617    6.60158
8.6868    6.62044
8.72807    6.69588
8.7487    6.71475
8.76933    6.73361
8.78997    6.77133
8.8106    6.80905
8.85187    6.8845
8.8725    6.92222
8.8725    6.95995
8.89314    6.99767
8.91377    7.01653
8.9344    7.05426
8.95504    7.07312
8.95504    7.11084
8.97567    7.1297
8.99631    7.1297
9.01694    7.14856
9.03757    7.18629
9.03757    7.18629
9.05821    7.20515
9.07884    7.18629
9.09947    7.22401
9.12011    7.24287
9.12011    7.24287
9.14074    7.24287
9.14074    7.26173
9.16137    7.29946
9.16137    7.31832
9.16137    7.29946
9.18201    7.33718
9.18201    7.35604
9.18201    7.35604
9.18201    7.3749
9.18201    7.41263
9.18201    7.43149
9.18201    7.43149
9.20264    7.45035
9.20264    7.48807
9.20264    7.50694
9.20264    7.48807
9.20264    7.5258
9.22328    7.54466
9.22328    7.5258
9.24391    7.54466
9.24391    7.54466
9.26454    7.54466
9.28518    7.54466
9.30581    7.54466
9.32644    7.54466
9.34708    7.54466
9.36771    7.54466
9.40898    7.56352
9.42961    7.58238
9.45025    7.56352
9.47088    7.58238
9.49151    7.56352
9.53278    7.58238
9.55342    7.56352
9.57405    7.60124
9.57405    7.60124
9.59468    7.60124
9.63595    7.62011
9.65658    7.60124
9.67722    7.62011
9.69785    7.62011
9.71849    7.62011
9.73912    7.63897
9.75975    7.65783
9.78039    7.67669
9.80102    7.69555
9.82165    7.69555
9.84229    7.69555
9.86292    7.69555
9.88356    7.69555
9.88356    7.67669
9.90419    7.67669
9.92482    7.65783
9.94546    7.62011
9.96609    7.60124
9.96609    7.60124
9.98672    7.58238
10.0074    7.5258
10.0074    7.50694
10.0074    7.46921
10.028    7.45035
10.028    7.45035
10.0486    7.41263
10.0486    7.39377
10.0693    7.3749
10.0899    7.3749
10.0899    7.35604
10.1312    7.31832
10.1518    7.31832
10.1724    7.31832
10.1931    7.29946
10.2137    7.31832
10.255    7.2806
10.2756    7.2806
10.2962    7.2806
10.3169    7.2806
10.3375    7.2806
10.3581    7.26173
10.3788    7.26173
10.3788    7.26173
10.3994    7.24287
10.42    7.22401
10.4407    7.22401
10.4407    7.20515
10.4613    7.16743
10.4613    7.16743
10.4613    7.14856
10.4819    7.1297
10.4819    7.09198
10.4819    7.07312
10.5026    7.07312
10.5026    7.05426
10.5026    7.01653
10.5232    6.99767
10.5232    6.99767
10.5438    6.97881
10.5438    6.95995
10.5645    6.95995
10.5645    6.95995
10.5645    6.95995
10.5851    6.95995
10.5851    6.95995
10.6057    6.95995
10.6057    6.95995
10.6264    6.95995
10.6264    6.95995
10.647    6.95995
10.6676    6.97881
10.6676    6.95995
10.6883    6.97881
10.6883    6.97881
10.7089    6.97881
10.7089    6.99767
10.7295    7.01653
10.7295    6.99767
10.7295    7.01653
10.7295    6.99767
10.7502    7.01653
10.7502    6.99767
10.7502    7.01653
10.7502    6.99767
10.7708    6.99767
10.7708    6.99767
10.7708    6.99767
10.7708    6.97881
10.7914    6.95995
10.7914    6.95995
10.7914    6.94109
10.7914    6.92222
10.8121    6.92222
10.8121    6.92222
10.8121    6.90336
10.8327    6.86564
10.8327    6.86564
10.8327    6.84678
10.8533    6.86564
10.8533    6.84678
10.874    6.84678
10.874    6.84678
10.8946    6.84678
10.8946    6.84678
10.8946    6.82792
10.9152    6.80905
10.9152    6.82792
10.9152    6.82792
10.9359    6.82792
10.9359    6.82792
10.9565    6.84678
10.9565    6.86564
10.9565    6.86564
10.9771    6.86564
10.9771    6.8845
10.9978    6.90336
10.9978    6.90336
10.9978    6.92222
10.9978    6.94109
11.0184    6.92222
11.0184    6.94109
11.039    6.92222
11.039    6.94109
11.039    6.92222
11.039    6.92222
11.0597    6.92222
11.0597    6.90336
11.0597    6.8845
11.0597    6.8845
11.0597    6.8845
11.0597    6.86564
11.0597    6.84678
11.0803    6.84678
11.0803    6.84678
11.1009    6.82792
11.1216    6.80905
11.1216    6.80905
11.1216    6.80905
11.1422    6.80905
11.1422    6.80905
11.1628    6.80905
11.1628    6.80905
11.1628    6.80905
11.1628    6.80905
11.1628    6.82792
11.2454    6.90336
11.2454    6.90336
11.266    6.92222
11.2454    6.94109
11.266    6.92222
11.266    6.94109
11.266    6.94109
11.2866    6.92222
11.3073    6.94109
11.2866    6.92222
11.3073    6.94109
11.3073    6.90336
11.3073    6.90336
11.3073    6.8845
11.3073    6.90336
11.3279    6.86564
11.3485    6.84678
11.3279    6.84678
11.3485    6.84678
11.3485    6.82792
11.3485    6.80905
11.3692    6.82792
11.3898    6.80905
11.3692    6.82792
11.4105    6.80905
11.4105    6.82792
11.4311    6.82792
11.4105    6.82792
11.4311    6.82792
11.4311    6.82792
11.4311    6.84678
11.4517    6.86564
11.4724    6.84678
11.4724    6.86564
11.4724    6.84678
11.493    6.84678
11.5136    6.84678
11.493    6.84678
11.5136    6.84678
11.5136    6.82792
11.5343    6.79019
11.5549    6.79019
11.5549    6.77133
11.5549    6.79019
11.5549    6.77133
11.5755    6.77133
11.5962    6.77133
11.5962    6.77133
11.5962    6.77133
11.5962    6.77133
11.6168    6.77133
11.6374    6.77133
11.6374    6.77133
11.6374    6.77133
11.6374    6.79019
11.6581    6.77133
11.6787    6.79019
11.6787    6.79019
11.6993    6.79019
11.72    6.80905
11.72    6.82792
11.7406    6.82792
11.7819    6.82792
11.7819    6.84678
11.8025    6.86564
11.8025    6.84678
11.8231    6.86564
11.8438    6.84678
11.8438    6.86564
11.8644    6.84678
11.9057    6.84678
11.9263    6.84678
11.9263    6.82792
11.9469    6.80905
11.9882    6.82792
12.0295    6.79019
12.0501    6.79019
12.0707    6.77133
12.112    6.79019
12.1533    6.79019
12.2152    6.80905
12.2358    6.82792
12.2977    6.80905
12.3183    6.84678
12.3596    6.86564
12.4421    6.8845
12.4834    6.90336
12.5247    6.90336
12.5659    6.92222
12.6072    6.95995
12.6897    6.95995
12.7104    6.97881
12.731    6.95995
12.7929    6.97881
12.8135    6.95995
12.9167    6.95995
12.9373    6.95995
