6.7543	5.2245
6.7684	5.224
6.7718	5.236
6.7763	5.2381
6.7831	5.243
6.7843	5.2486
6.793	5.2482
6.82	5.2675
6.8296	5.2751
6.849	5.2804
6.8462	5.283
6.8556	5.288
6.8776	5.2952
6.9132	5.3102
6.9352	5.3177
6.9654	5.3247
6.9705	5.3135
6.9906	5.3219
7.0235	5.3215
7.0874	5.3233
7.1404	5.3167
7.1815	5.3191
7.1798	5.3184
7.2211	5.3127
7.2726	5.3006
7.3797	5.278
7.4328	5.2708
7.487	5.2584
7.4844	5.2636
7.5431	5.2463
7.5879	5.2412
7.6975	5.2584
7.7377	5.2797
7.7853	5.2952
7.7885	5.2935
7.8286	5.3085
7.8725	5.326
7.9491	5.3544
8.0017	5.3708
8.0347	5.3826
8.0356	5.3821
8.0839	5.3907
8.1288	5.4008
8.2128	5.4237
8.2538	5.4338
8.2971	5.4355
8.2988	5.4425
8.3449	5.4352
8.381	5.4462
8.4648	5.449
8.5082	5.4466
8.5561	5.4405
8.5562	5.4427
8.6061	5.4424
8.6433	5.4319
8.7349	5.4363
8.7751	5.4408
8.8177	5.4487
8.8153	5.4491
8.8537	5.4624
8.8942	5.4706
8.9707	5.4882
9.0011	5.4927
9.0393	5.5064
9.0407	5.5057
9.0791	5.5168
9.1159	5.5259
9.1786	5.5562
9.2053	5.5699
9.2505	5.587
9.2436	5.5939
9.2731	5.6093
9.3003	5.6309
9.3709	5.6543
9.4112	5.6691
9.4383	5.6787
9.4366	5.6799
9.4687	5.6945
9.4917	5.7073
9.5591	5.7328
9.5892	5.7405
9.6202	5.7414
9.6153	5.7494
9.6571	5.7582
9.6847	5.7697
9.7558	5.7756
9.7933	5.7811
9.8222	5.7779
9.8191	5.7786
9.857	5.7795
9.8821	5.7825
9.9413	5.7937
9.9735	5.8115
10.0015	5.8128
10.0012	5.8134
10.0255	5.8195
10.0554	5.8316
10.1057	5.8493
10.1368	5.8567
10.1558	5.8623
10.155	5.8579
10.167	5.8717
10.1865	5.8887
10.2143	5.9208
10.2248	5.9301
10.2438	5.9488
10.2436	5.9468
10.2555	5.9632
10.2685	5.9821
10.2918	6.0147
10.3098	6.0207
10.3239	6.0353
10.3227	6.0332
10.3333	6.0496
10.3507	6.0629
10.3698	6.0822
10.3839	6.0909
10.3951	6.0965
10.3944	6.0984
10.4092	6.1061
10.4213	6.1031
10.4442	6.1143
10.4554	6.1167
10.4623	6.1222
10.4693	6.1032
10.4834	6.113
10.4855	6.1295
10.5274	6.1254
10.5377	6.1128
10.5517	6.1103
10.5515	6.1126
10.5697	6.1147
10.5872	6.1103
10.6201	6.1048
10.6345	6.105
10.6504	6.1009
10.6485	6.1049
10.6595	6.1045
10.6744	6.1055
10.7054	6.116
10.7168	6.1141
10.7315	6.1175
10.732	6.1207
10.7418	6.1244
10.7587	6.128
10.774	6.1398
10.7788	6.1359
10.7839	6.1505
10.7833	6.1506
10.7887	6.1526
10.7915	6.1584
10.7936	6.1707
10.801	6.1718
10.8028	6.172
10.805	6.1779
10.8104	6.186
10.806	6.1977
10.8117	6.215
10.8133	6.217
10.8206	6.2193
10.8222	6.2202
10.8238	6.2337
10.8319	6.2375
10.8392	6.2455
10.8464	6.2585
10.8492	6.2607
10.8498	6.2583
10.8676	6.27
10.8741	6.2559
10.8766	6.2646
10.8848	6.2708
10.8939	6.2644
10.8972	6.2556
10.89	6.2687
10.9029	6.2689
10.9173	6.2593
10.9138	6.2641
10.9239	6.2567
10.9235	6.2565
10.9381	6.2518
10.9675	6.2385
10.9831	6.2443
10.9806	6.2419
10.9812	6.2478
10.987	6.2452
10.9958	6.2445
11.0037	6.2528
11.0338	6.2409
11.04	6.2433
11.0472	6.2444
11.0572	6.2404
11.0513	6.2468
11.0646	6.2462
11.0899	6.2419
11.0932	6.2385
11.1002	6.244
11.1062	6.2422
11.1061	6.2419
11.1202	6.2379
11.1265	6.2441
11.1299	6.2448
11.1265	6.2483
11.1331	6.2421
11.1289	6.2571
11.1344	6.2613
11.1419	6.2773
11.1511	6.2862
11.1556	6.2952
11.1538	6.2939
11.1497	6.3001
11.1573	6.3083
11.1631	6.3233
11.1647	6.3308
11.1725	6.3386
11.1755	6.3365
11.1828	6.3448
11.1912	6.3486
11.2073	6.3685
11.2145	6.3767
11.2268	6.3803
11.2245	6.3816
11.2348	6.3919
11.2441	6.3956
11.2708	6.3996
11.2865	6.4025
11.3019	6.4044
11.296	6.4058
11.3105	6.4155
11.3256	6.413
11.3442	6.4176
11.3511	6.4222
11.3612	6.431
11.3622	6.4293
11.3646	6.4377
11.3772	6.4473
11.3936	6.4611
11.4003	6.4698
11.4035	6.483
11.4028	6.483
11.4064	6.488
11.4176	6.4977
11.4321	6.5252
11.4311	6.5317
11.4238	6.5256
11.4292	6.5295
11.4246	6.5373
11.4328	6.5434
11.4414	6.5576
11.4393	6.5755
11.4448	6.571
11.4505	6.5725
11.4545	6.5848
11.4579	6.5908
11.4659	6.6012
11.4745	6.6065
11.4808	6.6012
11.482	6.5991
11.4928	6.6112
11.508	6.6156
11.5269	6.6152
11.5395	6.6301
11.5459	6.6436
11.5438	6.6439
11.5469	6.6512
11.5487	6.6617
11.5513	6.6797
11.558	6.6854
11.5598	6.6982
11.5624	6.6985
11.5684	6.7053
11.5735	6.7093
11.5853	6.7385
11.5937	6.7473
11.6037	6.7584
11.6041	6.7565
11.616	6.7675
11.6242	6.7816
11.6437	6.7989
11.6664	6.8089
11.6746	6.8144
11.6744	6.8079
11.694	6.8176
11.7119	6.8279
11.7483	6.8434
11.7626	6.8528
11.7856	6.8629
11.7854	6.8623
11.8072	6.8739
11.8305	6.8827
11.8795	6.9054
11.8982	6.9063
11.9255	6.9182
11.9216	6.919
11.9368	6.9285
11.9545	6.9444
12.0045	6.9617
12.0343	6.9708
12.0496	6.9781
12.0547	6.9749
12.0726	6.9868
12.0936	6.9914
12.1668	6.9918
12.1933	6.9854
12.2267	6.9779
12.2191	6.98
12.2495	6.9711
12.2826	6.9754
12.3425	6.96
12.3666	6.9582
12.3942	6.9564
12.3955	6.9563
12.4265	6.9582
12.4592	6.965
12.5132	6.9589
12.5442	6.9705
12.5768	6.9681
12.5764	6.9684
12.6027	6.9692
12.6435	6.9726
12.71	6.9597
