6.5001	8.6433
6.4937	8.6403
6.4861	8.6326
6.4979	8.6322
6.5015	8.6303
6.492	8.633
6.484	8.6293
6.4942	8.6299
6.4887	8.6275
6.4864	8.6255
6.4846	8.6281
6.4792	8.6225
6.4862	8.6258
6.4879	8.6212
6.4807	8.6251
6.4826	8.6227
6.4889	8.6142
6.4825	8.6228
6.4811	8.6159
6.4811	8.6186
6.4815	8.6203
6.4791	8.6142
6.4811	8.6203
6.4848	8.6068
6.4828	8.6055
6.4803	8.6015
6.4848	8.6037
6.4747	8.5936
6.4789	8.5916
6.4792	8.5817
6.4889	8.5779
6.4908	8.5697
6.5005	8.575
6.5192	8.5676
6.555	8.5691
6.5727	8.5672
6.5975	8.5655
6.6188	8.566
6.6431	8.5697
6.6981	8.5769
6.7257	8.5846
6.759	8.5909
6.785	8.5952
6.8178	8.6097
6.8661	8.6306
6.8949	8.6433
6.9272	8.6456
6.9542	8.6553
6.9852	8.6632
7.0479	8.6687
7.0803	8.674
7.1122	8.6713
7.1388	8.6656
7.1702	8.6633
7.2423	8.6562
7.2807	8.6518
7.3141	8.6442
7.3474	8.6383
7.3762	8.6315
7.4527	8.6214
7.4831	8.6174
7.513	8.6145
7.5513	8.6155
7.5928	8.6108
7.6673	8.6122
7.7106	8.6189
7.7493	8.6181
7.7889	8.6184
7.8287	8.6265
7.9104	8.6347
7.949	8.6391
7.9874	8.6518
8.0282	8.657
8.0605	8.67
8.1384	8.6861
8.1756	8.6899
8.2104	8.6892
8.246	8.6883
8.2825	8.6812
8.3587	8.6674
8.391	8.6594
8.4264	8.6532
8.4651	8.6416
8.5018	8.6348
8.5741	8.615
8.6091	8.6023
8.647	8.5907
8.6842	8.5806
8.7204	8.5704
8.7951	8.5676
8.8313	8.5677
8.8596	8.5671
8.8905	8.5641
8.9358	8.5669
9.008	8.5605
9.0563	8.5647
9.0905	8.5627
9.1341	8.5634
9.1755	8.5606
9.2544	8.5605
9.2993	8.5611
9.3362	8.5614
9.3738	8.5625
9.4029	8.5597
9.4822	8.547
9.508	8.5364
9.5298	8.5285
9.5593	8.52
9.5808	8.5024
9.6307	8.4785
9.6589	8.465
9.6756	8.4491
9.7005	8.4341
9.7188	8.4135
9.7592	8.386
9.7757	8.3665
9.805	8.3533
9.8299	8.332
9.8458	8.3114
9.882	8.269
9.9037	8.2476
9.9186	8.2304
9.9506	8.2054
9.9648	8.201
10.0143	8.1822
10.0356	8.1585
10.0701	8.1471
10.0943	8.1438
10.1192	8.1257
10.1733	8.1257
10.2179	8.1311
10.2439	8.1185
10.2674	8.1238
10.3106	8.1282
10.3624	8.1359
10.3997	8.1249
10.4252	8.1191
10.4539	8.1212
10.4791	8.1143
10.5144	8.104
10.5329	8.0868
10.5474	8.0829
10.5602	8.0713
10.5844	8.06
10.6032	8.0412
10.6257	8.0236
10.6328	8.0099
10.6499	8.0043
10.6646	7.9901
10.6886	7.9656
10.7049	7.9667
10.7249	7.9623
10.7435	7.9619
10.762	7.9567
10.8043	7.9726
10.8151	7.9756
10.8379	7.9764
10.8564	7.9811
10.8766	8.0005
10.9174	8.0267
10.9347	8.0363
10.9485	8.0489
10.9689	8.0592
10.9802	8.0668
11.0079	8.0683
11.0152	8.0707
11.0313	8.0665
11.0359	8.0631
11.0426	8.0483
11.0603	8.0255
11.0645	8.014
11.076	7.9879
11.0808	7.9668
11.088	7.9468
11.0924	7.9095
11.0919	7.8973
11.0924	7.8841
11.1029	7.8822
11.0989	7.8667
11.0987	7.8449
11.1066	7.8434
11.1069	7.8259
11.1103	7.8231
11.1141	7.8104
11.1299	7.8102
11.1276	7.8027
11.1314	7.7995
11.1386	7.7895
11.1533	7.7961
11.16	7.7919
11.1647	7.7908
11.1821	7.795
11.1941	7.8011
11.2058	7.8046
11.2329	7.8169
11.2487	7.8238
11.2521	7.8207
11.2645	7.8279
11.2814	7.8259
11.2824	7.82
11.2942	7.8171
11.3081	7.8194
11.3177	7.8198
11.3259	7.8088
11.3195	7.7866
11.3219	7.7773
11.3318	7.7845
11.327	7.7668
11.3258	7.7538
11.3336	7.7382
11.332	7.7325
11.3357	7.7273
11.3401	7.7234
11.3501	7.7231
11.3531	7.7085
11.3547	7.7068
11.364	7.7075
11.3649	7.6995
11.3639	7.7004
11.3644	7.6763
11.3634	7.6661
11.3679	7.6594
11.3707	7.6509
11.3749	7.6499
11.381	7.6328
11.3811	7.6274
11.398	7.6239
11.3951	7.6204
11.4012	7.6249
11.4113	7.63
11.4273	7.6495
11.4379	7.6534
11.4469	7.6604
11.4499	7.6661
11.4683	7.6883
11.4666	7.6876
11.4907	7.7098
11.4785	7.6948
11.4978	7.7093
11.5197	7.712
11.5226	7.7069
11.5355	7.7009
11.537	7.7016
11.5452	7.7066
11.5547	7.6922
11.5589	7.6803
11.5662	7.6743
11.5669	7.6571
11.5786	7.6522
11.5894	7.6281
11.5864	7.6053
11.5975	7.5981
11.6011	7.582
11.6052	7.5714
11.6167	7.5556
11.622	7.539
11.631	7.5238
11.6488	7.535
11.6509	7.5266
11.6806	7.5054
11.6804	7.5131
11.695	7.5123
11.7196	7.5153
11.7236	7.4969
11.7508	7.4998
11.7585	7.5059
11.7888	7.5017
11.8052	7.5069
11.8139	7.4988
11.8401	7.4992
11.8582	7.5003
11.8671	7.4988
11.8783	7.4872
11.8793	7.4816
11.875	7.4754
11.8833	7.4742
11.8864	7.4697
11.8741	7.4643
11.8728	7.4691
11.8561	7.4609
11.8427	7.4502
11.8237	7.4452
11.8209	7.4322
11.8167	7.4205
11.8057	7.3985
11.8073	7.3988
11.8053	7.3884
11.8196	7.3836
11.8179	7.3647
11.8392	7.3514
11.8572	7.3472
11.8751	7.3403
11.8871	7.3366
11.9027	7.3344
11.9428	7.338
11.9593	7.3275
11.9736	7.3334
12.0069	7.3205
12.0264	7.3169
12.0472	7.3141
12.0535	7.2984
12.075	7.2886
12.0997	7.3073
12.1043	7.3031
12.1357	7.2775
12.1385	7.2556
12.1369	7.252
12.1488	7.2471
12.1531	7.2425
12.1665	7.2185
12.1714	7.2195
12.1729	7.2198
12.1865	7.2126
12.1988	7.2136
12.2259	7.2128
12.2332	7.2182
12.2461	7.206
12.2576	7.2071
12.282	7.2205
12.3201	7.2203
12.3363	7.2442
12.3729	7.2459
12.39	7.252
12.4057	7.2604
12.454	7.2791
12.4832	7.2933
12.5128	7.3141
12.5347	7.3162
12.5594	7.3179
12.5983	7.3354
12.6364	7.3414
12.6596	7.3505
12.6778	7.3537
12.6993	7.3535
12.7447	7.3593
12.7757	7.3549
12.7937	7.3383
12.8112	7.334
12.8344	7.3331
12.8645	7.3026
12.8976	7.3103
12.922	7.295
12.939	7.2889
12.9576	7.2946
12.9968	7.2855
13.0269	7.2823
13.0514	7.2746
13.0594	7.2764
13.0861	7.2873
