7.1193	9.5811
7.1282	9.5736
7.1367	9.5712
7.1499	9.5709
7.1743	9.561
7.1863	9.5547
7.1992	9.5531
7.218	9.5514
7.2367	9.5427
7.2812	9.5393
7.2967	9.533
7.3185	9.5327
7.3324	9.5363
7.363	9.5391
7.4021	9.5356
7.4224	9.5506
7.4491	9.5434
7.4625	9.5457
7.4799	9.5507
7.5219	9.5399
7.5431	9.5417
7.5497	9.5279
7.5795	9.5227
7.6022	9.5127
7.6472	9.4965
7.6665	9.4772
7.6852	9.467
7.7059	9.4567
7.7262	9.4409
7.7659	9.4124
7.7838	9.3892
7.7984	9.3812
7.8238	9.3717
7.8438	9.3603
7.8841	9.3405
7.9047	9.3313
7.9224	9.3195
7.9529	9.3126
7.9742	9.3039
8.0252	9.2879
8.0549	9.2859
8.085	9.2826
8.1146	9.2733
8.1491	9.2802
8.2095	9.2783
8.241	9.2837
8.2695	9.2783
8.3028	9.2877
8.3327	9.2786
8.3788	9.2747
8.4108	9.2691
8.4463	9.2492
8.4692	9.2438
8.5044	9.2273
8.5679	9.2005
8.5992	9.1883
8.6299	9.1739
8.6694	9.162
8.701	9.1543
8.7663	9.1152
8.7974	9.1029
8.8256	9.0878
8.866	9.0766
8.8971	9.0638
8.9638	9.0495
8.9892	9.0433
9.0258	9.0433
9.0539	9.0286
9.0851	9.0222
9.1463	9.0094
9.1798	9.0007
9.2133	8.9992
9.2503	8.9888
9.2846	8.9879
9.3493	8.9857
9.3891	8.9862
9.4296	8.981
9.4609	8.9792
9.4947	8.9836
9.549	8.9916
9.5773	8.9887
9.6066	8.9923
9.6321	8.9816
9.6555	8.9863
9.7016	8.9742
9.7325	8.9672
9.7577	8.9598
9.783	8.9534
9.8104	8.9456
9.8626	8.9287
9.8946	8.914
9.9187	8.9031
9.9513	8.8932
9.9849	8.8802
10.0353	8.8566
10.0566	8.8523
10.0902	8.8423
10.1228	8.8301
10.1402	8.8219
10.1929	8.8015
10.2227	8.7925
10.2433	8.7877
10.2643	8.7727
10.2921	8.7642
10.3461	8.7398
10.3708	8.7298
10.4022	8.7157
10.4287	8.7105
10.4559	8.6974
10.5063	8.6795
10.5278	8.6704
10.5491	8.6581
10.5747	8.6449
10.5916	8.6351
10.6337	8.6088
10.6501	8.5994
10.6771	8.5878
10.6873	8.5722
10.7115	8.5551
10.7454	8.5233
10.7688	8.4989
10.7837	8.4837
10.8021	8.4615
10.8168	8.4478
10.842	8.4123
10.8671	8.3963
10.8802	8.3895
10.8996	8.3595
10.9113	8.3398
10.933	8.3273
10.9545	8.3019
10.9703	8.2877
10.9926	8.2737
10.9976	8.262
11.0367	8.2341
11.0507	8.2258
11.0654	8.2177
11.0806	8.208
11.1049	8.1905
11.1377	8.1789
11.1493	8.1702
11.1696	8.1621
11.1872	8.1592
11.2029	8.1504
11.2348	8.143
11.2563	8.1342
11.2707	8.1219
11.2889	8.1171
11.2981	8.1173
11.3216	8.1028
11.3302	8.0973
11.3408	8.0894
11.348	8.093
11.3715	8.0866
11.3779	8.0865
11.395	8.0743
11.3989	8.0663
11.4112	8.0507
11.4148	8.0357
11.4437	8.0217
11.4489	8.0008
11.4622	7.9883
11.4679	7.9752
11.4769	7.9614
11.4966	7.9419
11.5004	7.9415
11.5182	7.9092
11.5254	7.8913
11.5295	7.8811
11.5397	7.8625
11.5386	7.8527
11.5359	7.8535
11.5589	7.8303
11.5573	7.8305
11.5685	7.8149
11.5735	7.8047
11.5796	7.8041
11.569	7.8044
11.5885	7.7914
11.5991	7.7855
11.5894	7.795
11.606	7.7858
11.61	7.7747
11.6175	7.7881
11.6416	7.7814
11.6431	7.7799
11.6512	7.7746
11.6709	7.7727
11.6713	7.7684
11.6773	7.7654
11.6831	7.7708
11.699	7.768
11.6998	7.7558
11.7064	7.762
11.7108	7.7467
11.7097	7.7346
11.718	7.7276
11.7176	7.7165
11.7161	7.7244
11.7179	7.7058
11.7179	7.6844
11.723	7.6786
11.7129	7.6924
11.7181	7.6905
11.7099	7.6596
11.7154	7.6575
11.6991	7.6643
11.7057	7.6503
11.7011	7.6459
11.6891	7.6344
11.6907	7.6309
11.6861	7.6284
11.6861	7.6284
11.6827	7.6232
11.6815	7.621
11.68	7.619
11.6828	7.6167
11.6906	7.6116
11.6855	7.6123
11.7019	7.6016
11.7024	7.5981
11.7044	7.5919
11.7186	7.5887
11.7248	7.5869
11.7497	7.588
11.7532	7.5881
11.7599	7.5895
11.7677	7.5862
11.7793	7.5872
11.7935	7.5819
11.8043	7.5816
11.8066	7.5804
11.7947	7.589
11.8007	7.571
11.8257	7.5746
11.8293	7.5714
11.8507	7.5771
11.8397	7.5482
11.8651	7.5474
11.8698	7.5331
11.8845	7.5401
11.8965	7.5276
11.8987	7.5171
11.8992	7.5128
11.919	7.4951
11.9188	7.486
11.9383	7.4685
11.9292	7.4524
11.9606	7.4468
11.9701	7.4164
11.9745	7.4001
11.9997	7.3784
12.0003	7.3753
12.0108	7.3679
12.0536	7.3455
12.0527	7.3371
12.0659	7.3308
12.084	7.3305
12.0907	7.316
12.1337	7.3121
12.1279	7.3049
12.1561	7.3062
12.176	7.2892
12.1909	7.2882
12.243	7.2945
12.2554	7.2912
12.2909	7.2917
12.3167	7.2905
12.3539	7.288
12.4126	7.2842
12.4339	7.2913
12.4701	7.2999
12.5066	7.2986
12.5352	7.304
12.5954	7.3109
12.6226	7.3292
12.6436	7.3294
12.6834	7.3302
12.7062	7.3344
12.7616	7.328
12.7791	7.3313
12.8167	7.328
12.8439	7.3268
12.8614	7.3183
12.9255	7.32
12.9484	7.3208
12.9802	7.3186
13.0011	7.3121
13.0333	7.3371
13.0985	7.3313
