7.90272    4.28159
7.92335    4.28159
7.90272    4.28159
7.94398    4.28159
7.96462    4.28159
7.96462    4.28159
8.00589    4.30046
8.02652    4.28159
8.06779    4.31932
8.08842    4.31932
8.08842    4.33818
8.15032    4.33818
8.19159    4.35704
8.23286    4.39476
8.25349    4.41363
8.27412    4.41363
8.33603    4.45135
8.35666    4.47021
8.41856    4.50793
8.43919    4.5268
8.48046    4.5268
8.54236    4.54566
8.563    4.56452
8.60426    4.56452
8.64553    4.58338
8.6868    4.60224
8.7487    4.60224
8.78997    4.6211
8.8106    4.6211
8.8725    4.63996
8.89314    4.6211
8.99631    4.65883
9.01694    4.65883
9.09947    4.67769
9.14074    4.67769
9.18201    4.69655
9.24391    4.75313
9.26454    4.75313
9.32644    4.772
9.34708    4.80972
9.40898    4.82858
9.45025    4.82858
9.49151    4.84744
9.53278    4.88517
9.57405    4.90403
9.61532    4.92289
9.67722    4.97947
9.75975    4.99834
9.78039    5.0172
9.78039    5.0172
9.84229    5.03606
9.92482    5.09264
9.96609    5.09264
10.0074    5.11151
10.0486    5.13037
10.0693    5.14923
10.1312    5.18695
10.1931    5.20581
10.2137    5.18695
10.2756    5.22468
10.2962    5.24354
10.3994    5.24354
10.42    5.2624
10.4613    5.30012
10.5026    5.33785
10.5232    5.35671
10.5645    5.37557
10.6057    5.41329
10.6264    5.43215
10.6676    5.43215
10.7089    5.46988
10.7502    5.5076
10.7914    5.54532
10.8121    5.56419
10.8121    5.60191
10.8327    5.62077
10.8946    5.63963
10.8946    5.69622
10.9359    5.69622
10.9565    5.71508
10.9771    5.7528
11.0184    5.79053
11.039    5.80939
11.1009    5.80939
11.1009    5.82825
11.1216    5.84711
11.1835    5.86597
11.2247    5.9037
11.2454    5.9037
11.2866    5.9037
11.3279    5.92256
11.3692    5.94142
11.4105    5.97914
11.4311    5.97914
11.4517    5.998
11.493    5.998
11.5549    6.05459
11.5343    6.07345
11.5755    6.07345
11.5962    6.09231
11.5755    6.13004
11.6374    6.1489
11.6168    6.16776
11.6787    6.20548
11.6581    6.22434
11.6787    6.2432
11.6787    6.29979
11.6787    6.31865
11.6993    6.35637
11.6993    6.37524
11.72    6.3941
11.72    6.45068
11.7406    6.48841
11.7612    6.50727
11.7612    6.54499
11.7612    6.56385
11.8025    6.58271
11.8231    6.62044
11.8644    6.6393
11.885    6.6393
11.885    6.65816
11.9263    6.69588
11.9676    6.71475
11.9882    6.69588
12.0295    6.71475
12.0501    6.71475
12.0914    6.73361
12.112    6.75247
12.1739    6.75247
12.1945    6.77133
12.2358    6.79019
12.2771    6.77133
12.339    6.80905
12.3802    6.80905
12.3802    6.80905
12.4215    6.80905
12.4834    6.82792
12.5659    6.80905
