6.27265    6.50727
6.27265    6.50727
6.27265    6.50727
6.27265    6.50727
6.29329    6.50727
6.29329    6.48841
6.31392    6.48841
6.29329    6.46954
6.31392    6.48841
6.31392    6.45068
6.31392    6.45068
6.33455    6.41296
6.35519    6.3941
6.35519    6.3941
6.35519    6.3941
6.37582    6.37524
6.41709    6.33751
6.43772    6.31865
6.43772    6.33751
6.45836    6.31865
6.49962    6.33751
6.54089    6.31865
6.56153    6.31865
6.56153    6.33751
6.58216    6.31865
6.64406    6.33751
6.66469    6.33751
6.7266    6.35637
6.7266    6.37524
6.76786    6.37524
6.7885    6.37524
6.87103    6.3941
6.89166    6.41296
6.9123    6.3941
6.95357    6.41296
6.9742    6.3941
7.01547    6.3941
7.0361    6.3941
7.07737    6.37524
7.11864    6.35637
7.1599    6.35637
7.20117    6.31865
7.24244    6.29979
7.26307    6.28093
7.28371    6.28093
7.32497    6.28093
7.38687    6.26207
7.40751    6.22434
7.42814    6.20548
7.44878    6.20548
7.51068    6.20548
7.55194    6.20548
7.59321    6.20548
7.61385    6.20548
7.67575    6.20548
7.69638    6.20548
7.77892    6.22434
7.79955    6.20548
7.82018    6.22434
7.88208    6.22434
7.88208    6.2432
7.94398    6.2432
7.98525    6.26207
8.02652    6.2432
8.04715    6.26207
8.04715    6.2432
8.08842    6.2432
8.10905    6.2432
8.15032    6.22434
8.17096    6.20548
8.19159    6.22434
8.23286    6.18662
8.27412    6.18662
8.29476    6.16776
8.29476    6.16776
8.31539    6.1489
8.37729    6.11117
8.37729    6.13004
8.41856    6.1489
8.43919    6.13004
8.45983    6.13004
8.5011    6.13004
8.52173    6.13004
8.58363    6.13004
8.60426    6.13004
8.64553    6.1489
8.6868    6.1489
8.72807    6.1489
8.7487    6.16776
8.7487    6.16776
8.78997    6.18662
8.83124    6.16776
8.85187    6.18662
8.89314    6.1489
8.9344    6.16776
8.95504    6.16776
8.99631    6.16776
9.01694    6.16776
9.05821    6.1489
9.09947    6.13004
9.12011    6.13004
9.16137    6.11117
9.18201    6.09231
9.24391    6.11117
9.24391    6.09231
9.26454    6.09231
9.32644    6.09231
9.34708    6.09231
9.38835    6.09231
9.38835    6.09231
9.42961    6.09231
9.47088    6.11117
9.51215    6.13004
9.53278    6.13004
9.53278    6.1489
9.55342    6.1489
9.63595    6.16776
9.63595    6.18662
9.67722    6.18662
9.69785    6.18662
9.69785    6.20548
9.73912    6.22434
9.78039    6.20548
9.80102    6.22434
9.82165    6.18662
9.84229    6.18662
9.90419    6.16776
9.90419    6.18662
9.94546    6.16776
9.96609    6.16776
10.0074    6.16776
10.0486    6.13004
10.0899    6.13004
10.1312    6.13004
10.1312    6.11117
10.1518    6.11117
10.1724    6.09231
10.2343    6.11117
10.2343    6.09231
10.2343    6.11117
10.255    6.09231
10.3375    6.13004
10.3581    6.1489
10.3375    6.13004
10.3788    6.1489
10.42    6.16776
10.4613    6.18662
10.4613    6.16776
10.4819    6.20548
10.4819    6.22434
10.4819    6.18662
10.5232    6.20548
10.5232    6.22434
10.5438    6.22434
10.5645    6.22434
10.5851    6.22434
10.6264    6.18662
10.6264    6.18662
10.6264    6.18662
10.647    6.18662
10.6676    6.20548
10.6883    6.18662
10.6883    6.16776
10.6883    6.16776
10.6883    6.16776
10.7089    6.18662
10.7502    6.16776
10.7502    6.18662
10.7502    6.16776
10.7708    6.18662
10.7708    6.18662
10.7708    6.20548
10.7708    6.22434
10.7708    6.22434
10.7708    6.22434
10.7914    6.2432
10.8121    6.26207
10.8121    6.26207
10.8121    6.28093
10.8121    6.29979
10.8327    6.28093
10.8533    6.29979
10.8327    6.28093
10.8533    6.28093
10.8533    6.28093
10.8533    6.28093
10.8533    6.26207
10.8533    6.2432
10.874    6.26207
10.874    6.22434
10.8946    6.22434
10.8946    6.20548
10.8946    6.20548
10.9152    6.20548
10.9359    6.20548
10.9359    6.18662
10.9565    6.18662
10.9565    6.18662
10.9771    6.18662
10.9565    6.18662
10.9771    6.18662
10.9771    6.20548
10.9771    6.22434
10.9978    6.22434
11.0184    6.2432
10.9978    6.26207
11.0184    6.28093
11.0184    6.31865
11.0184    6.33751
11.0184    6.31865
11.0184    6.35637
11.0184    6.37524
11.039    6.37524
11.0597    6.37524
11.0597    6.37524
11.0803    6.3941
11.1216    6.41296
11.1422    6.3941
11.1216    6.41296
11.1422    6.3941
11.1628    6.41296
11.2041    6.3941
11.2247    6.41296
11.2247    6.3941
11.2454    6.41296
11.266    6.41296
11.266    6.41296
11.266    6.43182
11.2866    6.45068
11.3073    6.43182
11.2866    6.45068
11.3073    6.45068
11.2866    6.46954
11.3073    6.50727
11.3073    6.52613
11.3073    6.52613
11.2866    6.54499
11.3073    6.58271
11.3073    6.60158
11.2866    6.60158
11.2866    6.60158
11.3073    6.6393
11.2866    6.62044
11.3073    6.6393
11.2866    6.62044
11.3279    6.65816
11.3279    6.6393
11.3485    6.6393
11.3485    6.62044
11.3692    6.6393
11.4105    6.62044
11.4105    6.62044
11.4311    6.60158
11.4105    6.60158
11.4517    6.60158
11.4724    6.60158
11.4517    6.58271
11.4724    6.62044
11.4724    6.62044
11.4724    6.62044
11.4517    6.62044
11.493    6.6393
11.493    6.62044
11.493    6.65816
11.493    6.67702
11.4724    6.65816
11.4724    6.69588
11.4724    6.71475
11.4724    6.71475
11.4724    6.73361
11.493    6.77133
11.5136    6.77133
11.5136    6.79019
11.5136    6.77133
11.5136    6.79019
11.5136    6.77133
11.5343    6.79019
11.5549    6.79019
11.5549    6.79019
11.5755    6.79019
11.5962    6.79019
11.6168    6.77133
11.6374    6.79019
11.6581    6.77133
11.6787    6.79019
11.6787    6.77133
11.72    6.79019
11.72    6.75247
11.7612    6.77133
11.7612    6.79019
11.7819    6.77133
11.8438    6.80905
11.8438    6.80905
11.8644    6.82792
11.9057    6.82792
11.9263    6.84678
11.9469    6.8845
11.9676    6.90336
11.9882    6.90336
12.0088    6.92222
12.0088    6.94109
12.0501    6.95995
12.0707    6.97881
12.112    6.97881
12.1326    6.97881
12.112    6.97881
12.1533    6.97881
12.1945    6.97881
12.2358    6.97881
12.2358    6.97881
12.2564    6.97881
12.3183    6.95995
12.3596    6.97881
12.3596    6.94109
12.3802    6.92222
12.4215    6.94109
12.4834    6.92222
12.504    6.92222
12.5247    6.94109
12.5866    6.92222
12.5866    6.94109
12.6485    6.94109
