7.01547    6.29979
7.0361    6.28093
7.0361    6.28093
7.05673    6.26207
7.05673    6.26207
7.0361    6.26207
7.098    6.26207
7.07737    6.26207
7.11864    6.26207
7.13927    6.26207
7.13927    6.26207
7.1599    6.26207
7.20117    6.26207
7.24244    6.28093
7.26307    6.28093
7.26307    6.28093
7.28371    6.29979
7.32497    6.29979
7.36624    6.31865
7.38687    6.31865
7.38687    6.31865
7.42814    6.31865
7.44878    6.31865
7.46941    6.31865
7.49004    6.31865
7.53131    6.31865
7.57258    6.29979
7.61385    6.28093
7.63448    6.26207
7.65511    6.26207
7.69638    6.2432
7.75828    6.20548
7.77892    6.18662
7.84082    6.18662
7.84082    6.16776
7.86145    6.1489
7.94398    6.1489
7.98525    6.1489
8.00589    6.13004
8.02652    6.1489
8.06779    6.13004
8.12969    6.13004
8.15032    6.13004
8.19159    6.13004
8.23286    6.13004
8.27412    6.13004
8.33603    6.1489
8.35666    6.1489
8.37729    6.13004
8.39793    6.13004
8.45983    6.1489
8.5011    6.1489
8.52173    6.13004
8.563    6.13004
8.58363    6.11117
8.60426    6.11117
8.6868    6.09231
8.70743    6.09231
8.70743    6.05459
8.7487    6.05459
8.7487    6.05459
8.8106    6.01687
8.85187    5.998
8.89314    5.97914
8.91377    5.97914
8.91377    5.96028
8.97567    5.96028
9.01694    5.94142
9.05821    5.94142
9.07884    5.92256
9.09947    5.92256
9.16137    5.92256
9.20264    5.92256
9.22328    5.92256
9.28518    5.92256
9.30581    5.92256
9.36771    5.92256
9.38835    5.94142
9.45025    5.94142
9.47088    5.94142
9.49151    5.94142
9.55342    5.94142
9.59468    5.94142
9.63595    5.94142
9.65658    5.94142
9.67722    5.92256
9.71849    5.92256
9.78039    5.92256
9.78039    5.9037
9.80102    5.9037
9.86292    5.88483
9.90419    5.86597
9.94546    5.86597
9.96609    5.84711
10.028    5.84711
10.028    5.82825
10.1105    5.82825
10.1105    5.82825
10.1312    5.80939
10.1931    5.80939
10.1931    5.80939
10.255    5.80939
10.2962    5.80939
10.3375    5.82825
10.3581    5.82825
10.3581    5.84711
10.3994    5.84711
10.4407    5.86597
10.4613    5.86597
10.5026    5.86597
10.5438    5.88483
10.5851    5.9037
10.6057    5.92256
10.6057    5.9037
10.6264    5.9037
10.6676    5.92256
10.7295    5.92256
10.7089    5.9037
10.7502    5.92256
10.7914    5.9037
10.8121    5.92256
10.8533    5.9037
10.874    5.9037
10.9152    5.9037
10.9359    5.88483
10.9359    5.88483
10.9771    5.9037
10.9978    5.9037
11.0597    5.92256
11.0803    5.92256
11.1009    5.92256
11.1216    5.94142
11.1628    5.96028
11.2041    5.96028
11.2041    5.96028
11.2041    5.97914
11.2247    5.998
11.2454    6.01687
11.266    6.03573
11.266    6.05459
11.2866    6.07345
11.3279    6.09231
11.3485    6.11117
11.3279    6.13004
11.3485    6.13004
11.3692    6.1489
11.4105    6.16776
11.4105    6.16776
11.4311    6.18662
11.4517    6.20548
11.4724    6.18662
11.493    6.20548
11.493    6.20548
11.5136    6.22434
11.5136    6.22434
11.5343    6.22434
11.5755    6.22434
11.5755    6.2432
11.5755    6.26207
11.5962    6.28093
11.6168    6.29979
11.6374    6.31865
11.6168    6.33751
11.6374    6.35637
11.6374    6.37524
11.6374    6.3941
11.6787    6.41296
11.6787    6.43182
11.6787    6.45068
11.6993    6.45068
11.7406    6.48841
11.7612    6.48841
11.7612    6.48841
11.7819    6.50727
11.8025    6.48841
11.8231    6.50727
11.8644    6.48841
11.885    6.48841
11.885    6.50727
11.9057    6.50727
11.9469    6.52613
11.9676    6.52613
11.9676    6.52613
11.9882    6.52613
12.0088    6.52613
12.0088    6.52613
12.0088    6.52613
12.0295    6.54499
12.0707    6.54499
12.0707    6.52613
12.0914    6.52613
12.112    6.54499
12.1326    6.52613
12.1533    6.54499
12.1739    6.52613
12.1739    6.52613
12.2152    6.54499
12.2358    6.54499
12.2771    6.56385
12.2771    6.56385
12.2771    6.56385
12.339    6.60158
12.339    6.60158
12.3596    6.60158
12.3802    6.62044
12.3802    6.62044
12.4215    6.65816
12.4421    6.65816
12.4834    6.67702
12.504    6.67702
12.504    6.69588
12.5453    6.69588
12.5659    6.69588
12.6072    6.69588
12.6278    6.69588
12.6485    6.69588
12.7104    6.67702
12.7104    6.65816
12.731    6.6393
12.7516    6.62044
12.7723    6.62044
12.8135    6.58271
12.8342    6.58271
