7.1599    6.8845
7.1599    6.8845
7.1599    6.8845
7.1599    6.8845
7.18054    6.8845
7.1599    6.86564
7.20117    6.86564
7.20117    6.86564
7.2218    6.86564
7.20117    6.86564
7.24244    6.86564
7.28371    6.84678
7.30434    6.84678
7.30434    6.82792
7.32497    6.82792
7.36624    6.80905
7.42814    6.79019
7.44878    6.77133
7.51068    6.77133
7.53131    6.75247
7.57258    6.73361
7.63448    6.71475
7.65511    6.69588
7.69638    6.67702
7.73765    6.65816
7.77892    6.65816
7.82018    6.6393
7.86145    6.62044
7.88208    6.60158
7.90272    6.60158
7.94398    6.58271
8.02652    6.56385
8.04715    6.54499
8.08842    6.54499
8.12969    6.54499
8.15032    6.52613
8.25349    6.52613
8.27412    6.50727
8.33603    6.50727
8.35666    6.50727
8.41856    6.50727
8.48046    6.46954
8.52173    6.46954
8.563    6.45068
8.60426    6.43182
8.64553    6.43182
8.70743    6.41296
8.7487    6.3941
8.76933    6.37524
8.8106    6.35637
8.8725    6.35637
8.9344    6.33751
8.97567    6.33751
9.01694    6.31865
9.05821    6.31865
9.07884    6.31865
9.14074    6.29979
9.18201    6.29979
9.22328    6.29979
9.26454    6.29979
9.28518    6.29979
9.34708    6.29979
9.40898    6.31865
9.42961    6.29979
9.49151    6.31865
9.49151    6.29979
9.55342    6.29979
9.59468    6.29979
9.63595    6.28093
9.65658    6.28093
9.67722    6.28093
9.73912    6.26207
9.78039    6.26207
9.80102    6.2432
9.84229    6.2432
9.88356    6.22434
9.94546    6.20548
9.94546    6.22434
9.98672    6.20548
10.028    6.20548
10.0486    6.20548
10.1312    6.20548
10.1724    6.20548
10.1931    6.18662
10.2137    6.20548
10.255    6.18662
10.2962    6.18662
10.3581    6.20548
10.3581    6.20548
10.3788    6.20548
10.4407    6.22434
10.4613    6.22434
10.5026    6.2432
10.5026    6.22434
10.5438    6.2432
10.5645    6.2432
10.5851    6.26207
10.6057    6.26207
10.6057    6.26207
10.6264    6.26207
10.647    6.26207
10.6676    6.26207
10.6883    6.26207
10.7089    6.28093
10.7295    6.26207
10.7295    6.28093
10.7502    6.28093
10.7914    6.28093
10.8121    6.28093
10.8121    6.28093
10.8327    6.29979
10.874    6.29979
10.8946    6.33751
10.8946    6.31865
10.9152    6.33751
10.9359    6.35637
10.9771    6.35637
10.9771    6.35637
10.9978    6.37524
11.039    6.37524
11.039    6.3941
11.0803    6.3941
11.1009    6.3941
11.1009    6.3941
11.1009    6.3941
11.1009    6.3941
11.1422    6.41296
11.1422    6.41296
11.1835    6.43182
11.1835    6.43182
11.1835    6.45068
11.2041    6.46954
11.2454    6.48841
11.266    6.50727
11.2247    6.52613
11.2247    6.54499
11.2454    6.56385
11.2866    6.58271
11.2866    6.60158
11.2866    6.62044
11.2866    6.62044
11.3279    6.6393
11.3485    6.65816
11.3279    6.67702
11.3692    6.67702
11.3898    6.69588
11.4105    6.69588
11.4311    6.69588
11.4311    6.71475
11.4311    6.71475
11.4517    6.71475
11.493    6.71475
11.493    6.73361
11.5136    6.73361
11.5136    6.75247
11.5343    6.75247
11.5755    6.75247
11.5962    6.75247
11.5755    6.75247
11.6168    6.77133
11.6581    6.79019
11.6787    6.79019
11.6581    6.79019
11.6787    6.80905
11.6787    6.80905
11.6993    6.82792
11.7612    6.84678
11.7612    6.84678
11.7612    6.84678
11.7819    6.84678
11.8231    6.86564
11.8438    6.86564
11.8644    6.86564
11.885    6.86564
11.9057    6.84678
11.9469    6.84678
11.9676    6.84678
11.9882    6.84678
12.0295    6.84678
12.0501    6.84678
12.0501    6.82792
12.0914    6.82792
12.1326    6.82792
12.1533    6.80905
12.1945    6.80905
12.2152    6.80905
12.2564    6.80905
12.2771    6.80905
12.3183    6.80905
12.339    6.79019
12.3596    6.80905
12.4215    6.80905
12.4421    6.79019
12.4834    6.79019
12.5247    6.77133
12.5453    6.75247
12.5866    6.75247
12.6072    6.73361
12.6485    6.73361
12.6897    6.69588
12.6897    6.67702
12.7723    6.65816
12.7929    6.6393
12.8135    6.62044
