7.32497    7.5258
7.34561    7.5258
7.32497    7.50694
7.34561    7.48807
7.36624    7.50694
7.36624    7.46921
7.40751    7.45035
7.42814    7.45035
7.42814    7.45035
7.44878    7.43149
7.46941    7.39377
7.49004    7.35604
7.53131    7.33718
7.57258    7.31832
7.59321    7.29946
7.59321    7.2806
7.63448    7.24287
7.65511    7.22401
7.71701    7.24287
7.73765    7.22401
7.75828    7.24287
7.79955    7.22401
7.84082    7.24287
7.84082    7.24287
7.88208    7.24287
7.92335    7.26173
7.96462    7.31832
8.00589    7.31832
8.02652    7.33718
8.08842    7.35604
8.08842    7.35604
8.15032    7.35604
8.19159    7.3749
8.23286    7.39377
8.27412    7.3749
8.29476    7.3749
8.33603    7.3749
8.35666    7.3749
8.41856    7.35604
8.43919    7.33718
8.5011    7.33718
8.54236    7.31832
8.58363    7.29946
8.6249    7.29946
8.64553    7.31832
8.70743    7.31832
8.7487    7.31832
8.78997    7.33718
8.8106    7.35604
8.85187    7.33718
8.89314    7.3749
8.95504    7.41263
8.97567    7.43149
9.01694    7.45035
9.05821    7.46921
9.07884    7.48807
9.14074    7.54466
9.16137    7.54466
9.18201    7.54466
9.24391    7.56352
9.24391    7.58238
9.32644    7.58238
9.34708    7.58238
9.38835    7.58238
9.45025    7.58238
9.45025    7.56352
9.51215    7.58238
9.57405    7.56352
9.59468    7.56352
9.63595    7.54466
9.67722    7.54466
9.71849    7.56352
9.75975    7.60124
9.78039    7.60124
9.78039    7.60124
9.80102    7.60124
9.88356    7.62011
9.90419    7.63897
9.92482    7.65783
9.96609    7.65783
9.96609    7.67669
10.028    7.71441
10.0486    7.73327
10.1105    7.73327
10.1312    7.75214
10.1724    7.78986
10.2137    7.78986
10.255    7.80872
10.2756    7.80872
10.2756    7.78986
10.3169    7.82758
10.3581    7.80872
10.3994    7.78986
10.3994    7.771
10.42    7.75214
10.4613    7.75214
10.5232    7.73327
10.5232    7.69555
10.5438    7.67669
10.6057    7.67669
10.6057    7.67669
10.6264    7.65783
10.6676    7.63897
10.7089    7.65783
10.7089    7.63897
10.7295    7.65783
10.7502    7.63897
10.7914    7.65783
10.8327    7.63897
10.8327    7.65783
10.874    7.63897
10.9152    7.67669
10.9359    7.69555
10.9359    7.67669
10.9565    7.69555
10.9978    7.69555
11.039    7.69555
11.039    7.67669
11.0597    7.69555
11.0597    7.67669
11.0803    7.69555
11.1009    7.65783
11.1216    7.65783
11.1422    7.62011
11.1216    7.60124
11.1422    7.60124
11.1422    7.56352
11.1422    7.54466
11.1628    7.50694
11.1835    7.48807
11.1835    7.48807
11.1835    7.45035
11.2041    7.45035
11.266    7.45035
11.2454    7.43149
11.266    7.41263
11.266    7.41263
11.3073    7.41263
11.3279    7.41263
11.3279    7.41263
11.3485    7.43149
11.4105    7.43149
11.4105    7.41263
11.4105    7.43149
11.4311    7.41263
11.4311    7.43149
11.4724    7.41263
11.4724    7.41263
11.4724    7.41263
11.493    7.41263
11.5343    7.41263
11.5755    7.39377
11.5549    7.35604
11.5549    7.35604
11.5755    7.33718
11.6168    7.33718
11.6581    7.2806
11.6581    7.22401
11.6581    7.22401
11.6993    7.22401
11.7406    7.20515
11.7612    7.16743
11.7612    7.14856
11.7819    7.16743
11.8025    7.14856
11.8231    7.16743
11.885    7.14856
11.8644    7.14856
11.9057    7.14856
11.9263    7.14856
11.9676    7.16743
11.9882    7.16743
12.0295    7.16743
12.0501    7.18629
12.0707    7.20515
12.112    7.20515
12.1533    7.20515
12.1739    7.20515
12.1945    7.20515
12.2358    7.20515
12.2564    7.18629
12.2977    7.18629
12.339    7.18629
12.3596    7.16743
12.4215    7.14856
12.4421    7.14856
12.504    7.11084
12.5247    7.11084
12.5659    7.11084
12.5866    7.09198
12.6072    7.09198
12.6897    7.11084
12.7104    7.11084
12.731    7.1297
12.7929    7.11084
