6.10758    7.11084
6.10758    7.11084
6.10758    7.11084
6.10758    7.1297
6.12822    7.1297
6.14885    7.1297
6.14885    7.1297
6.16948    7.1297
6.19012    7.1297
6.19012    7.1297
6.21075    7.1297
6.27265    7.11084
6.27265    7.11084
6.31392    7.09198
6.33455    7.09198
6.37582    7.07312
6.43772    7.05426
6.45836    7.03539
6.52026    7.01653
6.56153    7.01653
6.58216    6.99767
6.68533    6.97881
6.70596    6.95995
6.74723    6.94109
6.7885    6.94109
6.82976    6.94109
6.89166    6.94109
6.9123    6.94109
6.95357    6.92222
6.99483    6.92222
7.0361    6.92222
7.11864    6.92222
7.13927    6.94109
7.18054    6.94109
7.2218    6.95995
7.26307    6.95995
7.36624    6.97881
7.42814    6.97881
7.46941    6.99767
7.51068    7.01653
7.55194    7.01653
7.63448    7.01653
7.65511    7.03539
7.71701    7.03539
7.73765    7.03539
7.79955    7.03539
7.84082    7.03539
7.90272    7.03539
7.94398    6.99767
7.98525    6.99767
8.02652    6.97881
8.12969    6.95995
8.15032    6.94109
8.21222    6.92222
8.25349    6.90336
8.29476    6.8845
8.39793    6.86564
8.43919    6.84678
8.48046    6.82792
8.54236    6.82792
8.54236    6.82792
8.64553    6.80905
8.70743    6.80905
8.7487    6.79019
8.78997    6.79019
8.83124    6.77133
8.91377    6.75247
8.97567    6.75247
9.03757    6.73361
9.05821    6.71475
9.12011    6.71475
9.16137    6.69588
9.20264    6.69588
9.24391    6.67702
9.26454    6.65816
9.30581    6.6393
9.36771    6.60158
9.36771    6.60158
9.40898    6.58271
9.42961    6.54499
9.45025    6.52613
9.49151    6.48841
9.51215    6.45068
9.55342    6.43182
9.57405    6.43182
9.57405    6.41296
9.61532    6.37524
9.65658    6.35637
9.67722    6.35637
9.69785    6.31865
9.73912    6.31865
9.78039    6.29979
9.80102    6.29979
9.82165    6.28093
9.86292    6.28093
9.88356    6.28093
9.96609    6.28093
9.96609    6.28093
9.98672    6.26207
10.0074    6.26207
10.0486    6.26207
10.0899    6.22434
10.1105    6.22434
10.1312    6.22434
10.1518    6.20548
10.1724    6.20548
10.2137    6.16776
10.255    6.16776
10.2756    6.1489
10.2756    6.1489
10.2962    6.1489
10.3581    6.13004
10.3788    6.1489
10.3994    6.13004
10.3994    6.13004
10.42    6.13004
10.5026    6.13004
10.5026    6.13004
10.5232    6.1489
10.5438    6.1489
10.5851    6.16776
10.6264    6.16776
10.6676    6.18662
10.6883    6.18662
10.6676    6.18662
10.7089    6.18662
10.7502    6.18662
10.7708    6.18662
10.7914    6.18662
10.8327    6.18662
10.8327    6.18662
10.8533    6.18662
10.874    6.18662
10.9152    6.18662
10.9152    6.18662
10.9359    6.18662
10.9359    6.18662
10.9771    6.20548
10.9771    6.20548
10.9771    6.20548
10.9978    6.22434
11.0597    6.2432
11.0597    6.26207
11.039    6.26207
11.0803    6.28093
11.1009    6.29979
11.1216    6.31865
11.1216    6.29979
11.1422    6.33751
11.1422    6.33751
11.1628    6.33751
11.2041    6.35637
11.2041    6.35637
11.2247    6.37524
11.2247    6.3941
11.2454    6.3941
11.2866    6.3941
11.2866    6.3941
11.2866    6.41296
11.3073    6.43182
11.3279    6.46954
11.3485    6.48841
11.3279    6.50727
11.3485    6.52613
11.3485    6.54499
11.3485    6.56385
11.3898    6.62044
11.3898    6.6393
11.3898    6.67702
11.3898    6.69588
11.4311    6.73361
11.4311    6.77133
11.4517    6.79019
11.4724    6.80905
11.4724    6.82792
11.4724    6.82792
11.4724    6.84678
11.493    6.84678
11.5136    6.86564
11.5136    6.86564
11.5136    6.86564
11.5343    6.86564
11.5549    6.86564
11.5549    6.86564
11.5755    6.86564
11.5962    6.86564
11.5755    6.84678
11.5962    6.84678
11.6168    6.84678
11.6168    6.82792
11.6374    6.82792
11.6374    6.82792
11.6374    6.82792
11.6374    6.82792
11.6581    6.82792
11.6787    6.80905
11.6787    6.82792
11.6787    6.82792
11.6993    6.82792
11.72    6.82792
11.6993    6.82792
11.7612    6.84678
11.7406    6.84678
11.7819    6.86564
11.7819    6.86564
11.8025    6.86564
11.8025    6.8845
11.8231    6.8845
11.8438    6.8845
11.8438    6.8845
11.8644    6.8845
11.885    6.90336
11.9057    6.90336
11.9263    6.8845
11.9263    6.90336
11.9469    6.90336
11.9882    6.90336
12.0088    6.90336
11.9882    6.90336
12.0088    6.90336
12.0295    6.90336
12.0501    6.92222
12.0501    6.92222
12.0501    6.92222
12.0707    6.94109
12.0914    6.94109
12.112    6.94109
12.1326    6.94109
12.1533    6.95995
12.1945    6.94109
12.2152    6.94109
12.2358    6.92222
12.2771    6.92222
12.3183    6.92222
12.3596    6.92222
12.3802    6.92222
12.4009    6.90336
12.4628    6.90336
12.4834    6.90336
12.504    6.8845
12.5247    6.8845
12.6072    6.90336
12.6691    6.8845
12.6897    6.90336
12.731    6.90336
12.7723    6.90336
12.8548    6.92222
12.9167    6.94109
