6.52026    7.69555
6.54089    7.69555
6.56153    7.69555
6.54089    7.69555
6.58216    7.69555
6.58216    7.69555
6.62343    7.69555
6.62343    7.69555
6.64406    7.69555
6.64406    7.67669
6.66469    7.69555
6.70596    7.67669
6.7266    7.67669
6.7266    7.67669
6.74723    7.67669
6.7885    7.65783
6.82976    7.63897
6.8504    7.63897
6.8504    7.63897
6.89166    7.63897
6.89166    7.63897
6.95357    7.65783
6.99483    7.63897
6.99483    7.65783
7.0361    7.65783
7.07737    7.65783
7.098    7.67669
7.11864    7.71441
7.13927    7.71441
7.1599    7.73327
7.18054    7.71441
7.2218    7.75214
7.24244    7.75214
7.30434    7.771
7.32497    7.75214
7.36624    7.75214
7.42814    7.771
7.44878    7.73327
7.49004    7.73327
7.53131    7.73327
7.57258    7.73327
7.63448    7.71441
7.65511    7.73327
7.71701    7.71441
7.73765    7.71441
7.79955    7.73327
7.84082    7.71441
7.90272    7.73327
7.94398    7.69555
7.96462    7.69555
8.00589    7.69555
8.08842    7.69555
8.10905    7.69555
8.17096    7.69555
8.19159    7.69555
8.23286    7.71441
8.31539    7.75214
8.33603    7.75214
8.35666    7.75214
8.41856    7.75214
8.41856    7.771
8.5011    7.771
8.52173    7.771
8.58363    7.771
8.60426    7.78986
8.64553    7.78986
8.70743    7.80872
8.7487    7.78986
8.78997    7.80872
8.8106    7.78986
8.8725    7.80872
8.91377    7.80872
8.95504    7.82758
8.97567    7.84644
9.01694    7.82758
9.05821    7.84644
9.12011    7.82758
9.12011    7.86531
9.16137    7.88417
9.20264    7.86531
9.20264    7.88417
9.26454    7.88417
9.30581    7.88417
9.34708    7.90303
9.34708    7.92189
9.36771    7.90303
9.38835    7.92189
9.45025    7.92189
9.45025    7.92189
9.47088    7.90303
9.53278    7.94075
9.55342    7.92189
9.59468    7.90303
9.59468    7.90303
9.63595    7.92189
9.65658    7.88417
9.69785    7.90303
9.69785    7.92189
9.73912    7.90303
9.78039    7.92189
9.78039    7.90303
9.82165    7.92189
9.84229    7.92189
9.90419    7.94075
9.90419    7.95961
9.92482    7.95961
9.96609    7.95961
10.0074    7.95961
10.028    7.97848
10.028    7.97848
10.0693    7.97848
10.0899    7.97848
10.1518    7.97848
10.1518    7.97848
10.1724    7.95961
10.1931    7.92189
10.2343    7.90303
10.2343    7.90303
10.255    7.88417
10.3169    7.86531
10.3169    7.88417
10.3375    7.84644
10.3788    7.84644
10.3994    7.82758
10.3788    7.84644
10.42    7.82758
10.4613    7.84644
10.4613    7.82758
10.4819    7.84644
10.4819    7.84644
10.4819    7.84644
10.5026    7.84644
10.5438    7.86531
10.5851    7.88417
10.5645    7.86531
10.5645    7.88417
10.5851    7.88417
10.647    7.88417
10.647    7.88417
10.647    7.86531
10.6676    7.88417
10.7502    7.86531
10.7502    7.86531
10.7295    7.84644
10.7502    7.82758
10.7914    7.82758
10.8327    7.80872
10.8327    7.771
10.8533    7.771
10.8533    7.771
10.874    7.771
10.9152    7.75214
10.8946    7.771
10.8946    7.75214
10.8946    7.771
10.9152    7.75214
10.9771    7.771
10.9565    7.73327
10.9565    7.73327
10.9978    7.75214
11.039    7.771
11.0597    7.73327
11.0184    7.71441
11.0184    7.71441
11.039    7.71441
11.0597    7.71441
11.0597    7.67669
11.0597    7.65783
11.0597    7.63897
11.0597    7.62011
11.0803    7.60124
11.1009    7.58238
11.0803    7.54466
11.1009    7.54466
11.1009    7.5258
11.1009    7.5258
11.1009    7.50694
11.1216    7.48807
11.1422    7.50694
11.1422    7.48807
11.1628    7.50694
11.1835    7.48807
11.1835    7.50694
11.2041    7.48807
11.2247    7.50694
11.2247    7.48807
11.2454    7.48807
11.266    7.50694
11.266    7.46921
11.266    7.45035
11.2866    7.46921
11.3073    7.45035
11.2866    7.43149
11.3073    7.41263
11.3073    7.41263
11.3073    7.3749
11.3279    7.35604
11.3279    7.31832
11.3485    7.29946
11.3279    7.29946
11.3485    7.2806
11.3692    7.26173
11.3898    7.26173
11.3898    7.26173
11.3898    7.26173
11.3898    7.24287
11.4311    7.24287
11.4311    7.24287
11.4517    7.22401
11.4724    7.24287
11.4724    7.22401
11.4724    7.22401
11.493    7.22401
11.5136    7.20515
11.5136    7.18629
11.5136    7.18629
11.5343    7.16743
11.5549    7.1297
11.5343    7.1297
11.5549    7.11084
11.5549    7.11084
11.5755    7.11084
11.5962    7.11084
11.5962    7.09198
11.6168    7.09198
11.6168    7.09198
11.6581    7.09198
11.6581    7.09198
11.6993    7.11084
11.6993    7.11084
11.6993    7.11084
11.6993    7.11084
11.72    7.11084
11.72    7.11084
11.7406    7.11084
11.7612    7.11084
11.7612    7.11084
11.7819    7.11084
11.8231    7.09198
11.8231    7.07312
11.8231    7.07312
11.8644    7.07312
11.885    7.05426
11.885    7.03539
11.8644    7.03539
11.9263    7.05426
11.9469    7.01653
11.9882    7.03539
12.0088    7.03539
12.0295    7.05426
12.0707    7.03539
12.112    7.05426
12.1326    7.03539
12.1326    7.07312
12.1739    7.09198
12.1945    7.09198
12.2358    7.09198
12.2771    7.11084
12.2977    7.1297
12.2977    7.1297
12.2977    7.1297
12.3802    7.1297
12.4009    7.11084
12.4628    7.14856
12.4628    7.14856
12.4834    7.1297
12.5659    7.09198
12.6072    7.09198
12.6485    7.07312
12.6691    7.09198
12.6897    7.07312
12.7723    7.07312
12.8135    7.07312
12.8342    7.05426
12.8342    7.03539
12.8754    7.05426
12.9373    7.03539
