5.88061    7.99734
5.90125    7.99734
5.88061    7.99734
5.90125    7.99734
5.92188    8.0162
5.94251    8.0162
5.96315    8.03506
5.98378    8.03506
5.98378    8.03506
6.00441    8.05392
6.04568    8.05392
6.08695    8.09165
6.12822    8.09165
6.14885    8.11051
6.14885    8.11051
6.16948    8.11051
6.23139    8.14823
6.23139    8.14823
6.25202    8.16709
6.29329    8.16709
6.31392    8.16709
6.33455    8.18595
6.37582    8.16709
6.37582    8.16709
6.41709    8.16709
6.45836    8.16709
6.49962    8.14823
6.54089    8.12937
6.56153    8.11051
6.58216    8.11051
6.62343    8.09165
6.68533    8.07278
6.68533    8.05392
6.7266    8.05392
6.76786    8.03506
6.7885    8.03506
6.87103    8.03506
6.89166    8.0162
6.9123    8.0162
6.9742    8.0162
6.99483    8.03506
7.07737    8.0162
7.098    8.03506
7.11864    8.03506
7.18054    8.03506
7.20117    8.05392
7.28371    8.07278
7.34561    8.07278
7.34561    8.07278
7.36624    8.07278
7.42814    8.09165
7.49004    8.09165
7.53131    8.09165
7.55194    8.09165
7.57258    8.11051
7.61385    8.11051
7.69638    8.11051
7.71701    8.11051
7.73765    8.11051
7.77892    8.11051
7.79955    8.11051
7.86145    8.11051
7.90272    8.11051
7.94398    8.09165
7.98525    8.09165
8.00589    8.09165
8.04715    8.09165
8.08842    8.09165
8.12969    8.09165
8.15032    8.07278
8.19159    8.09165
8.25349    8.09165
8.27412    8.11051
8.31539    8.11051
8.33603    8.09165
8.35666    8.09165
8.43919    8.09165
8.45983    8.11051
8.48046    8.12937
8.54236    8.12937
8.54236    8.12937
8.60426    8.12937
8.64553    8.14823
8.6868    8.14823
8.70743    8.16709
8.70743    8.16709
8.7487    8.14823
8.78997    8.16709
8.8106    8.16709
8.85187    8.14823
8.89314    8.16709
8.91377    8.14823
8.9344    8.14823
8.95504    8.12937
8.95504    8.11051
8.97567    8.11051
9.05821    8.09165
9.05821    8.07278
9.07884    8.07278
9.09947    8.05392
9.14074    8.05392
9.16137    8.0162
9.16137    8.0162
9.20264    8.0162
9.22328    8.0162
9.26454    8.0162
9.28518    8.0162
9.30581    8.0162
9.34708    8.0162
9.36771    8.0162
9.36771    8.0162
9.40898    8.03506
9.42961    8.05392
9.47088    8.07278
9.49151    8.07278
9.49151    8.07278
9.55342    8.09165
9.57405    8.09165
9.57405    8.09165
9.59468    8.09165
9.63595    8.11051
9.67722    8.11051
9.69785    8.11051
9.71849    8.09165
9.71849    8.09165
9.73912    8.09165
9.75975    8.07278
9.80102    8.05392
9.82165    8.05392
9.84229    8.05392
9.86292    8.05392
9.88356    8.0162
9.92482    8.0162
9.96609    8.0162
9.96609    7.99734
9.96609    7.99734
9.98672    7.99734
10.028    7.99734
10.0486    7.99734
10.0693    7.99734
10.0693    7.99734
10.1312    8.0162
10.1312    7.99734
10.1105    8.0162
10.1105    8.0162
10.1312    8.03506
10.1931    8.05392
10.1724    8.05392
10.1931    8.07278
10.1931    8.09165
10.2137    8.09165
10.255    8.09165
10.2343    8.09165
10.2343    8.11051
10.255    8.11051
10.2756    8.09165
10.3169    8.09165
10.2962    8.05392
10.3169    8.07278
10.3169    8.07278
10.3581    8.07278
10.3994    8.03506
10.3994    8.03506
10.3994    8.03506
10.3994    7.99734
10.42    7.99734
10.4819    7.97848
10.4407    7.95961
10.4613    7.94075
10.4819    7.92189
10.5026    7.94075
10.5232    7.90303
10.5232    7.90303
10.5438    7.90303
10.5645    7.90303
10.5645    7.88417
10.5851    7.88417
10.6264    7.88417
10.647    7.88417
10.647    7.88417
10.6676    7.88417
10.6883    7.88417
10.7089    7.90303
10.7502    7.90303
10.7708    7.90303
10.7502    7.90303
10.7914    7.90303
10.7914    7.90303
10.8121    7.90303
10.7914    7.90303
10.8327    7.90303
10.8533    7.90303
10.8327    7.90303
10.8533    7.90303
10.8533    7.90303
10.8533    7.88417
10.874    7.88417
10.8946    7.86531
10.874    7.86531
10.8946    7.84644
10.874    7.82758
10.9152    7.80872
10.9152    7.80872
10.9359    7.78986
10.9152    7.771
10.9359    7.75214
10.9359    7.75214
10.9359    7.73327
10.9359    7.71441
10.9359    7.71441
10.9359    7.71441
10.9359    7.69555
10.9565    7.67669
10.9771    7.65783
10.9771    7.65783
10.9771    7.65783
10.9978    7.63897
11.0184    7.62011
11.0184    7.62011
11.0184    7.62011
11.039    7.60124
11.0803    7.60124
11.0803    7.60124
11.1009    7.58238
11.1009    7.58238
11.1009    7.58238
11.1216    7.56352
11.1422    7.56352
11.1422    7.56352
11.1628    7.54466
11.1628    7.5258
11.1628    7.50694
11.1835    7.50694
11.1628    7.48807
11.2041    7.48807
11.2041    7.46921
11.2041    7.43149
11.2247    7.41263
11.2041    7.39377
11.2041    7.3749
11.2041    7.35604
11.2247    7.33718
11.2041    7.29946
11.2247    7.29946
11.2041    7.2806
11.2454    7.2806
11.2454    7.24287
11.266    7.24287
11.2454    7.24287
11.2866    7.24287
11.3073    7.24287
11.2866    7.24287
11.3279    7.22401
11.3279    7.22401
11.3485    7.24287
11.3692    7.26173
11.3898    7.26173
11.3898    7.26173
11.4105    7.26173
11.4517    7.2806
11.4517    7.29946
11.493    7.31832
11.5136    7.31832
11.5343    7.33718
11.5549    7.35604
11.5343    7.33718
11.5962    7.33718
11.5962    7.35604
11.6168    7.35604
11.6374    7.35604
11.6581    7.3749
11.6993    7.35604
11.72    7.35604
11.72    7.35604
11.7406    7.35604
11.7819    7.33718
11.8231    7.31832
11.8438    7.31832
11.8438    7.31832
11.8644    7.31832
11.9057    7.31832
11.9469    7.29946
11.9676    7.29946
11.9676    7.29946
11.9882    7.29946
12.0088    7.29946
12.0501    7.29946
12.0501    7.2806
12.0914    7.29946
12.0914    7.29946
12.1326    7.29946
12.1739    7.31832
12.1945    7.31832
12.2358    7.33718
12.2564    7.33718
12.2771    7.35604
12.3183    7.3749
12.339    7.3749
12.3596    7.39377
12.4009    7.39377
12.4215    7.41263
12.4421    7.43149
12.504    7.45035
12.504    7.45035
12.5247    7.45035
12.5247    7.45035
12.5866    7.46921
12.6072    7.46921
12.6691    7.48807
12.6691    7.46921
