6.10758    8.58205
6.12822    8.58205
6.12822    8.58205
6.12822    8.58205
6.14885    8.58205
6.14885    8.56319
6.16948    8.56319
6.19012    8.56319
6.19012    8.56319
6.21075    8.54433
6.23139    8.54433
6.25202    8.52546
6.27265    8.5066
6.29329    8.48774
6.31392    8.48774
6.33455    8.46888
6.35519    8.43116
6.37582    8.41229
6.39646    8.41229
6.43772    8.41229
6.43772    8.39343
6.49962    8.39343
6.52026    8.39343
6.54089    8.39343
6.56153    8.39343
6.60279    8.39343
6.64406    8.37457
6.68533    8.37457
6.70596    8.37457
6.74723    8.37457
6.76786    8.37457
6.8504    8.41229
6.87103    8.43116
6.9123    8.43116
6.95357    8.45002
6.9742    8.43116
7.01547    8.45002
7.0361    8.43116
7.07737    8.43116
7.098    8.43116
7.13927    8.43116
7.20117    8.41229
7.2218    8.41229
7.26307    8.41229
7.28371    8.41229
7.32497    8.41229
7.36624    8.39343
7.42814    8.37457
7.44878    8.35571
7.44878    8.35571
7.49004    8.35571
7.57258    8.35571
7.59321    8.35571
7.61385    8.35571
7.65511    8.35571
7.67575    8.37457
7.75828    8.37457
7.77892    8.37457
7.82018    8.37457
7.86145    8.37457
7.86145    8.39343
7.94398    8.41229
7.98525    8.41229
8.00589    8.41229
8.04715    8.43116
8.06779    8.43116
8.10905    8.45002
8.15032    8.46888
8.19159    8.46888
8.21222    8.45002
8.23286    8.46888
8.29476    8.46888
8.33603    8.46888
8.37729    8.46888
8.39793    8.45002
8.41856    8.45002
8.48046    8.45002
8.52173    8.46888
8.563    8.46888
8.60426    8.46888
8.60426    8.46888
8.66617    8.46888
8.70743    8.48774
8.7487    8.48774
8.76933    8.48774
8.78997    8.48774
8.83124    8.48774
8.8725    8.5066
8.91377    8.5066
8.9344    8.5066
8.97567    8.52546
9.01694    8.52546
9.05821    8.52546
9.07884    8.56319
9.09947    8.58205
9.12011    8.58205
9.18201    8.60091
9.20264    8.58205
9.22328    8.58205
9.26454    8.58205
9.28518    8.58205
9.32644    8.56319
9.34708    8.56319
9.38835    8.56319
9.40898    8.54433
9.42961    8.54433
9.47088    8.52546
9.51215    8.52546
9.55342    8.5066
9.55342    8.5066
9.59468    8.5066
9.63595    8.5066
9.67722    8.5066
9.69785    8.5066
9.71849    8.48774
9.73912    8.48774
9.80102    8.48774
9.82165    8.46888
9.84229    8.46888
9.88356    8.46888
9.90419    8.48774
9.94546    8.48774
9.98672    8.48774
10.028    8.46888
10.028    8.46888
10.0486    8.46888
10.0899    8.46888
10.1105    8.45002
10.1312    8.45002
10.1724    8.45002
10.1724    8.45002
10.2137    8.41229
10.2343    8.41229
10.2756    8.41229
10.2756    8.39343
10.2962    8.39343
10.3169    8.37457
10.3788    8.37457
10.3994    8.35571
10.3994    8.33685
10.42    8.33685
10.4819    8.33685
10.4819    8.31799
10.4819    8.31799
10.5026    8.31799
10.5232    8.31799
10.5645    8.29912
10.5645    8.28026
10.5645    8.29912
10.6057    8.29912
10.6264    8.29912
10.647    8.29912
10.647    8.29912
10.6676    8.29912
10.6883    8.31799
10.6883    8.29912
10.7295    8.29912
10.7295    8.28026
10.7295    8.28026
10.7502    8.29912
10.7914    8.29912
10.8121    8.28026
10.8121    8.28026
10.8121    8.28026
10.8121    8.2614
10.8327    8.2614
10.8533    8.2614
10.8327    8.24254
10.8327    8.22368
10.8533    8.22368
10.874    8.22368
10.874    8.18595
10.8946    8.18595
10.8946    8.18595
10.9152    8.16709
10.9152    8.14823
10.9152    8.12937
10.9359    8.12937
10.9565    8.12937
10.9565    8.11051
10.9771    8.11051
10.9771    8.09165
10.9978    8.09165
11.0184    8.09165
11.039    8.07278
11.039    8.07278
11.0597    8.05392
11.0803    8.05392
11.1009    8.05392
11.1009    8.03506
11.1216    8.05392
11.1628    8.05392
11.1628    8.03506
11.1628    8.03506
11.1835    8.03506
11.1835    8.0162
11.2041    8.0162
11.2041    7.99734
11.2041    7.99734
11.2247    7.97848
11.2247    7.97848
11.2454    7.95961
11.2454    7.94075
11.2454    7.92189
11.2454    7.92189
11.2454    7.90303
11.266    7.90303
11.266    7.88417
11.266    7.86531
11.266    7.84644
11.266    7.84644
11.2866    7.82758
11.2866    7.80872
11.3073    7.80872
11.3073    7.80872
11.3279    7.78986
11.3485    7.771
11.3485    7.771
11.3485    7.75214
11.3485    7.75214
11.3692    7.73327
11.3898    7.73327
11.4105    7.73327
11.4105    7.71441
11.4311    7.71441
11.4517    7.71441
11.4724    7.69555
11.4724    7.69555
11.493    7.69555
11.5136    7.67669
11.5136    7.67669
11.5343    7.63897
11.5343    7.62011
11.5549    7.62011
11.5755    7.60124
11.5755    7.60124
11.5962    7.56352
11.6168    7.54466
11.6374    7.5258
11.6374    7.50694
11.6374    7.48807
11.6581    7.45035
11.6787    7.41263
11.6993    7.41263
11.6993    7.39377
11.72    7.3749
11.7406    7.35604
11.7612    7.33718
11.7819    7.33718
11.8231    7.33718
11.8438    7.33718
11.8644    7.31832
11.885    7.29946
11.885    7.29946
11.9263    7.29946
11.9469    7.31832
11.9882    7.29946
12.0295    7.29946
12.0501    7.2806
12.0707    7.29946
12.0914    7.29946
12.1533    7.29946
12.1739    7.2806
12.2152    7.29946
12.2358    7.29946
12.2564    7.2806
12.2977    7.2806
12.339    7.2806
12.3596    7.2806
12.3802    7.2806
12.4009    7.29946
12.4215    7.2806
12.4421    7.2806
12.4628    7.26173
12.4834    7.26173
12.504    7.26173
12.5247    7.26173
12.5453    7.26173
