6.80913    8.24254
6.82976    8.24254
6.82976    8.24254
6.82976    8.24254
6.8504    8.24254
6.82976    8.24254
6.8504    8.24254
6.8504    8.24254
6.8504    8.24254
6.8504    8.24254
6.87103    8.24254
6.9123    8.24254
6.9123    8.24254
6.93293    8.24254
6.93293    8.24254
6.95357    8.22368
6.99483    8.20482
7.01547    8.20482
7.0361    8.22368
7.07737    8.18595
7.098    8.18595
7.13927    8.16709
7.18054    8.16709
7.18054    8.16709
7.2218    8.16709
7.26307    8.14823
7.30434    8.12937
7.34561    8.14823
7.36624    8.12937
7.40751    8.14823
7.44878    8.12937
7.53131    8.14823
7.55194    8.12937
7.59321    8.14823
7.63448    8.14823
7.65511    8.14823
7.75828    8.16709
7.77892    8.16709
7.84082    8.16709
7.86145    8.18595
7.92335    8.16709
7.96462    8.16709
8.00589    8.16709
8.04715    8.16709
8.06779    8.16709
8.12969    8.16709
8.19159    8.16709
8.27412    8.16709
8.29476    8.12937
8.31539    8.12937
8.37729    8.12937
8.45983    8.11051
8.5011    8.09165
8.52173    8.11051
8.58363    8.09165
8.60426    8.11051
8.70743    8.09165
8.72807    8.11051
8.76933    8.07278
8.8106    8.09165
8.83124    8.11051
8.91377    8.09165
8.95504    8.11051
8.99631    8.09165
9.03757    8.11051
9.07884    8.09165
9.14074    8.11051
9.20264    8.09165
9.22328    8.11051
9.24391    8.07278
9.26454    8.09165
9.32644    8.09165
9.36771    8.11051
9.38835    8.09165
9.42961    8.09165
9.47088    8.09165
9.53278    8.07278
9.55342    8.07278
9.61532    8.07278
9.63595    8.05392
9.67722    8.07278
9.73912    8.03506
9.75975    8.03506
9.82165    8.03506
9.84229    8.03506
9.88356    8.03506
9.92482    8.03506
9.98672    8.03506
9.98672    8.05392
10.0074    8.05392
10.0693    8.07278
10.1105    8.05392
10.1518    8.07278
10.1724    8.05392
10.2343    8.07278
10.255    8.07278
10.3375    8.09165
10.3581    8.11051
10.3581    8.09165
10.3994    8.11051
10.42    8.09165
10.4819    8.09165
10.4819    8.09165
10.5232    8.09165
10.5232    8.07278
10.5438    8.05392
10.6057    8.05392
10.6057    8.03506
10.647    8.0162
10.647    8.0162
10.6676    7.99734
10.7295    7.95961
10.7295    7.95961
10.7502    7.95961
10.7708    7.94075
10.7708    7.95961
10.8121    7.92189
10.8121    7.92189
10.8327    7.90303
10.874    7.92189
10.8946    7.92189
10.9152    7.90303
10.9771    7.94075
10.9978    7.92189
11.0184    7.90303
11.0184    7.92189
11.0803    7.90303
11.1009    7.92189
11.1216    7.90303
11.1628    7.92189
11.1628    7.90303
11.1835    7.90303
11.2041    7.90303
11.2454    7.90303
11.2247    7.88417
11.2247    7.86531
11.2247    7.86531
11.266    7.86531
11.266    7.84644
11.266    7.80872
11.266    7.80872
11.3279    7.78986
11.3073    7.771
11.266    7.73327
11.2866    7.73327
11.3073    7.71441
11.3073    7.69555
11.3073    7.65783
11.3073    7.65783
11.3279    7.65783
11.3485    7.63897
11.3485    7.63897
11.3279    7.62011
11.3692    7.60124
11.3692    7.62011
11.3898    7.60124
11.4105    7.58238
11.4105    7.54466
11.3898    7.54466
11.3898    7.54466
11.4105    7.54466
11.4517    7.48807
11.4311    7.48807
11.4311    7.46921
11.4105    7.41263
11.4311    7.41263
11.4311    7.3749
11.4105    7.33718
11.4311    7.31832
11.4105    7.2806
11.4517    7.2806
11.4517    7.24287
11.4517    7.22401
11.4517    7.24287
11.4724    7.22401
11.4724    7.22401
11.4724    7.22401
11.493    7.22401
11.5136    7.22401
11.5136    7.24287
11.5343    7.22401
11.5549    7.24287
11.5549    7.24287
11.5755    7.24287
11.6168    7.24287
11.6168    7.24287
11.6374    7.22401
11.6374    7.24287
11.6581    7.22401
11.6581    7.22401
11.6993    7.22401
11.72    7.22401
11.72    7.20515
11.7406    7.18629
11.7612    7.18629
11.7612    7.14856
11.8025    7.14856
11.8025    7.14856
11.8231    7.14856
11.8438    7.14856
11.8438    7.14856
11.885    7.16743
11.9057    7.14856
11.9263    7.16743
11.9263    7.16743
11.9469    7.16743
11.9882    7.18629
12.0088    7.20515
12.0295    7.18629
12.0501    7.18629
12.0501    7.20515
12.0914    7.18629
12.112    7.18629
12.1533    7.18629
12.1739    7.18629
12.1739    7.18629
12.2152    7.18629
12.2358    7.16743
12.2771    7.14856
12.2977    7.16743
12.3183    7.14856
12.3802    7.14856
12.4009    7.14856
12.4628    7.14856
12.4834    7.14856
12.5247    7.16743
12.5866    7.14856
12.6072    7.16743
12.6072    7.16743
12.6897    7.18629
12.7104    7.20515
12.7516    7.20515
12.7723    7.22401
12.8135    7.26173
12.8548    7.2806
12.8961    7.2806
12.9373    7.31832
12.958    7.33718
12.9786    7.35604
