7.96462    8.45002
7.98525    8.45002
8.00589    8.45002
7.98525    8.45002
8.04715    8.46888
8.02652    8.45002
8.08842    8.45002
8.06779    8.45002
8.10905    8.45002
8.12969    8.45002
8.15032    8.45002
8.21222    8.43116
8.21222    8.41229
8.25349    8.41229
8.27412    8.39343
8.31539    8.37457
8.37729    8.35571
8.39793    8.33685
8.45983    8.33685
8.5011    8.31799
8.52173    8.29912
8.6249    8.28026
8.66617    8.2614
8.6868    8.2614
8.7487    8.2614
8.78997    8.24254
8.8725    8.24254
8.91377    8.24254
8.95504    8.24254
8.99631    8.24254
9.03757    8.22368
9.14074    8.22368
9.20264    8.22368
9.24391    8.22368
9.28518    8.22368
9.32644    8.20482
9.40898    8.18595
9.45025    8.16709
9.49151    8.14823
9.55342    8.14823
9.61532    8.12937
9.67722    8.09165
9.73912    8.07278
9.78039    8.05392
9.82165    8.05392
9.88356    8.05392
9.98672    8.0162
10.0486    8.0162
10.0899    7.97848
10.1105    7.95961
10.1724    7.95961
10.2756    7.94075
10.3169    7.94075
10.3581    7.92189
10.3994    7.90303
10.4407    7.88417
10.5232    7.86531
10.5645    7.84644
10.6264    7.82758
10.6676    7.80872
10.7089    7.78986
10.7914    7.75214
10.8327    7.73327
10.874    7.71441
10.9152    7.69555
10.9359    7.65783
10.9978    7.62011
11.0597    7.60124
11.1009    7.58238
11.1422    7.54466
11.1835    7.54466
11.266    7.48807
11.3279    7.48807
11.3898    7.45035
11.4105    7.43149
11.4724    7.41263
11.5549    7.3749
11.5962    7.3749
11.6581    7.35604
11.72    7.33718
11.7406    7.33718
11.8438    7.29946
11.8644    7.2806
11.9263    7.26173
11.9469    7.26173
12.0088    7.24287
12.0501    7.20515
12.1326    7.20515
12.1739    7.18629
12.2152    7.16743
12.2771    7.16743
12.3802    7.14856
12.4215    7.16743
12.4421    7.14856
12.504    7.16743
12.5247    7.16743
12.6278    7.20515
12.6485    7.20515
12.6691    7.22401
12.7104    7.24287
