7.67575    4.99834
7.69638    5.0172
7.71701    5.0172
7.71701    5.0172
7.73765    5.03606
7.77892    5.03606
7.82018    5.05492
7.84082    5.07378
7.86145    5.09264
7.90272    5.09264
7.92335    5.11151
7.96462    5.14923
7.98525    5.16809
8.04715    5.18695
8.04715    5.20581
8.06779    5.22468
8.15032    5.2624
8.19159    5.28126
8.23286    5.30012
8.27412    5.31898
8.29476    5.31898
8.35666    5.33785
8.41856    5.33785
8.41856    5.33785
8.45983    5.35671
8.52173    5.35671
8.60426    5.37557
8.66617    5.37557
8.6868    5.37557
8.72807    5.37557
8.78997    5.39443
8.83124    5.41329
8.8725    5.41329
8.91377    5.43215
8.95504    5.45102
8.99631    5.45102
9.07884    5.48874
9.12011    5.48874
9.16137    5.5076
9.20264    5.52646
9.24391    5.54532
9.32644    5.58305
9.36771    5.60191
9.40898    5.62077
9.42961    5.63963
9.49151    5.65849
9.55342    5.67736
9.63595    5.69622
9.65658    5.69622
9.65658    5.69622
9.71849    5.71508
9.82165    5.73394
9.84229    5.73394
9.90419    5.73394
9.94546    5.7528
9.98672    5.7528
10.0899    5.77166
10.1312    5.79053
10.1724    5.79053
10.2137    5.80939
10.255    5.82825
10.3375    5.84711
10.3788    5.86597
10.42    5.88483
10.4613    5.9037
10.4819    5.9037
10.5232    5.94142
10.5645    5.96028
10.6057    5.97914
10.6264    5.998
10.6883    6.01687
10.7295    6.05459
10.7708    6.07345
10.8121    6.09231
10.8327    6.09231
10.8946    6.11117
10.9359    6.11117
10.9771    6.1489
11.0184    6.1489
11.0597    6.16776
11.0803    6.16776
11.1835    6.18662
11.2041    6.20548
11.266    6.20548
11.2866    6.22434
11.3485    6.22434
11.3692    6.26207
11.4517    6.28093
11.4724    6.29979
11.4724    6.31865
11.5343    6.33751
11.5962    6.37524
11.6168    6.3941
11.6374    6.41296
11.6581    6.43182
11.6993    6.45068
11.7819    6.50727
11.8025    6.52613
11.8025    6.54499
11.8644    6.56385
11.885    6.58271
11.9469    6.60158
11.9882    6.62044
12.0501    6.6393
12.0501    6.6393
12.0914    6.65816
12.1533    6.65816
12.2152    6.65816
12.2358    6.65816
12.2771    6.65816
12.339    6.65816
12.3802    6.6393
12.4421    6.65816
12.4834    6.6393
12.504    6.6393
12.5247    6.6393
12.6278    6.6393
