7.59321    8.11051
7.61385    8.11051
7.61385    8.11051
7.63448    8.11051
7.63448    8.12937
7.61385    8.12937
7.67575    8.12937
7.65511    8.12937
7.67575    8.12937
7.69638    8.12937
7.71701    8.12937
7.73765    8.12937
7.77892    8.11051
7.79955    8.11051
7.79955    8.11051
7.82018    8.09165
7.88208    8.07278
7.90272    8.05392
7.96462    8.05392
7.98525    8.03506
8.02652    8.0162
8.10905    7.99734
8.15032    7.97848
8.17096    7.97848
8.19159    7.97848
8.25349    7.97848
8.29476    7.95961
8.33603    7.95961
8.35666    7.95961
8.41856    7.95961
8.43919    7.94075
8.52173    7.94075
8.563    7.94075
8.6249    7.95961
8.64553    7.95961
8.6868    7.95961
8.76933    7.97848
8.8106    7.95961
8.85187    7.95961
8.8725    7.95961
8.91377    7.95961
8.97567    7.94075
9.01694    7.94075
9.05821    7.92189
9.09947    7.92189
9.14074    7.92189
9.22328    7.88417
9.28518    7.88417
9.30581    7.86531
9.32644    7.84644
9.36771    7.86531
9.45025    7.86531
9.49151    7.84644
9.53278    7.84644
9.57405    7.84644
9.61532    7.84644
9.69785    7.84644
9.71849    7.84644
9.78039    7.82758
9.82165    7.84644
9.84229    7.84644
9.96609    7.86531
9.98672    7.86531
10.0074    7.84644
10.0693    7.86531
10.0899    7.84644
10.1724    7.84644
10.2137    7.84644
10.255    7.82758
10.2756    7.80872
10.3169    7.82758
10.3788    7.78986
10.4613    7.78986
10.5026    7.78986
10.5232    7.771
10.5438    7.75214
10.647    7.73327
10.647    7.75214
10.7089    7.73327
10.7708    7.71441
10.7708    7.71441
10.8533    7.67669
10.8946    7.65783
10.9359    7.65783
10.9771    7.63897
11.0184    7.63897
11.0803    7.60124
11.1422    7.60124
11.1628    7.58238
11.2041    7.56352
11.266    7.56352
11.3073    7.5258
11.3485    7.50694
11.3485    7.46921
11.3898    7.45035
11.4311    7.43149
11.5136    7.39377
11.5343    7.3749
11.5755    7.35604
11.6374    7.33718
11.6374    7.31832
11.6993    7.29946
11.7406    7.2806
11.8025    7.29946
11.8025    7.2806
11.8231    7.2806
11.9057    7.26173
11.9469    7.26173
11.9882    7.26173
12.0088    7.26173
12.0295    7.2806
12.112    7.2806
12.1533    7.29946
12.1945    7.29946
12.2152    7.29946
12.2152    7.29946
12.2977    7.29946
12.2977    7.29946
12.339    7.29946
12.3802    7.29946
12.4215    7.31832
