7.53131    8.94042
7.55194    8.94042
7.53131    8.92156
7.53131    8.94042
7.55194    8.92156
7.53131    8.92156
7.57258    8.92156
7.59321    8.92156
7.57258    8.92156
7.61385    8.92156
7.63448    8.9027
7.63448    8.9027
7.65511    8.9027
7.69638    8.9027
7.71701    8.9027
7.73765    8.9027
7.79955    8.92156
7.79955    8.94042
7.84082    8.94042
7.86145    8.94042
7.90272    8.94042
7.96462    8.95928
7.98525    8.95928
8.00589    8.97814
8.02652    8.95928
8.08842    8.97814
8.12969    8.94042
8.17096    8.94042
8.19159    8.92156
8.25349    8.94042
8.25349    8.9027
8.33603    8.86497
8.37729    8.86497
8.41856    8.84611
8.45983    8.84611
8.48046    8.82725
8.58363    8.80839
8.60426    8.80839
8.66617    8.80839
8.6868    8.80839
8.7487    8.80839
8.78997    8.77067
8.83124    8.77067
8.8725    8.77067
8.91377    8.77067
8.95504    8.77067
9.01694    8.77067
9.12011    8.77067
9.12011    8.7518
9.14074    8.73294
9.20264    8.77067
9.28518    8.7518
9.30581    8.73294
9.34708    8.73294
9.38835    8.73294
9.42961    8.71408
9.51215    8.67636
9.53278    8.67636
9.55342    8.63863
9.61532    8.63863
9.63595    8.61977
9.73912    8.60091
9.75975    8.56319
9.80102    8.54433
9.86292    8.54433
9.86292    8.52546
9.92482    8.48774
9.98672    8.48774
10.0074    8.46888
10.0486    8.45002
10.0899    8.45002
10.1518    8.43116
10.1931    8.45002
10.2343    8.43116
10.2756    8.43116
10.2962    8.41229
10.3994    8.39343
10.42    8.41229
10.5026    8.41229
10.5438    8.39343
10.5645    8.41229
10.6057    8.35571
10.647    8.37457
10.6883    8.35571
10.7089    8.35571
10.7502    8.33685
10.7914    8.28026
10.8533    8.28026
10.8533    8.2614
10.874    8.22368
10.9359    8.20482
10.9565    8.16709
10.9978    8.14823
10.9978    8.09165
11.039    8.11051
11.0597    8.07278
11.1009    8.05392
11.1216    8.03506
11.1628    7.99734
11.2041    7.97848
11.2247    7.97848
11.266    7.94075
11.2866    7.92189
11.3485    7.88417
11.3485    7.86531
11.3898    7.86531
11.4311    7.82758
11.4724    7.80872
11.5136    7.771
11.5136    7.75214
11.5549    7.75214
11.5962    7.71441
11.6168    7.69555
11.6374    7.65783
11.6374    7.62011
11.6581    7.60124
11.72    7.56352
11.72    7.54466
11.7406    7.48807
11.7819    7.48807
11.8025    7.48807
11.8231    7.43149
11.8644    7.41263
11.885    7.39377
11.8644    7.3749
11.9057    7.3749
11.9469    7.35604
11.9676    7.33718
11.9882    7.35604
12.0295    7.33718
12.0501    7.35604
12.0707    7.33718
12.1326    7.35604
12.1739    7.35604
12.1739    7.35604
12.1945    7.35604
12.2564    7.3749
12.2977    7.39377
12.3183    7.39377
12.339    7.39377
12.3596    7.39377
12.4628    7.41263
12.4834    7.43149
12.504    7.41263
12.5247    7.43149
12.5866    7.43149
12.6485    7.43149
12.6691    7.41263
12.6897    7.43149
12.731    7.41263
12.7723    7.43149
12.8342    7.45035
12.8342    7.46921
12.8754    7.48807
12.8961    7.50694
12.9373    7.50694
12.9786    7.5258
12.9992    7.56352
