7.73765    9.75147
7.75828    9.75147
7.75828    9.75147
7.75828    9.75147
7.77892    9.75147
7.75828    9.75147
7.79955    9.73261
7.79955    9.73261
7.79955    9.71375
7.82018    9.71375
7.82018    9.69489
7.84082    9.65716
7.86145    9.6383
7.88208    9.61944
7.90272    9.60058
7.92335    9.58172
7.94398    9.54399
7.96462    9.52513
7.98525    9.52513
8.02652    9.50627
8.02652    9.50627
8.08842    9.48741
8.10905    9.46855
8.12969    9.46855
8.15032    9.46855
8.19159    9.46855
8.25349    9.46855
8.29476    9.44968
8.31539    9.44968
8.35666    9.44968
8.39793    9.44968
8.48046    9.44968
8.52173    9.44968
8.563    9.44968
8.60426    9.44968
8.6249    9.43082
8.70743    9.41196
8.72807    9.3931
8.76933    9.37424
8.78997    9.35538
8.83124    9.35538
8.89314    9.29879
8.9344    9.29879
8.97567    9.27993
9.01694    9.26107
9.05821    9.24221
9.12011    9.22335
9.18201    9.20448
9.20264    9.18562
9.22328    9.16676
9.28518    9.18562
9.36771    9.16676
9.38835    9.16676
9.42961    9.1479
9.47088    9.1479
9.51215    9.1479
9.59468    9.12904
9.63595    9.12904
9.67722    9.11018
9.71849    9.11018
9.73912    9.11018
9.84229    9.11018
9.88356    9.09131
9.90419    9.07245
9.94546    9.07245
9.96609    9.05359
10.028    9.03473
10.0693    9.01587
10.0899    8.99701
10.1105    8.95928
10.1518    8.95928
10.1931    8.92156
10.2343    8.9027
10.2756    8.88384
10.2962    8.84611
10.3169    8.82725
10.3788    8.78953
10.3994    8.78953
10.4407    8.78953
10.4819    8.77067
10.4819    8.77067
10.5438    8.73294
10.5851    8.73294
10.6264    8.71408
10.647    8.71408
10.6883    8.69522
10.7295    8.6575
10.7914    8.6575
10.8327    8.6575
10.8533    8.63863
10.8946    8.63863
10.9565    8.61977
10.9771    8.60091
10.9978    8.56319
11.0184    8.56319
11.039    8.52546
11.1009    8.5066
11.1009    8.48774
11.1216    8.45002
11.1628    8.43116
11.1628    8.41229
11.2041    8.35571
11.2247    8.33685
11.266    8.31799
11.266    8.28026
11.2866    8.2614
11.3073    8.20482
11.3279    8.18595
11.3692    8.16709
11.3692    8.14823
11.4105    8.12937
11.4311    8.11051
11.4724    8.09165
11.493    8.07278
11.493    8.05392
11.5136    8.03506
11.5755    7.99734
11.5755    7.95961
11.5962    7.94075
11.6374    7.92189
11.6581    7.92189
11.6993    7.86531
11.72    7.84644
11.7406    7.82758
11.7406    7.78986
11.7406    7.771
11.7612    7.71441
11.7612    7.69555
11.7819    7.67669
11.8025    7.63897
11.8025    7.62011
11.8025    7.56352
11.8231    7.54466
11.8438    7.5258
11.8438    7.48807
11.8438    7.48807
11.8644    7.45035
11.9057    7.43149
11.9057    7.41263
11.9057    7.39377
11.9263    7.39377
11.9882    7.3749
11.9882    7.3749
11.9882    7.35604
12.0088    7.35604
12.0501    7.35604
12.0914    7.33718
12.0914    7.29946
12.0914    7.29946
12.112    7.29946
12.1326    7.2806
12.1533    7.26173
12.1533    7.24287
12.1739    7.22401
12.1739    7.22401
12.1945    7.20515
12.2358    7.16743
12.2358    7.14856
12.2358    7.14856
12.2771    7.14856
12.3183    7.14856
12.3596    7.1297
12.3596    7.1297
12.3802    7.1297
12.4215    7.1297
12.4628    7.14856
12.5247    7.14856
12.5659    7.16743
12.5866    7.16743
12.6278    7.16743
12.6897    7.18629
12.731    7.18629
12.7723    7.20515
12.8135    7.20515
12.8342    7.20515
