6.8504    8.82725
6.87103    8.84611
6.87103    8.84611
6.87103    8.84611
6.89166    8.86497
6.87103    8.86497
6.9123    8.88384
6.9123    8.88384
6.9123    8.9027
6.93293    8.9027
6.93293    8.92156
6.95357    8.92156
6.95357    8.94042
6.9742    8.94042
6.9742    8.94042
6.99483    8.92156
7.01547    8.92156
7.0361    8.92156
7.05673    8.92156
7.07737    8.9027
7.098    8.9027
7.13927    8.88384
7.1599    8.86497
7.1599    8.84611
7.20117    8.84611
7.24244    8.82725
7.28371    8.78953
7.30434    8.77067
7.32497    8.7518
7.36624    8.7518
7.38687    8.73294
7.44878    8.71408
7.46941    8.71408
7.51068    8.71408
7.55194    8.73294
7.57258    8.71408
7.63448    8.73294
7.65511    8.73294
7.69638    8.71408
7.73765    8.73294
7.77892    8.73294
7.84082    8.73294
7.88208    8.7518
7.92335    8.7518
7.96462    8.7518
8.00589    8.77067
8.04715    8.77067
8.10905    8.77067
8.12969    8.7518
8.15032    8.7518
8.21222    8.7518
8.27412    8.73294
8.31539    8.73294
8.33603    8.71408
8.37729    8.69522
8.41856    8.69522
8.52173    8.6575
8.54236    8.6575
8.58363    8.63863
8.6249    8.63863
8.64553    8.63863
8.7487    8.6575
8.78997    8.6575
8.8106    8.6575
8.85187    8.6575
8.89314    8.63863
8.95504    8.6575
8.99631    8.6575
9.03757    8.6575
9.05821    8.63863
9.09947    8.6575
9.16137    8.67636
9.20264    8.69522
9.24391    8.69522
9.26454    8.67636
9.28518    8.67636
9.34708    8.6575
9.38835    8.67636
9.42961    8.67636
9.47088    8.6575
9.49151    8.63863
9.53278    8.60091
9.57405    8.58205
9.61532    8.58205
9.63595    8.56319
9.65658    8.54433
9.69785    8.52546
9.75975    8.52546
9.78039    8.5066
9.80102    8.48774
9.84229    8.5066
9.88356    8.48774
9.92482    8.48774
9.92482    8.46888
9.96609    8.48774
9.98672    8.48774
10.0693    8.5066
10.0899    8.5066
10.1105    8.52546
10.1518    8.52546
10.1724    8.52546
10.2137    8.52546
10.2343    8.52546
10.2756    8.52546
10.2756    8.52546
10.2962    8.52546
10.3375    8.5066
10.3581    8.48774
10.3994    8.48774
10.3994    8.46888
10.42    8.46888
10.4407    8.45002
10.4819    8.45002
10.5026    8.43116
10.5026    8.43116
10.5232    8.43116
10.5851    8.41229
10.5851    8.41229
10.6057    8.39343
10.647    8.39343
10.6676    8.41229
10.7089    8.39343
10.7502    8.41229
10.7708    8.39343
10.7914    8.39343
10.8121    8.41229
10.8533    8.39343
10.874    8.39343
10.8946    8.41229
10.9152    8.39343
10.9359    8.41229
10.9359    8.39343
10.9771    8.39343
10.9978    8.39343
10.9978    8.37457
10.9978    8.37457
10.9978    8.35571
11.039    8.33685
11.0597    8.33685
11.039    8.31799
11.039    8.29912
11.1009    8.29912
11.0803    8.28026
11.0597    8.2614
11.0803    8.2614
11.1009    8.2614
11.1422    8.24254
11.1422    8.22368
11.1422    8.22368
11.1628    8.22368
11.1835    8.22368
11.2247    8.20482
11.2041    8.20482
11.2247    8.20482
11.2454    8.20482
11.266    8.20482
11.3073    8.18595
11.3073    8.16709
11.2866    8.14823
11.3279    8.16709
11.3692    8.16709
11.3898    8.12937
11.3898    8.11051
11.3898    8.11051
11.3898    8.09165
11.4105    8.09165
11.4311    8.05392
11.4311    8.05392
11.4311    8.03506
11.4517    8.0162
11.4724    8.0162
11.493    7.97848
11.5136    7.97848
11.5136    7.97848
11.5343    7.95961
11.5549    7.94075
11.5549    7.92189
11.5755    7.92189
11.5962    7.92189
11.6168    7.92189
11.6374    7.92189
11.6581    7.90303
11.6787    7.90303
11.6993    7.90303
11.6993    7.88417
11.72    7.88417
11.72    7.84644
11.72    7.84644
11.7406    7.82758
11.72    7.80872
11.72    7.80872
11.72    7.78986
11.6993    7.771
11.6993    7.75214
11.6993    7.73327
11.6993    7.71441
11.6993    7.69555
11.6993    7.69555
11.6993    7.67669
11.6993    7.67669
11.6993    7.65783
11.72    7.63897
11.72    7.63897
11.7406    7.62011
11.7406    7.62011
11.7406    7.60124
11.7819    7.60124
11.8025    7.58238
11.8231    7.58238
11.8438    7.56352
11.8644    7.56352
11.885    7.54466
11.9263    7.5258
11.9469    7.5258
11.9676    7.5258
11.9882    7.5258
12.0295    7.5258
12.0295    7.50694
12.0501    7.50694
12.0501    7.48807
12.0707    7.48807
12.0914    7.46921
12.0914    7.46921
12.112    7.45035
12.1326    7.45035
12.1326    7.45035
12.1739    7.43149
12.1945    7.43149
12.2152    7.43149
12.2564    7.43149
12.2771    7.43149
12.2977    7.43149
12.339    7.43149
12.3596    7.43149
12.3802    7.45035
12.4009    7.45035
12.4215    7.45035
12.4421    7.45035
12.4628    7.45035
12.4628    7.45035
12.4628    7.43149
12.504    7.43149
12.5247    7.41263
12.5453    7.41263
12.5453    7.39377
12.5866    7.41263
12.6072    7.41263
12.6278    7.41263
12.6485    7.41263
