6.27265    9.20448
6.29329    9.22335
6.31392    9.24221
6.31392    9.24221
6.35519    9.24221
6.35519    9.24221
6.39646    9.26107
6.41709    9.27993
6.45836    9.26107
6.49962    9.27993
6.52026    9.26107
6.54089    9.26107
6.60279    9.26107
6.60279    9.26107
6.62343    9.24221
6.66469    9.20448
6.7266    9.18562
6.7266    9.20448
6.76786    9.18562
6.80913    9.18562
6.82976    9.18562
6.89166    9.18562
6.9123    9.16676
6.93293    9.16676
6.95357    9.16676
7.01547    9.16676
7.05673    9.16676
7.098    9.16676
7.11864    9.16676
7.18054    9.18562
7.18054    9.20448
7.26307    9.20448
7.28371    9.20448
7.34561    9.20448
7.36624    9.22335
7.40751    9.22335
7.46941    9.22335
7.49004    9.22335
7.55194    9.20448
7.57258    9.18562
7.63448    9.20448
7.67575    9.1479
7.71701    9.1479
7.75828    9.12904
7.79955    9.11018
7.84082    9.11018
7.90272    9.09131
7.98525    9.05359
8.00589    9.03473
8.00589    9.05359
8.06779    9.05359
8.17096    9.03473
8.19159    9.05359
8.23286    9.03473
8.27412    9.05359
8.31539    9.03473
8.41856    9.03473
8.43919    9.05359
8.52173    9.01587
8.58363    9.03473
8.58363    9.05359
8.70743    9.05359
8.7487    9.05359
8.78997    9.05359
8.85187    9.05359
8.89314    9.03473
8.97567    9.05359
9.03757    9.03473
9.07884    9.03473
9.09947    8.99701
9.16137    9.01587
9.24391    8.97814
9.30581    8.97814
9.36771    8.97814
9.38835    8.95928
9.45025    8.95928
9.51215    8.97814
9.57405    8.97814
9.61532    8.99701
9.67722    9.01587
9.71849    9.01587
9.80102    8.99701
9.84229    9.03473
9.90419    9.05359
9.92482    9.03473
9.98672    9.05359
10.028    9.03473
10.0899    9.07245
10.1312    9.05359
10.1724    9.03473
10.2137    9.05359
10.2756    9.01587
10.2962    9.01587
10.3169    8.97814
10.3375    8.97814
10.3788    8.94042
10.4407    8.92156
10.4407    8.9027
10.4613    8.86497
10.5232    8.84611
10.5232    8.82725
10.5851    8.77067
10.6264    8.77067
10.6676    8.77067
10.6883    8.7518
10.6883    8.71408
10.7295    8.69522
10.7708    8.69522
10.8121    8.69522
10.8327    8.67636
10.8946    8.6575
10.9359    8.6575
10.9771    8.6575
10.9978    8.6575
11.039    8.63863
11.0803    8.61977
11.1422    8.60091
11.1422    8.56319
11.1628    8.54433
11.2041    8.56319
11.2247    8.54433
11.2454    8.5066
11.2866    8.48774
11.3073    8.43116
11.2866    8.43116
11.3073    8.41229
11.3073    8.35571
11.3073    8.33685
11.3485    8.31799
11.3692    8.31799
11.3898    8.29912
11.3898    8.24254
11.4311    8.24254
11.4517    8.24254
11.4724    8.20482
11.4724    8.20482
11.493    8.16709
11.5549    8.14823
11.5755    8.11051
11.5962    8.09165
11.5962    8.09165
11.6581    8.07278
11.6993    8.03506
11.6993    8.0162
11.72    8.0162
11.7406    8.0162
11.8025    7.95961
11.7819    7.90303
11.8025    7.92189
11.8025    7.88417
11.8231    7.84644
11.8438    7.80872
11.8231    7.78986
11.8438    7.78986
11.8438    7.771
11.8438    7.71441
11.8644    7.65783
11.8644    7.60124
11.8438    7.60124
11.8644    7.60124
11.9057    7.60124
11.9469    7.54466
11.9469    7.50694
11.9676    7.50694
11.9469    7.48807
11.9882    7.50694
12.0295    7.48807
12.0295    7.48807
12.0295    7.48807
12.0501    7.46921
12.0707    7.46921
12.0707    7.43149
12.0707    7.41263
12.0914    7.43149
12.0707    7.39377
12.0914    7.39377
12.0914    7.35604
12.0914    7.35604
12.0914    7.35604
12.112    7.33718
12.1326    7.33718
12.1326    7.31832
12.1533    7.31832
12.1739    7.29946
12.1945    7.31832
12.2152    7.29946
12.2358    7.29946
12.2771    7.31832
12.2977    7.29946
12.2977    7.29946
12.3183    7.29946
12.3802    7.2806
12.3802    7.24287
12.4009    7.24287
12.4421    7.22401
12.4421    7.22401
12.4834    7.20515
12.504    7.18629
12.504    7.20515
12.5247    7.18629
12.5453    7.20515
12.5866    7.20515
12.6072    7.22401
12.6691    7.24287
12.6691    7.24287
12.6897    7.24287
