6.70596    9.71375
6.7266    9.71375
6.7266    9.69489
6.7266    9.67602
6.74723    9.69489
6.74723    9.65716
6.7885    9.6383
6.7885    9.6383
6.80913    9.6383
6.82976    9.61944
6.8504    9.58172
6.87103    9.56285
6.89166    9.56285
6.9123    9.56285
6.93293    9.56285
6.95357    9.54399
6.9742    9.52513
6.99483    9.54399
7.01547    9.52513
7.05673    9.54399
7.07737    9.52513
7.11864    9.56285
7.1599    9.54399
7.1599    9.54399
7.18054    9.54399
7.2218    9.54399
7.26307    9.56285
7.30434    9.58172
7.32497    9.58172
7.34561    9.60058
7.36624    9.61944
7.42814    9.61944
7.44878    9.61944
7.49004    9.61944
7.51068    9.6383
7.53131    9.6383
7.59321    9.65716
7.61385    9.6383
7.65511    9.6383
7.67575    9.6383
7.71701    9.6383
7.77892    9.60058
7.79955    9.60058
7.84082    9.58172
7.88208    9.54399
7.92335    9.54399
7.96462    9.52513
8.02652    9.52513
8.04715    9.50627
8.04715    9.48741
8.10905    9.52513
8.17096    9.50627
8.19159    9.50627
8.21222    9.48741
8.25349    9.50627
8.27412    9.50627
8.35666    9.50627
8.37729    9.50627
8.39793    9.50627
8.43919    9.50627
8.45983    9.50627
8.54236    9.54399
8.563    9.54399
8.58363    9.54399
8.60426    9.54399
8.6249    9.52513
8.66617    9.54399
8.6868    9.54399
8.72807    9.52513
8.72807    9.50627
8.7487    9.50627
8.78997    9.48741
8.83124    9.50627
8.85187    9.46855
8.8725    9.44968
8.89314    9.44968
8.95504    9.41196
8.97567    9.41196
9.01694    9.41196
9.05821    9.37424
9.05821    9.37424
9.09947    9.33651
9.14074    9.33651
9.18201    9.31765
9.20264    9.29879
9.22328    9.29879
9.26454    9.27993
9.32644    9.26107
9.34708    9.27993
9.36771    9.26107
9.40898    9.27993
9.47088    9.26107
9.51215    9.27993
9.51215    9.24221
9.55342    9.24221
9.57405    9.24221
9.63595    9.26107
9.65658    9.26107
9.67722    9.26107
9.71849    9.26107
9.73912    9.26107
9.78039    9.24221
9.80102    9.22335
9.84229    9.24221
9.84229    9.20448
9.86292    9.20448
9.90419    9.18562
9.94546    9.18562
9.96609    9.18562
9.98672    9.16676
10.028    9.1479
10.0693    9.1479
10.0899    9.1479
10.1105    9.12904
10.1312    9.11018
10.1518    9.11018
10.2137    9.11018
10.2137    9.09131
10.2343    9.07245
10.2756    9.09131
10.2962    9.09131
10.3375    9.07245
10.3581    9.09131
10.3788    9.07245
10.3994    9.07245
10.42    9.09131
10.4613    9.05359
10.4613    9.05359
10.5026    9.05359
10.5232    9.05359
10.5232    9.05359
10.5438    9.01587
10.5645    9.01587
10.6057    9.01587
10.6057    8.99701
10.6057    8.99701
10.6264    8.97814
10.6676    8.94042
10.6883    8.92156
10.6676    8.92156
10.6676    8.9027
10.7502    8.86497
10.7295    8.82725
10.7089    8.82725
10.7295    8.80839
10.7502    8.82725
10.7914    8.78953
10.7914    8.77067
10.7708    8.78953
10.7914    8.77067
10.8327    8.78953
10.8327    8.73294
10.8327    8.7518
10.8533    8.73294
10.874    8.7518
10.874    8.71408
10.9359    8.71408
10.9152    8.67636
10.9152    8.67636
10.9565    8.69522
10.9978    8.71408
11.039    8.67636
11.039    8.67636
11.039    8.67636
11.039    8.6575
11.0597    8.67636
11.0803    8.6575
11.0803    8.6575
11.0803    8.6575
11.1009    8.6575
11.1216    8.6575
11.1216    8.63863
11.1216    8.61977
11.1216    8.63863
11.1422    8.61977
11.1422    8.61977
11.1422    8.60091
11.1422    8.58205
11.1422    8.60091
11.1422    8.56319
11.1422    8.56319
11.1009    8.52546
11.1216    8.52546
11.1216    8.5066
11.1216    8.5066
11.1009    8.5066
11.0803    8.46888
11.0597    8.45002
11.0803    8.41229
11.039    8.39343
11.039    8.39343
11.0184    8.37457
10.9978    8.33685
10.9978    8.31799
10.9978    8.31799
10.9771    8.29912
10.9771    8.2614
10.9771    8.2614
10.9771    8.24254
10.9771    8.24254
10.9771    8.24254
10.9771    8.22368
10.9771    8.20482
10.9978    8.20482
10.9978    8.20482
10.9978    8.18595
10.9978    8.16709
11.0184    8.16709
11.0184    8.16709
11.0184    8.14823
11.039    8.12937
11.039    8.14823
11.0597    8.12937
11.0803    8.12937
11.0803    8.12937
11.1009    8.12937
11.1216    8.11051
11.1216    8.09165
11.1216    8.09165
11.1422    8.09165
11.1628    8.09165
11.1628    8.07278
11.1835    8.05392
11.1835    8.05392
11.1835    8.05392
11.2041    8.05392
11.2247    8.03506
11.2041    8.0162
11.2247    8.03506
11.2247    7.99734
11.2247    7.97848
11.2247    7.97848
11.2247    7.95961
11.2247    7.94075
11.2454    7.94075
11.2454    7.92189
11.2247    7.88417
11.2454    7.86531
11.2454    7.84644
11.2247    7.82758
11.2041    7.80872
11.2041    7.771
11.2041    7.73327
11.2041    7.73327
11.1835    7.69555
11.2041    7.69555
11.2041    7.65783
11.2041    7.65783
11.2041    7.63897
11.2247    7.65783
11.2454    7.63897
11.2247    7.62011
11.2247    7.56352
11.2247    7.58238
11.2454    7.56352
11.266    7.58238
11.266    7.5258
11.2866    7.5258
11.3073    7.50694
11.3073    7.48807
11.3073    7.48807
11.3485    7.46921
11.3485    7.43149
11.3692    7.43149
11.3692    7.43149
11.3692    7.41263
11.3898    7.39377
11.4105    7.3749
11.4105    7.3749
11.4105    7.3749
11.4311    7.3749
11.4517    7.33718
11.4517    7.33718
11.4517    7.31832
11.4517    7.29946
11.4724    7.29946
11.4724    7.2806
11.4517    7.24287
11.4517    7.24287
11.4517    7.22401
11.4517    7.22401
11.4517    7.18629
11.4517    7.18629
11.4517    7.16743
11.4517    7.1297
11.4311    7.11084
11.4311    7.11084
11.4105    7.07312
11.4311    7.07312
11.4311    7.05426
11.4311    7.03539
11.4311    7.03539
11.4311    7.01653
11.4517    6.99767
11.4517    6.99767
11.4517    6.99767
11.4724    6.97881
11.4724    6.95995
11.493    6.97881
11.5136    6.95995
11.5136    6.97881
11.5343    6.95995
11.5549    6.97881
11.5755    6.95995
11.5755    6.95995
11.5549    6.95995
11.5755    6.95995
11.5962    6.95995
11.6168    6.95995
11.6168    6.94109
11.6168    6.92222
11.6581    6.92222
11.6787    6.92222
11.6581    6.90336
11.6374    6.8845
11.6787    6.8845
11.72    6.8845
11.72    6.86564
11.7406    6.84678
11.7612    6.86564
11.7612    6.82792
11.8025    6.82792
11.8231    6.82792
11.8231    6.82792
11.8438    6.82792
11.8644    6.82792
11.9057    6.84678
11.9057    6.86564
11.9057    6.84678
11.9263    6.8845
11.9469    6.8845
11.9676    6.90336
12.0088    6.90336
12.0295    6.94109
12.0088    6.92222
12.0295    6.95995
12.0707    6.99767
12.0707    7.01653
12.112    7.01653
12.1326    7.03539
12.1326    7.05426
12.1739    7.07312
12.2152    7.11084
12.1945    7.09198
12.2358    7.09198
12.2358    7.09198
12.2977    7.09198
12.339    7.09198
12.3596    7.11084
12.3802    7.11084
12.3802    7.11084
12.4421    7.11084
12.4628    7.11084
12.504    7.11084
12.4834    7.09198
12.5659    7.11084
12.5659    7.09198
12.6072    7.09198
12.6485    7.09198
12.6072    7.07312
12.6278    7.09198
12.6691    7.09198
12.6897    7.07312
12.7104    7.11084
12.7104    7.11084
12.731    7.11084
12.7929    7.11084
12.8135    7.09198
12.8135    7.09198
12.8135    7.07312
12.8342    7.09198
12.8548    7.07312
12.8754    7.09198
12.8961    7.05426
12.9167    7.05426
