5.92188    9.71375
5.94251    9.71375
5.90125    9.71375
5.90125    9.71375
5.92188    9.71375
5.92188    9.71375
5.94251    9.71375
5.92188    9.71375
5.94251    9.73261
5.94251    9.73261
5.94251    9.73261
5.96315    9.73261
6.00441    9.73261
6.00441    9.73261
6.02505    9.75147
6.00441    9.73261
6.04568    9.73261
6.04568    9.73261
6.06632    9.75147
6.08695    9.73261
6.10758    9.73261
6.10758    9.73261
6.12822    9.71375
6.14885    9.71375
6.14885    9.69489
6.19012    9.67602
6.21075    9.65716
6.25202    9.6383
6.25202    9.61944
6.27265    9.60058
6.27265    9.58172
6.31392    9.56285
6.33455    9.56285
6.37582    9.54399
6.39646    9.54399
6.39646    9.52513
6.43772    9.50627
6.45836    9.48741
6.49962    9.48741
6.52026    9.46855
6.54089    9.46855
6.62343    9.43082
6.66469    9.44968
6.70596    9.43082
6.74723    9.43082
6.76786    9.44968
6.80913    9.44968
6.89166    9.44968
6.89166    9.43082
6.89166    9.41196
6.95357    9.43082
7.0361    9.41196
7.05673    9.3931
7.07737    9.3931
7.11864    9.37424
7.1599    9.37424
7.26307    9.35538
7.26307    9.33651
7.30434    9.31765
7.34561    9.29879
7.36624    9.27993
7.49004    9.26107
7.53131    9.24221
7.57258    9.24221
7.61385    9.22335
7.65511    9.22335
7.71701    9.20448
7.75828    9.20448
7.79955    9.18562
7.82018    9.1479
7.90272    9.16676
7.98525    9.1479
8.04715    9.16676
8.08842    9.16676
8.12969    9.1479
8.15032    9.1479
8.25349    9.12904
8.27412    9.1479
8.33603    9.1479
8.35666    9.12904
8.37729    9.12904
8.43919    9.11018
8.48046    9.11018
8.54236    9.09131
8.54236    9.09131
8.563    9.07245
8.6249    9.03473
8.66617    9.03473
8.70743    9.01587
8.70743    9.01587
8.76933    9.01587
8.83124    9.01587
8.85187    9.01587
8.8725    8.99701
8.89314    8.99701
8.9344    8.97814
9.01694    8.99701
9.03757    8.99701
9.03757    8.99701
9.07884    8.99701
9.12011    9.01587
9.16137    9.01587
9.20264    9.01587
9.24391    9.03473
9.26454    9.03473
9.30581    9.03473
9.34708    9.03473
9.36771    9.05359
9.38835    9.05359
9.42961    9.03473
9.47088    9.03473
9.51215    9.03473
9.55342    9.03473
9.57405    9.03473
9.57405    9.03473
9.59468    9.03473
9.67722    9.03473
9.67722    9.03473
9.69785    9.03473
9.71849    9.03473
9.75975    9.05359
9.82165    9.05359
9.84229    9.07245
9.88356    9.07245
9.90419    9.09131
9.90419    9.11018
9.98672    9.12904
10.0074    9.1479
10.0486    9.16676
10.0899    9.18562
10.1105    9.20448
10.1312    9.20448
10.1931    9.22335
10.2343    9.22335
10.2343    9.22335
10.2343    9.22335
10.2756    9.22335
10.3169    9.20448
10.3375    9.20448
10.3581    9.18562
10.3581    9.18562
10.4407    9.20448
10.4613    9.18562
10.4613    9.18562
10.5026    9.20448
10.5438    9.20448
10.6057    9.22335
10.6057    9.22335
10.6057    9.22335
10.647    9.24221
10.6883    9.24221
10.7089    9.22335
10.7502    9.24221
10.7914    9.24221
10.8121    9.24221
10.8121    9.22335
10.874    9.20448
10.874    9.16676
10.874    9.16676
10.9152    9.18562
10.9565    9.16676
10.9978    9.1479
10.9978    9.09131
10.9978    9.09131
11.0184    9.07245
11.0184    9.05359
11.039    9.05359
11.0597    9.03473
11.0597    9.01587
11.0803    9.01587
11.1216    9.01587
11.1216    8.99701
11.1422    8.99701
11.1216    8.99701
11.1628    8.97814
11.1835    8.97814
11.1835    8.94042
11.2041    8.94042
11.2247    8.94042
11.2247    8.92156
11.2454    8.9027
11.2866    8.86497
11.3279    8.86497
11.3485    8.84611
11.3485    8.82725
11.3692    8.82725
11.4105    8.80839
11.4311    8.78953
11.4517    8.78953
11.4517    8.77067
11.4724    8.7518
11.493    8.73294
11.493    8.71408
11.5136    8.71408
11.5136    8.69522
11.5136    8.67636
11.5343    8.6575
11.5343    8.6575
11.5343    8.63863
11.5549    8.61977
11.5343    8.61977
11.5549    8.60091
11.5343    8.60091
11.5343    8.58205
11.5343    8.56319
11.5343    8.54433
11.5136    8.54433
11.493    8.52546
11.5136    8.5066
11.493    8.48774
11.5136    8.48774
11.493    8.46888
11.5136    8.45002
11.493    8.43116
11.5136    8.43116
11.5136    8.41229
11.5343    8.39343
11.5343    8.37457
11.5343    8.37457
11.5549    8.35571
11.5549    8.35571
11.5549    8.33685
11.5755    8.31799
11.5962    8.31799
11.5962    8.29912
11.5962    8.29912
11.6168    8.28026
11.6374    8.28026
11.6374    8.2614
11.6374    8.24254
11.6374    8.24254
11.6374    8.22368
11.6374    8.20482
11.6581    8.20482
11.6787    8.20482
11.6581    8.18595
11.6581    8.16709
11.6581    8.16709
11.6581    8.14823
11.6374    8.14823
11.6168    8.12937
11.6168    8.12937
11.6168    8.09165
11.5962    8.09165
11.5549    8.07278
11.5549    8.07278
11.5343    8.05392
11.5549    8.05392
11.5136    8.03506
11.5343    8.03506
11.5343    8.03506
11.5136    7.99734
11.493    7.97848
11.493    7.97848
11.5136    7.97848
11.5136    7.95961
11.5136    7.94075
11.5136    7.94075
11.5136    7.90303
11.5343    7.90303
11.5343    7.90303
11.5755    7.88417
11.5755    7.84644
11.6168    7.86531
11.6168    7.86531
11.6168    7.84644
11.6374    7.80872
11.6374    7.78986
11.6374    7.78986
11.6374    7.78986
11.6581    7.78986
11.6787    7.75214
11.6787    7.75214
11.6787    7.73327
11.6787    7.73327
11.6787    7.71441
11.6787    7.69555
11.6787    7.67669
11.6787    7.67669
11.6787    7.65783
11.6787    7.65783
11.6581    7.62011
11.6787    7.60124
11.6581    7.60124
11.6787    7.60124
11.6374    7.58238
11.6374    7.56352
11.6168    7.5258
11.6581    7.5258
11.6581    7.50694
11.6787    7.50694
11.6581    7.48807
11.6787    7.46921
11.6787    7.46921
11.6993    7.46921
11.72    7.46921
11.72    7.45035
11.7406    7.43149
11.7819    7.43149
11.8025    7.43149
11.7819    7.41263
11.8231    7.39377
11.8438    7.39377
11.8438    7.3749
11.8438    7.3749
11.8438    7.35604
11.8644    7.33718
11.9057    7.33718
11.9469    7.33718
11.9469    7.29946
11.9469    7.29946
11.9882    7.2806
12.0088    7.26173
11.9882    7.24287
11.9882    7.22401
12.0295    7.22401
12.0707    7.20515
12.0501    7.18629
12.0501    7.18629
12.0914    7.18629
12.0914    7.16743
12.1326    7.16743
12.1739    7.16743
12.1739    7.16743
12.2152    7.16743
12.2358    7.16743
12.2977    7.16743
12.3183    7.16743
12.3596    7.16743
12.3802    7.18629
12.4009    7.18629
12.4421    7.18629
12.504    7.20515
12.504    7.22401
12.504    7.18629
12.5247    7.20515
12.5866    7.20515
12.5866    7.20515
12.6278    7.20515
12.6485    7.20515
