7.36624    4.26273
7.38687    4.26273
7.38687    4.24387
7.40751    4.26273
7.40751    4.24387
7.40751    4.24387
7.44878    4.22501
7.46941    4.20615
7.49004    4.20615
7.51068    4.20615
7.53131    4.18729
7.57258    4.16842
7.57258    4.16842
7.59321    4.16842
7.61385    4.16842
7.63448    4.16842
7.65511    4.16842
7.67575    4.16842
7.71701    4.18729
7.73765    4.18729
7.75828    4.18729
7.79955    4.22501
7.79955    4.24387
7.82018    4.28159
7.84082    4.31932
7.86145    4.33818
7.88208    4.3759
7.92335    4.39476
7.92335    4.43249
7.96462    4.45135
8.00589    4.43249
8.04715    4.47021
8.08842    4.47021
8.12969    4.48907
8.17096    4.47021
8.19159    4.48907
8.27412    4.47021
8.31539    4.47021
8.35666    4.47021
8.39793    4.47021
8.43919    4.47021
8.48046    4.47021
8.52173    4.47021
8.54236    4.47021
8.563    4.47021
8.60426    4.48907
8.66617    4.48907
8.70743    4.50793
8.6868    4.50793
8.72807    4.5268
8.76933    4.5268
8.78997    4.56452
8.8106    4.58338
8.83124    4.6211
8.85187    4.63996
8.8725    4.63996
8.9344    4.65883
8.95504    4.69655
8.99631    4.69655
9.03757    4.71541
9.05821    4.69655
9.12011    4.71541
9.16137    4.71541
9.20264    4.71541
9.24391    4.71541
9.26454    4.71541
9.34708    4.71541
9.38835    4.71541
9.42961    4.71541
9.45025    4.71541
9.49151    4.73427
9.53278    4.75313
9.57405    4.75313
9.59468    4.75313
9.61532    4.75313
9.65658    4.75313
9.69785    4.772
9.71849    4.80972
9.73912    4.82858
9.78039    4.82858
9.78039    4.84744
9.84229    4.88517
9.86292    4.90403
9.90419    4.88517
9.92482    4.90403
9.96609    4.90403
10.0074    4.90403
10.0486    4.90403
10.0693    4.90403
10.0899    4.88517
10.1312    4.90403
10.1931    4.8663
10.2343    4.8663
10.255    4.84744
10.2962    4.8663
10.3169    4.82858
10.3994    4.82858
10.3994    4.82858
10.42    4.82858
10.4613    4.82858
10.4613    4.82858
10.5232    4.82858
10.5232    4.82858
10.5645    4.8663
10.5851    4.8663
10.6057    4.88517
10.6264    4.92289
10.647    4.96061
10.6676    4.97947
10.6676    4.97947
10.7089    4.99834
10.7502    5.05492
10.7914    5.07378
10.7914    5.07378
10.8121    5.09264
10.8533    5.09264
10.9152    5.11151
10.9152    5.11151
10.9565    5.13037
10.9978    5.11151
11.0184    5.14923
11.0803    5.16809
11.1216    5.14923
11.1422    5.16809
11.1628    5.14923
11.2041    5.18695
11.266    5.22468
11.2866    5.24354
11.3279    5.24354
11.3485    5.2624
11.3485    5.28126
11.3898    5.30012
11.4105    5.33785
11.4311    5.35671
11.4311    5.35671
11.4311    5.39443
11.4517    5.43215
11.493    5.46988
11.4724    5.46988
11.493    5.48874
11.5136    5.52646
11.5755    5.56419
11.5962    5.58305
11.5962    5.56419
11.6374    5.60191
11.6581    5.60191
11.72    5.62077
11.7406    5.58305
11.7819    5.62077
11.8025    5.62077
11.8231    5.62077
11.8644    5.63963
11.8644    5.67736
11.885    5.69622
11.8644    5.67736
11.9057    5.71508
11.9263    5.73394
11.9057    5.73394
11.885    5.7528
11.9057    5.79053
11.9057    5.80939
11.9057    5.80939
11.885    5.82825
11.8644    5.86597
11.8438    5.86597
11.8438    5.88483
11.8644    5.9037
11.8438    5.92256
11.8438    5.92256
11.8438    5.94142
11.8644    5.97914
11.8644    5.998
11.8644    5.998
11.8644    6.01687
11.885    6.03573
11.9057    6.03573
11.9263    6.03573
11.9469    6.05459
11.9676    6.09231
11.9882    6.11117
11.9882    6.11117
12.0088    6.13004
12.0088    6.16776
12.0088    6.18662
12.0295    6.18662
12.0088    6.20548
12.0088    6.2432
12.0088    6.28093
12.0088    6.28093
11.9882    6.29979
11.9882    6.29979
11.9676    6.33751
11.9469    6.35637
11.9469    6.41296
11.9469    6.41296
11.9263    6.41296
11.9263    6.45068
11.9057    6.46954
11.9263    6.50727
11.9263    6.50727
11.9057    6.50727
11.9469    6.54499
11.9469    6.54499
11.9676    6.52613
11.9882    6.52613
11.9882    6.52613
12.0088    6.54499
12.0295    6.56385
12.0295    6.54499
12.0295    6.56385
12.0501    6.56385
12.0501    6.58271
12.0501    6.60158
12.0501    6.58271
12.0501    6.62044
12.0501    6.6393
12.0501    6.6393
12.0501    6.6393
12.0501    6.65816
12.0501    6.67702
12.0707    6.65816
12.0707    6.67702
12.0914    6.67702
12.0914    6.65816
12.112    6.69588
12.1326    6.69588
12.1739    6.67702
12.1739    6.65816
12.1945    6.67702
12.2358    6.65816
12.2358    6.65816
12.2977    6.65816
12.3183    6.65816
12.339    6.65816
12.3596    6.65816
12.3802    6.65816
12.4009    6.6393
12.4215    6.62044
12.4421    6.62044
12.4421    6.62044
12.4421    6.62044
12.4628    6.62044
12.4834    6.60158
12.504    6.58271
12.504    6.58271
12.5453    6.58271
12.5659    6.56385
12.6072    6.56385
12.6278    6.54499
12.6485    6.56385
12.6691    6.56385
12.7104    6.56385
12.7516    6.54499
12.7516    6.58271
