7.0361    4.97947
7.05673    4.97947
7.05673    4.96061
7.05673    4.96061
7.07737    4.96061
7.07737    4.96061
7.11864    4.96061
7.11864    4.96061
7.13927    4.96061
7.1599    4.96061
7.18054    4.96061
7.2218    4.97947
7.24244    4.97947
7.28371    4.97947
7.28371    4.99834
7.30434    4.99834
7.36624    5.03606
7.38687    5.03606
7.42814    5.05492
7.46941    5.07378
7.49004    5.07378
7.55194    5.09264
7.59321    5.09264
7.61385    5.09264
7.65511    5.09264
7.69638    5.09264
7.77892    5.07378
7.82018    5.07378
7.86145    5.05492
7.90272    5.03606
7.96462    5.0172
8.04715    4.99834
8.08842    4.97947
8.15032    4.97947
8.19159    4.97947
8.23286    4.97947
8.31539    4.97947
8.35666    4.97947
8.39793    4.97947
8.43919    4.99834
8.48046    4.99834
8.563    4.99834
8.60426    5.0172
8.64553    5.03606
8.6868    5.05492
8.7487    5.07378
8.83124    5.11151
8.89314    5.13037
8.91377    5.13037
8.95504    5.13037
8.99631    5.14923
9.07884    5.16809
9.12011    5.16809
9.16137    5.16809
9.20264    5.16809
9.24391    5.18695
9.32644    5.18695
9.36771    5.18695
9.40898    5.18695
9.47088    5.18695
9.49151    5.18695
9.57405    5.20581
9.61532    5.22468
9.65658    5.22468
9.69785    5.24354
9.71849    5.24354
9.75975    5.2624
9.80102    5.28126
9.82165    5.28126
9.84229    5.30012
9.88356    5.31898
9.90419    5.33785
9.94546    5.35671
9.96609    5.37557
9.98672    5.37557
10.0074    5.39443
10.028    5.39443
10.0486    5.41329
10.0899    5.41329
10.1105    5.41329
10.1105    5.41329
10.1724    5.43215
10.1931    5.43215
10.2343    5.43215
10.255    5.43215
10.2962    5.43215
10.3375    5.41329
10.3994    5.41329
10.4407    5.41329
10.4613    5.39443
10.5026    5.39443
10.5851    5.37557
10.6264    5.39443
10.647    5.37557
10.6883    5.39443
10.7089    5.39443
10.7914    5.41329
10.7914    5.41329
10.8327    5.43215
10.874    5.43215
10.8946    5.45102
10.9565    5.46988
10.9771    5.48874
11.039    5.52646
11.039    5.54532
11.0803    5.58305
11.1422    5.62077
11.1835    5.63963
11.2041    5.65849
11.2247    5.67736
11.266    5.69622
11.3279    5.71508
11.3692    5.7528
11.3898    5.7528
11.4105    5.77166
11.4517    5.79053
11.5136    5.80939
11.5343    5.82825
11.5755    5.84711
11.6168    5.86597
11.6374    5.9037
11.6993    5.94142
11.7406    5.96028
11.7612    5.97914
11.7612    5.998
11.7612    6.01687
11.8025    6.05459
11.8025    6.07345
11.8231    6.11117
11.8438    6.13004
11.8231    6.1489
11.8231    6.18662
11.8438    6.22434
11.8644    6.26207
11.8438    6.28093
11.8644    6.31865
11.8644    6.35637
11.9057    6.37524
11.9057    6.3941
11.9057    6.41296
11.9263    6.43182
11.9882    6.45068
11.9882    6.46954
11.9882    6.46954
12.0088    6.48841
12.0295    6.48841
12.0707    6.50727
12.0707    6.50727
12.0914    6.54499
12.0914    6.54499
12.112    6.54499
12.1326    6.56385
12.1326    6.58271
12.1533    6.58271
12.1533    6.58271
12.1739    6.58271
12.2152    6.56385
12.2152    6.56385
12.2152    6.56385
12.2564    6.56385
12.2977    6.58271
12.339    6.56385
12.339    6.56385
12.3596    6.56385
12.4009    6.56385
12.4215    6.56385
12.504    6.56385
12.5247    6.56385
12.5453    6.56385
12.5866    6.56385
12.6485    6.56385
12.6897    6.54499
12.731    6.54499
12.7516    6.54499
12.7723    6.52613
12.8135    6.52613
12.8548    6.50727
12.8961    6.48841
