6.60279    4.39476
6.60279    4.39476
6.60279    4.3759
6.62343    4.3759
6.62343    4.3759
6.62343    4.3759
6.64406    4.3759
6.64406    4.35704
6.66469    4.35704
6.66469    4.35704
6.66469    4.33818
6.68533    4.33818
6.70596    4.33818
6.70596    4.33818
6.7266    4.33818
6.7266    4.31932
6.74723    4.31932
6.76786    4.31932
6.7885    4.33818
6.80913    4.33818
6.82976    4.33818
6.87103    4.33818
6.89166    4.33818
6.89166    4.33818
6.93293    4.35704
6.95357    4.3759
7.01547    4.39476
7.0361    4.39476
7.05673    4.41363
7.07737    4.41363
7.11864    4.43249
7.1599    4.45135
7.18054    4.45135
7.2218    4.47021
7.2218    4.47021
7.24244    4.47021
7.28371    4.48907
7.30434    4.48907
7.34561    4.48907
7.36624    4.50793
7.40751    4.50793
7.44878    4.50793
7.49004    4.50793
7.51068    4.50793
7.53131    4.50793
7.59321    4.5268
7.65511    4.5268
7.71701    4.5268
7.71701    4.50793
7.75828    4.50793
7.79955    4.5268
7.86145    4.5268
7.90272    4.54566
7.92335    4.54566
7.96462    4.54566
7.98525    4.56452
8.04715    4.58338
8.06779    4.60224
8.10905    4.60224
8.15032    4.6211
8.17096    4.63996
8.25349    4.67769
8.27412    4.69655
8.31539    4.71541
8.35666    4.73427
8.37729    4.73427
8.43919    4.75313
8.45983    4.75313
8.5011    4.75313
8.52173    4.772
8.563    4.772
8.6249    4.772
8.66617    4.772
8.6868    4.772
8.72807    4.772
8.76933    4.772
8.8106    4.75313
8.85187    4.772
8.89314    4.772
8.9344    4.772
8.9344    4.772
8.99631    4.79086
9.01694    4.79086
9.03757    4.80972
9.05821    4.80972
9.09947    4.82858
9.12011    4.84744
9.16137    4.8663
9.18201    4.8663
9.20264    4.88517
9.24391    4.90403
9.28518    4.92289
9.30581    4.94175
9.32644    4.94175
9.36771    4.94175
9.38835    4.94175
9.45025    4.96061
9.45025    4.96061
9.47088    4.96061
9.51215    4.96061
9.53278    4.96061
9.57405    4.94175
9.59468    4.92289
9.63595    4.94175
9.65658    4.92289
9.67722    4.92289
9.71849    4.90403
9.75975    4.90403
9.78039    4.88517
9.78039    4.88517
9.82165    4.88517
9.86292    4.88517
9.90419    4.90403
9.90419    4.88517
9.92482    4.88517
9.94546    4.90403
10.0074    4.90403
10.0074    4.88517
10.0486    4.90403
10.0693    4.90403
10.0899    4.92289
10.1518    4.94175
10.1724    4.94175
10.1931    4.92289
10.2137    4.92289
10.2343    4.92289
10.2962    4.92289
10.3169    4.92289
10.3581    4.92289
10.3788    4.92289
10.3994    4.92289
10.4613    4.90403
10.5026    4.90403
10.5438    4.88517
10.5645    4.88517
10.5851    4.88517
10.6264    4.8663
10.6883    4.8663
10.6883    4.8663
10.7089    4.8663
10.7295    4.8663
10.7914    4.88517
10.8121    4.90403
10.7914    4.90403
10.8327    4.90403
10.8533    4.92289
10.8946    4.94175
10.8946    4.94175
10.9359    4.97947
10.9565    4.99834
10.9565    4.99834
10.9978    5.03606
11.0184    5.05492
11.039    5.07378
11.039    5.09264
11.0803    5.11151
11.1216    5.11151
11.1216    5.11151
11.1216    5.13037
11.1628    5.13037
11.2041    5.16809
11.2454    5.16809
11.266    5.18695
11.2866    5.18695
11.3073    5.18695
11.3279    5.20581
11.3898    5.20581
11.4105    5.20581
11.4311    5.22468
11.4517    5.22468
11.493    5.24354
11.5136    5.24354
11.5343    5.24354
11.5343    5.2624
11.5549    5.24354
11.5755    5.2624
11.5962    5.28126
11.5962    5.28126
11.6168    5.30012
11.6374    5.31898
11.6374    5.33785
11.6374    5.33785
11.6374    5.35671
11.6581    5.35671
11.6787    5.37557
11.6787    5.39443
11.6787    5.41329
11.6787    5.43215
11.6787    5.43215
11.6581    5.45102
11.6787    5.46988
11.6787    5.48874
11.6787    5.48874
11.6993    5.5076
11.6993    5.5076
11.6993    5.5076
11.72    5.54532
11.72    5.54532
11.72    5.56419
11.72    5.56419
11.72    5.56419
11.7612    5.60191
11.7612    5.62077
11.7819    5.62077
11.7819    5.63963
11.7819    5.63963
11.8231    5.67736
11.8438    5.67736
11.8644    5.67736
11.8644    5.67736
11.8644    5.69622
11.885    5.71508
11.9057    5.73394
11.9057    5.71508
11.9057    5.73394
11.9263    5.7528
11.9263    5.77166
11.9263    5.77166
11.9263    5.77166
11.9263    5.77166
11.9263    5.79053
11.9263    5.79053
11.9263    5.80939
11.9057    5.80939
11.9263    5.82825
11.9057    5.82825
11.9057    5.84711
11.9057    5.84711
11.9057    5.86597
11.9057    5.86597
11.885    5.88483
11.8644    5.9037
11.8644    5.92256
11.8438    5.92256
11.8644    5.94142
11.8644    5.96028
11.8438    5.97914
11.8438    5.97914
11.8644    5.998
11.8438    5.998
11.8231    5.998
11.8438    6.03573
11.8438    6.03573
11.8438    6.05459
11.8438    6.05459
11.8644    6.07345
11.8644    6.09231
11.885    6.11117
11.885    6.11117
11.9057    6.13004
11.9263    6.1489
11.9057    6.1489
11.9263    6.1489
11.9057    6.16776
11.9263    6.16776
11.9263    6.18662
11.9057    6.18662
11.9263    6.20548
11.9263    6.20548
11.9057    6.22434
11.885    6.22434
11.885    6.2432
11.885    6.2432
11.885    6.26207
11.8644    6.28093
11.8644    6.28093
11.8438    6.28093
11.8438    6.28093
11.8438    6.29979
11.8231    6.31865
11.8438    6.33751
11.8231    6.31865
11.8231    6.33751
11.8231    6.33751
11.8231    6.33751
11.8231    6.33751
11.8231    6.35637
11.8231    6.35637
11.8438    6.37524
11.8438    6.37524
11.8644    6.3941
11.885    6.3941
11.9057    6.41296
11.9057    6.41296
11.9263    6.43182
11.9263    6.43182
11.9676    6.45068
11.9676    6.43182
11.9882    6.45068
11.9882    6.45068
12.0088    6.45068
12.0295    6.46954
12.0295    6.46954
12.0295    6.46954
12.0295    6.46954
12.0295    6.48841
12.0295    6.48841
12.0088    6.48841
12.0295    6.50727
12.0295    6.50727
12.0295    6.50727
12.0295    6.52613
12.0295    6.52613
12.0501    6.52613
12.0501    6.54499
12.0501    6.52613
12.0501    6.54499
12.0707    6.54499
12.0914    6.56385
12.0914    6.54499
12.112    6.56385
12.1533    6.56385
12.1739    6.58271
12.1739    6.56385
12.1739    6.56385
12.2152    6.56385
12.2564    6.56385
12.2771    6.56385
12.2977    6.56385
12.3183    6.56385
12.339    6.56385
12.3596    6.56385
12.3802    6.56385
12.3802    6.56385
12.4009    6.56385
12.4215    6.56385
12.4628    6.56385
12.4834    6.56385
12.4834    6.56385
12.504    6.56385
12.5247    6.56385
12.5659    6.58271
12.6072    6.58271
12.6278    6.58271
12.6485    6.56385
12.6691    6.58271
12.731    6.58271
12.7516    6.58271
12.7929    6.58271
12.8135    6.58271
12.8342    6.58271
12.8754    6.56385
12.8961    6.54499
12.8961    6.52613
