5.63301    5.11151
5.63301    5.11151
5.63301    5.11151
5.63301    5.13037
5.65364    5.13037
5.61237    5.13037
5.63301    5.13037
5.65364    5.13037
5.65364    5.14923
5.65364    5.14923
5.65364    5.14923
5.67427    5.14923
5.71554    5.14923
5.73618    5.13037
5.73618    5.13037
5.73618    5.13037
5.77744    5.11151
5.79808    5.09264
5.83934    5.09264
5.85998    5.07378
5.85998    5.07378
5.92188    5.05492
5.96315    5.03606
5.98378    5.03606
5.98378    5.03606
6.02505    5.03606
6.08695    5.0172
6.12822    5.0172
6.16948    5.0172
6.19012    5.0172
6.21075    5.0172
6.29329    5.03606
6.33455    5.03606
6.37582    5.05492
6.41709    5.07378
6.43772    5.07378
6.49962    5.09264
6.54089    5.07378
6.58216    5.07378
6.62343    5.09264
6.66469    5.09264
6.7266    5.07378
6.74723    5.07378
6.80913    5.07378
6.82976    5.07378
6.89166    5.07378
6.95357    5.07378
7.01547    5.07378
7.01547    5.03606
7.05673    5.05492
7.11864    5.05492
7.20117    5.05492
7.24244    5.07378
7.26307    5.07378
7.30434    5.07378
7.32497    5.09264
7.42814    5.09264
7.44878    5.11151
7.49004    5.09264
7.53131    5.11151
7.57258    5.13037
7.65511    5.14923
7.67575    5.16809
7.71701    5.16809
7.75828    5.18695
7.77892    5.18695
7.86145    5.20581
7.90272    5.20581
7.94398    5.20581
7.98525    5.20581
8.02652    5.22468
8.08842    5.22468
8.10905    5.22468
8.17096    5.22468
8.19159    5.20581
8.23286    5.20581
8.29476    5.18695
8.31539    5.20581
8.37729    5.20581
8.39793    5.20581
8.41856    5.20581
8.48046    5.22468
8.52173    5.22468
8.563    5.22468
8.58363    5.24354
8.60426    5.24354
8.66617    5.2624
8.6868    5.28126
8.72807    5.28126
8.7487    5.28126
8.76933    5.30012
8.83124    5.31898
8.85187    5.33785
8.8725    5.31898
8.89314    5.33785
8.9344    5.33785
8.99631    5.33785
8.99631    5.33785
9.01694    5.33785
9.07884    5.33785
9.07884    5.33785
9.12011    5.30012
9.14074    5.30012
9.20264    5.30012
9.18201    5.28126
9.22328    5.28126
9.24391    5.2624
9.26454    5.24354
9.30581    5.24354
9.30581    5.22468
9.34708    5.24354
9.36771    5.22468
9.36771    5.24354
9.36771    5.22468
9.38835    5.22468
9.42961    5.24354
9.47088    5.24354
9.47088    5.24354
9.49151    5.24354
9.49151    5.24354
9.49151    5.2624
9.53278    5.28126
9.55342    5.30012
9.59468    5.30012
9.59468    5.30012
9.61532    5.30012
9.63595    5.30012
9.65658    5.30012
9.67722    5.30012
9.71849    5.30012
9.71849    5.30012
9.75975    5.28126
9.80102    5.28126
9.82165    5.2624
9.80102    5.2624
9.84229    5.24354
9.86292    5.22468
9.90419    5.22468
9.92482    5.22468
9.94546    5.20581
9.96609    5.20581
10.028    5.18695
10.028    5.18695
10.0074    5.18695
10.0486    5.18695
10.0693    5.18695
10.0899    5.20581
10.1105    5.18695
10.1312    5.22468
10.1724    5.24354
10.1724    5.22468
10.2137    5.2624
10.2137    5.28126
10.2343    5.30012
10.2137    5.30012
10.2756    5.31898
10.2756    5.31898
10.2756    5.31898
10.2756    5.33785
10.2962    5.33785
10.3581    5.35671
10.3581    5.35671
10.3788    5.37557
10.3994    5.37557
10.3994    5.37557
10.42    5.39443
10.4819    5.39443
10.4819    5.39443
10.4819    5.39443
10.5026    5.39443
10.5645    5.39443
10.5851    5.39443
10.6264    5.39443
10.647    5.39443
10.647    5.37557
10.6676    5.39443
10.7089    5.39443
10.7295    5.39443
10.7295    5.39443
10.7708    5.41329
10.7914    5.43215
10.8327    5.43215
10.8327    5.43215
10.8533    5.43215
10.874    5.45102
10.8946    5.46988
10.8946    5.46988
10.8946    5.5076
10.9152    5.5076
10.9152    5.5076
10.9359    5.52646
10.9359    5.56419
10.9359    5.56419
10.9565    5.60191
10.9771    5.60191
10.9565    5.60191
10.9978    5.62077
10.9978    5.63963
11.0184    5.63963
11.0184    5.63963
10.9978    5.63963
11.0597    5.65849
11.0597    5.65849
11.0803    5.65849
11.1009    5.65849
11.1009    5.65849
11.1216    5.67736
11.1628    5.67736
11.1835    5.65849
11.1835    5.65849
11.1835    5.65849
11.2041    5.65849
11.2454    5.65849
11.266    5.63963
11.266    5.63963
11.2866    5.65849
11.3279    5.65849
11.3485    5.65849
11.3279    5.65849
11.3485    5.65849
11.3485    5.65849
11.3692    5.67736
11.3898    5.67736
11.3692    5.69622
11.4105    5.71508
11.4105    5.71508
11.4311    5.73394
11.4105    5.7528
11.4311    5.77166
11.4105    5.77166
11.4311    5.79053
11.3898    5.80939
11.3898    5.82825
11.3898    5.82825
11.4105    5.84711
11.4311    5.84711
11.3898    5.86597
11.4105    5.88483
11.4517    5.88483
11.4517    5.88483
11.4311    5.88483
11.4311    5.9037
11.4311    5.88483
11.4517    5.88483
11.4517    5.88483
11.493    5.88483
11.5136    5.88483
11.5136    5.88483
11.5136    5.88483
11.5343    5.9037
11.5755    5.9037
11.5755    5.9037
11.5755    5.88483
11.5755    5.9037
11.5962    5.9037
11.5755    5.92256
11.5755    5.92256
11.5755    5.92256
11.5755    5.92256
11.5755    5.94142
11.5549    5.96028
11.5343    5.97914
11.5343    5.998
11.5343    6.01687
11.5136    6.03573
11.493    6.03573
11.493    6.05459
11.493    6.07345
11.4724    6.09231
11.4517    6.11117
11.4724    6.13004
11.4517    6.13004
11.4517    6.1489
11.4517    6.1489
11.4517    6.16776
11.4517    6.16776
11.4517    6.18662
11.4517    6.18662
11.4517    6.20548
11.4724    6.20548
11.4724    6.20548
11.4724    6.20548
11.493    6.20548
11.5136    6.20548
11.5136    6.22434
11.5136    6.20548
11.5549    6.20548
11.5549    6.18662
11.5962    6.18662
11.5962    6.18662
11.6168    6.18662
11.6787    6.18662
11.6581    6.18662
11.6787    6.18662
11.6787    6.18662
11.6787    6.20548
11.6993    6.20548
11.6993    6.22434
11.72    6.2432
11.6993    6.2432
11.6993    6.26207
11.6993    6.29979
11.6993    6.31865
11.6993    6.31865
11.6993    6.33751
11.6581    6.35637
11.6581    6.3941
11.6581    6.41296
11.6787    6.43182
11.6787    6.43182
11.6374    6.43182
11.6581    6.45068
11.6787    6.46954
11.6374    6.45068
11.6168    6.46954
11.6581    6.46954
11.6787    6.48841
11.6581    6.46954
11.6787    6.48841
11.6787    6.48841
11.6787    6.48841
11.6993    6.48841
11.7612    6.48841
11.72    6.48841
11.7406    6.48841
11.7819    6.46954
11.8231    6.48841
11.8231    6.48841
11.8438    6.48841
11.8231    6.48841
11.8438    6.48841
11.8644    6.50727
11.9057    6.50727
11.9263    6.52613
11.885    6.50727
11.885    6.52613
11.9263    6.56385
11.9263    6.56385
11.9469    6.58271
11.9882    6.60158
11.9676    6.60158
11.9882    6.62044
12.0295    6.6393
12.0295    6.62044
12.0501    6.6393
12.0295    6.6393
12.0914    6.65816
12.0914    6.65816
12.112    6.67702
12.1533    6.67702
12.1739    6.67702
12.1945    6.67702
12.2564    6.67702
12.2771    6.67702
12.2977    6.65816
12.3596    6.67702
12.4009    6.6393
12.4628    6.6393
12.4834    6.65816
12.4834    6.62044
12.5247    6.60158
12.6072    6.62044
12.6278    6.58271
12.6485    6.60158
12.6691    6.58271
12.6897    6.58271
12.7929    6.56385
12.8135    6.54499
12.8548    6.56385
12.8754    6.52613
12.8961    6.52613
12.958    6.52613
