6.58216    5.45102
6.58216    5.46988
6.58216    5.46988
6.58216    5.46988
6.60279    5.48874
6.58216    5.48874
6.60279    5.5076
6.60279    5.5076
6.60279    5.52646
6.60279    5.52646
6.60279    5.52646
6.62343    5.54532
6.62343    5.54532
6.64406    5.56419
6.66469    5.56419
6.66469    5.56419
6.68533    5.58305
6.70596    5.58305
6.7266    5.58305
6.74723    5.58305
6.76786    5.58305
6.80913    5.58305
6.82976    5.58305
6.82976    5.56419
6.87103    5.58305
6.9123    5.56419
6.95357    5.56419
6.99483    5.56419
7.01547    5.54532
7.0361    5.54532
7.07737    5.54532
7.13927    5.52646
7.18054    5.52646
7.2218    5.52646
7.26307    5.54532
7.28371    5.52646
7.36624    5.54532
7.40751    5.52646
7.44878    5.52646
7.49004    5.54532
7.53131    5.54532
7.61385    5.54532
7.65511    5.54532
7.69638    5.54532
7.73765    5.54532
7.77892    5.54532
7.86145    5.52646
7.92335    5.52646
7.94398    5.5076
7.98525    5.48874
8.02652    5.48874
8.10905    5.46988
8.15032    5.46988
8.19159    5.45102
8.23286    5.43215
8.27412    5.43215
8.35666    5.41329
8.39793    5.41329
8.43919    5.41329
8.48046    5.41329
8.52173    5.41329
8.60426    5.41329
8.64553    5.41329
8.6868    5.41329
8.7487    5.43215
8.76933    5.41329
8.85187    5.43215
8.89314    5.43215
8.9344    5.43215
8.97567    5.43215
9.01694    5.43215
9.07884    5.43215
9.14074    5.43215
9.18201    5.43215
9.20264    5.43215
9.24391    5.41329
9.30581    5.39443
9.32644    5.39443
9.36771    5.39443
9.38835    5.37557
9.40898    5.37557
9.47088    5.35671
9.49151    5.35671
9.53278    5.33785
9.55342    5.33785
9.57405    5.33785
9.61532    5.31898
9.65658    5.33785
9.67722    5.33785
9.67722    5.31898
9.71849    5.33785
9.75975    5.33785
9.78039    5.33785
9.78039    5.33785
9.82165    5.35671
9.82165    5.35671
9.88356    5.37557
9.88356    5.37557
9.90419    5.39443
9.94546    5.39443
9.94546    5.39443
9.98672    5.39443
10.0074    5.39443
10.0486    5.41329
10.0486    5.39443
10.0693    5.41329
10.1105    5.39443
10.1518    5.39443
10.1724    5.39443
10.1931    5.37557
10.2343    5.37557
10.2756    5.35671
10.3169    5.37557
10.3375    5.35671
10.3581    5.35671
10.3788    5.35671
10.4407    5.35671
10.4407    5.35671
10.4819    5.35671
10.5026    5.35671
10.5232    5.37557
10.5645    5.39443
10.5851    5.41329
10.6057    5.41329
10.6057    5.41329
10.6264    5.43215
10.6676    5.46988
10.6883    5.48874
10.7089    5.5076
10.7295    5.52646
10.7295    5.54532
10.7708    5.54532
10.7914    5.56419
10.8121    5.56419
10.8121    5.56419
10.8121    5.58305
10.8327    5.58305
10.874    5.58305
10.874    5.58305
10.874    5.58305
10.8946    5.58305
10.9565    5.58305
10.9771    5.58305
10.9565    5.56419
10.9771    5.56419
11.0184    5.58305
11.0597    5.58305
11.039    5.56419
11.0803    5.58305
11.0803    5.60191
11.1009    5.58305
11.1422    5.60191
11.1422    5.62077
11.1422    5.62077
11.1422    5.63963
11.1835    5.63963
11.2041    5.63963
11.1835    5.63963
11.1835    5.65849
11.2041    5.67736
11.2247    5.69622
11.2247    5.69622
11.2247    5.71508
11.2247    5.71508
11.2247    5.71508
11.2454    5.73394
11.2866    5.7528
11.2866    5.7528
11.2866    5.7528
11.3073    5.7528
11.3279    5.77166
11.3485    5.77166
11.3692    5.77166
11.3692    5.79053
11.3898    5.77166
11.4105    5.79053
11.4105    5.79053
11.4311    5.80939
11.4311    5.82825
11.4517    5.84711
11.4517    5.86597
11.4517    5.88483
11.4517    5.88483
11.4517    5.9037
11.4724    5.92256
11.4517    5.92256
11.4724    5.96028
11.4724    5.97914
11.493    5.97914
11.4724    5.998
11.493    5.998
11.5136    6.03573
11.5136    6.03573
11.5343    6.05459
11.5343    6.05459
11.5549    6.05459
11.5755    6.07345
11.5755    6.07345
11.5962    6.07345
11.6168    6.07345
11.6168    6.07345
11.6581    6.09231
11.6581    6.09231
11.6787    6.09231
11.6787    6.11117
11.6787    6.11117
11.6993    6.1489
11.6993    6.1489
11.6993    6.1489
11.6993    6.1489
11.6993    6.16776
11.6993    6.20548
11.6993    6.20548
11.6993    6.22434
11.6993    6.2432
11.6993    6.26207
11.6993    6.28093
11.6993    6.29979
11.6993    6.31865
11.6787    6.31865
11.6787    6.33751
11.6787    6.35637
11.6787    6.37524
11.6787    6.37524
11.6993    6.3941
11.6993    6.3941
11.72    6.41296
11.72    6.41296
11.7406    6.43182
11.7406    6.43182
11.7612    6.43182
11.7819    6.43182
11.7819    6.43182
11.8025    6.43182
11.8231    6.43182
11.8438    6.43182
11.8644    6.43182
11.885    6.43182
11.9057    6.43182
11.9057    6.41296
11.9057    6.41296
11.9469    6.43182
11.9676    6.41296
11.9882    6.43182
11.9676    6.41296
12.0088    6.43182
12.0088    6.43182
12.0295    6.45068
12.0501    6.45068
12.0707    6.46954
12.0707    6.48841
12.0707    6.48841
12.0914    6.48841
12.0914    6.50727
12.112    6.52613
12.1326    6.54499
12.1326    6.54499
12.1533    6.56385
12.1739    6.56385
12.1739    6.58271
12.1739    6.58271
12.2152    6.60158
12.2358    6.60158
12.2771    6.62044
12.2771    6.62044
12.2977    6.62044
12.339    6.62044
12.3596    6.62044
12.3802    6.62044
12.4009    6.62044
12.4421    6.62044
12.4834    6.60158
12.504    6.60158
12.5247    6.60158
12.5453    6.60158
12.5866    6.58271
12.6278    6.58271
12.6691    6.58271
12.6897    6.58271
12.731    6.58271
12.7516    6.56385
12.8135    6.54499
12.8342    6.54499
12.8548    6.54499
12.8961    6.56385
12.8961    6.54499
