7.26307    5.67736
7.28371    5.67736
7.30434    5.65849
7.30434    5.63963
7.30434    5.65849
7.30434    5.63963
7.34561    5.65849
7.34561    5.62077
7.36624    5.62077
7.40751    5.62077
7.42814    5.62077
7.44878    5.62077
7.49004    5.62077
7.51068    5.62077
7.51068    5.62077
7.53131    5.62077
7.61385    5.62077
7.65511    5.62077
7.69638    5.63963
7.73765    5.67736
7.77892    5.67736
7.84082    5.69622
7.86145    5.69622
7.90272    5.69622
7.94398    5.71508
7.98525    5.73394
8.04715    5.71508
8.06779    5.73394
8.10905    5.71508
8.15032    5.73394
8.19159    5.71508
8.25349    5.73394
8.27412    5.71508
8.35666    5.73394
8.39793    5.71508
8.41856    5.71508
8.48046    5.71508
8.54236    5.71508
8.563    5.71508
8.6249    5.73394
8.64553    5.71508
8.72807    5.73394
8.76933    5.73394
8.8106    5.73394
8.85187    5.73394
8.89314    5.7528
8.97567    5.79053
9.03757    5.79053
9.03757    5.77166
9.07884    5.77166
9.12011    5.77166
9.20264    5.77166
9.24391    5.77166
9.26454    5.77166
9.32644    5.7528
9.34708    5.77166
9.42961    5.73394
9.47088    5.73394
9.51215    5.71508
9.55342    5.73394
9.59468    5.71508
9.67722    5.71508
9.71849    5.71508
9.75975    5.69622
9.80102    5.67736
9.82165    5.67736
9.88356    5.67736
9.94546    5.67736
9.96609    5.67736
10.0074    5.67736
10.0486    5.69622
10.1105    5.67736
10.1312    5.71508
10.1724    5.71508
10.2137    5.71508
10.2343    5.71508
10.2756    5.71508
10.3169    5.7528
10.3581    5.77166
10.3788    5.7528
10.42    5.79053
10.5026    5.80939
10.5232    5.79053
10.5438    5.82825
10.5851    5.82825
10.6057    5.84711
10.6264    5.84711
10.7089    5.86597
10.7295    5.9037
10.7295    5.9037
10.7708    5.92256
10.8327    5.94142
10.874    5.97914
10.8946    5.97914
10.9152    6.01687
10.9359    6.03573
10.9771    6.07345
10.9978    6.09231
11.0184    6.11117
11.039    6.13004
11.0597    6.16776
11.0803    6.20548
11.1216    6.22434
11.1628    6.2432
11.1628    6.28093
11.1835    6.31865
11.2041    6.35637
11.2454    6.3941
11.266    6.41296
11.266    6.41296
11.2866    6.43182
11.3279    6.46954
11.3485    6.50727
11.3279    6.50727
11.3485    6.50727
11.3485    6.52613
11.3898    6.52613
11.3898    6.54499
11.4105    6.56385
11.4517    6.56385
11.4724    6.58271
11.493    6.62044
11.5343    6.6393
11.5549    6.62044
11.5549    6.6393
11.5549    6.6393
11.5962    6.65816
11.6168    6.69588
11.6581    6.71475
11.6787    6.71475
11.6787    6.73361
11.6993    6.77133
11.7612    6.79019
11.7819    6.79019
11.7819    6.80905
11.8025    6.84678
11.8231    6.86564
11.885    6.86564
11.885    6.86564
11.9057    6.86564
11.9263    6.84678
12.0088    6.8845
12.0501    6.8845
12.0501    6.8845
12.0914    6.8845
12.1533    6.8845
12.2358    6.86564
12.2564    6.82792
12.2771    6.84678
12.3183    6.84678
12.3802    6.84678
12.4421    6.84678
12.4834    6.82792
12.5247    6.82792
12.5453    6.80905
12.5866    6.82792
12.6485    6.77133
12.7104    6.77133
12.7104    6.77133
12.7723    6.77133
12.8548    6.77133
12.9167    6.73361
12.9167    6.71475
12.9373    6.67702
