6.43772    6.03573
6.43772    6.03573
6.43772    6.03573
6.43772    6.03573
6.45836    6.05459
6.43772    6.03573
6.45836    6.05459
6.45836    6.05459
6.47899    6.05459
6.47899    6.05459
6.47899    6.05459
6.49962    6.05459
6.52026    6.05459
6.54089    6.05459
6.54089    6.05459
6.56153    6.05459
6.58216    6.03573
6.60279    6.03573
6.64406    6.03573
6.66469    6.03573
6.68533    6.03573
6.7266    6.01687
6.76786    6.01687
6.76786    5.998
6.7885    5.998
6.82976    5.998
6.87103    5.97914
6.9123    5.97914
6.93293    5.97914
6.95357    5.97914
6.9742    5.96028
7.0361    5.96028
7.05673    5.96028
7.098    5.96028
7.11864    5.96028
7.1599    5.96028
7.2218    5.96028
7.26307    5.96028
7.30434    5.96028
7.34561    5.97914
7.38687    5.998
7.44878    5.998
7.46941    5.998
7.51068    5.998
7.53131    5.998
7.57258    6.01687
7.63448    6.01687
7.67575    6.01687
7.69638    5.998
7.71701    5.998
7.75828    5.998
7.84082    5.97914
7.86145    5.97914
7.88208    5.97914
7.92335    5.97914
7.94398    5.97914
8.00589    5.97914
8.02652    5.97914
8.06779    5.96028
8.10905    5.96028
8.12969    5.97914
8.19159    5.96028
8.23286    5.97914
8.25349    5.96028
8.29476    5.97914
8.31539    5.96028
8.37729    5.96028
8.41856    5.96028
8.43919    5.94142
8.45983    5.94142
8.5011    5.94142
8.54236    5.92256
8.58363    5.92256
8.6249    5.9037
8.64553    5.88483
8.66617    5.88483
8.70743    5.86597
8.7487    5.86597
8.78997    5.86597
8.8106    5.86597
8.8106    5.86597
8.8725    5.86597
8.89314    5.84711
8.9344    5.84711
8.95504    5.84711
8.97567    5.84711
9.01694    5.84711
9.07884    5.86597
9.09947    5.86597
9.12011    5.84711
9.16137    5.86597
9.20264    5.86597
9.22328    5.86597
9.24391    5.84711
9.28518    5.84711
9.30581    5.84711
9.36771    5.84711
9.38835    5.84711
9.40898    5.82825
9.45025    5.82825
9.45025    5.80939
9.51215    5.80939
9.53278    5.80939
9.57405    5.80939
9.57405    5.80939
9.61532    5.80939
9.65658    5.80939
9.69785    5.80939
9.71849    5.79053
9.71849    5.79053
9.75975    5.79053
9.82165    5.79053
9.84229    5.80939
9.86292    5.79053
9.88356    5.80939
9.90419    5.80939
9.96609    5.79053
9.96609    5.79053
9.98672    5.79053
10.028    5.79053
10.0486    5.80939
10.0899    5.80939
10.1312    5.79053
10.1518    5.79053
10.1518    5.79053
10.1724    5.79053
10.2343    5.79053
10.255    5.79053
10.2962    5.79053
10.3169    5.79053
10.3169    5.79053
10.3581    5.79053
10.3994    5.80939
10.4407    5.80939
10.4407    5.80939
10.4613    5.82825
10.4819    5.82825
10.5438    5.84711
10.5232    5.82825
10.5438    5.84711
10.5438    5.82825
10.5851    5.84711
10.647    5.88483
10.647    5.88483
10.6676    5.9037
10.6883    5.9037
10.7295    5.92256
10.7295    5.92256
10.7502    5.94142
10.7502    5.94142
10.7708    5.94142
10.7914    5.94142
10.7914    5.96028
10.8121    5.96028
10.8121    5.96028
10.8533    5.96028
10.874    5.94142
10.874    5.96028
10.874    5.96028
10.8946    5.97914
10.9359    5.998
10.9565    5.998
10.9359    5.998
10.9359    5.998
10.9565    6.01687
10.9565    6.01687
10.9978    6.03573
10.9978    6.05459
10.9978    6.07345
11.0184    6.07345
11.039    6.09231
11.039    6.11117
11.0597    6.13004
11.0597    6.1489
11.0597    6.1489
11.0803    6.16776
11.0803    6.18662
11.0803    6.20548
11.0803    6.22434
11.1009    6.2432
11.1009    6.26207
11.1216    6.28093
11.1216    6.29979
11.1216    6.31865
11.1422    6.31865
11.1422    6.33751
11.1422    6.35637
11.1628    6.37524
11.1628    6.37524
11.1628    6.3941
11.1835    6.41296
11.2041    6.45068
11.1835    6.45068
11.2041    6.46954
11.2247    6.46954
11.2247    6.46954
11.2454    6.50727
11.2454    6.50727
11.266    6.52613
11.266    6.52613
11.266    6.52613
11.3073    6.56385
11.3073    6.58271
11.3279    6.58271
11.3279    6.58271
11.3279    6.60158
11.3485    6.6393
11.3485    6.6393
11.3692    6.6393
11.3692    6.6393
11.3692    6.65816
11.3692    6.67702
11.3692    6.69588
11.3692    6.69588
11.3692    6.71475
11.3898    6.73361
11.3898    6.75247
11.3898    6.75247
11.3898    6.75247
11.3898    6.75247
11.3898    6.75247
11.3898    6.77133
11.3898    6.77133
11.4105    6.77133
11.4311    6.79019
11.4105    6.79019
11.4517    6.79019
11.4517    6.79019
11.4311    6.79019
11.4724    6.79019
11.493    6.79019
11.493    6.79019
11.493    6.79019
11.5136    6.79019
11.5343    6.79019
11.5343    6.79019
11.5343    6.79019
11.5343    6.79019
11.5549    6.77133
11.5549    6.77133
11.5549    6.77133
11.5755    6.77133
11.5755    6.75247
11.5755    6.75247
11.5755    6.75247
11.5962    6.75247
11.5962    6.73361
11.6168    6.75247
11.6168    6.73361
11.6374    6.75247
11.6168    6.75247
11.6374    6.75247
11.6374    6.73361
11.6374    6.75247
11.6581    6.75247
11.6787    6.77133
11.6787    6.75247
11.6993    6.77133
11.6993    6.77133
11.72    6.77133
11.6993    6.77133
11.7406    6.79019
11.7612    6.79019
11.7819    6.80905
11.8025    6.82792
11.8025    6.82792
11.8438    6.84678
11.8644    6.84678
11.885    6.86564
11.9057    6.8845
11.9263    6.90336
11.9676    6.90336
11.9882    6.92222
12.0088    6.92222
12.0295    6.94109
12.0501    6.94109
12.0914    6.94109
12.112    6.95995
12.1326    6.95995
12.1533    6.95995
12.1945    6.95995
12.2358    6.95995
12.2564    6.95995
12.2977    6.95995
12.3183    6.95995
12.339    6.95995
12.4009    6.95995
12.4215    6.94109
12.4628    6.95995
12.504    6.95995
12.5247    6.95995
12.5866    6.95995
12.6278    6.95995
12.6485    6.97881
12.6897    6.97881
12.731    6.97881
12.7723    6.97881
12.7929    6.99767
12.8342    6.99767
12.8754    6.99767
12.8961    6.99767
12.9373    6.99767
12.9167    6.99767
12.9992    7.01653
