6.9742    8.84611
6.9742    8.84611
6.99483    8.84611
7.01547    8.84611
7.0361    8.84611
7.05673    8.84611
7.07737    8.84611
7.098    8.84611
7.13927    8.82725
7.1599    8.80839
7.20117    8.80839
7.2218    8.80839
7.26307    8.78953
7.32497    8.7518
7.36624    8.73294
7.38687    8.73294
7.42814    8.73294
7.44878    8.71408
7.51068    8.67636
7.55194    8.67636
7.57258    8.67636
7.61385    8.6575
7.65511    8.67636
7.71701    8.63863
7.75828    8.63863
7.79955    8.61977
7.82018    8.63863
7.86145    8.61977
7.94398    8.61977
7.98525    8.61977
8.02652    8.61977
8.06779    8.61977
8.10905    8.60091
8.17096    8.58205
8.21222    8.58205
8.25349    8.58205
8.29476    8.56319
8.33603    8.54433
8.39793    8.54433
8.43919    8.52546
8.48046    8.48774
8.52173    8.46888
8.563    8.46888
8.66617    8.45002
8.70743    8.41229
8.7487    8.41229
8.78997    8.39343
8.85187    8.41229
8.9344    8.37457
8.97567    8.37457
9.01694    8.35571
9.05821    8.37457
9.12011    8.33685
9.20264    8.31799
9.26454    8.33685
9.30581    8.31799
9.34708    8.31799
9.38835    8.31799
9.47088    8.29912
9.51215    8.2614
9.55342    8.2614
9.59468    8.24254
9.61532    8.24254
9.69785    8.22368
9.73912    8.18595
9.78039    8.16709
9.82165    8.14823
9.86292    8.11051
9.94546    8.07278
9.98672    8.05392
10.028    8.05392
10.0693    8.05392
10.1105    8.03506
10.1931    7.99734
10.2343    7.99734
10.2756    7.97848
10.2962    7.97848
10.3375    7.95961
10.42    7.92189
10.4613    7.90303
10.5026    7.90303
10.5438    7.88417
10.5851    7.86531
10.647    7.84644
10.6883    7.80872
10.7089    7.78986
10.7502    7.78986
10.7708    7.771
10.8327    7.71441
10.874    7.71441
10.8946    7.67669
10.9359    7.65783
10.9771    7.60124
11.039    7.56352
11.0597    7.54466
11.1009    7.50694
11.1422    7.48807
11.1628    7.48807
11.2454    7.45035
11.2866    7.43149
11.3073    7.41263
11.3485    7.41263
11.3898    7.39377
11.4517    7.33718
11.493    7.33718
11.5343    7.33718
11.5755    7.31832
11.6168    7.29946
11.6787    7.2806
11.72    7.26173
11.7612    7.26173
11.7819    7.24287
11.8231    7.22401
11.885    7.20515
11.9263    7.18629
11.9676    7.18629
12.0088    7.16743
12.0501    7.14856
12.112    7.1297
12.1533    7.11084
12.1945    7.11084
12.2358    7.11084
12.2771    7.11084
12.339    7.11084
12.3802    7.11084
12.4215    7.11084
12.4628    7.11084
12.504    7.11084
12.5659    7.1297
12.6072    7.1297
12.6485    7.1297
12.6897    7.14856
12.731    7.18629
12.7929    7.20515
12.8342    7.20515
12.8548    7.22401
