6.35519    8.05392
6.35519    8.05392
6.37582    8.03506
6.39646    8.03506
6.39646    8.03506
6.39646    8.0162
6.39646    8.0162
6.41709    8.0162
6.45836    8.0162
6.45836    8.0162
6.47899    8.0162
6.47899    8.0162
6.49962    8.0162
6.54089    8.0162
6.56153    8.0162
6.56153    8.0162
6.58216    8.0162
6.62343    8.0162
6.66469    8.0162
6.70596    8.03506
6.7266    8.03506
6.7266    8.03506
6.74723    8.03506
6.80913    8.03506
6.82976    8.03506
6.87103    8.03506
6.89166    8.03506
6.89166    8.03506
6.95357    8.0162
6.99483    8.0162
7.01547    8.0162
7.0361    7.99734
7.07737    7.99734
7.13927    7.95961
7.13927    7.95961
7.18054    7.94075
7.20117    7.94075
7.24244    7.92189
7.30434    7.90303
7.32497    7.90303
7.36624    7.88417
7.40751    7.88417
7.42814    7.88417
7.46941    7.86531
7.51068    7.86531
7.55194    7.84644
7.59321    7.84644
7.63448    7.84644
7.69638    7.84644
7.75828    7.84644
7.77892    7.84644
7.82018    7.84644
7.86145    7.84644
7.92335    7.84644
7.94398    7.84644
7.98525    7.84644
8.02652    7.84644
8.04715    7.84644
8.10905    7.82758
8.17096    7.82758
8.19159    7.82758
8.25349    7.80872
8.27412    7.80872
8.35666    7.78986
8.39793    7.78986
8.43919    7.78986
8.48046    7.771
8.5011    7.771
8.563    7.771
8.6249    7.771
8.64553    7.771
8.6868    7.771
8.72807    7.771
8.8106    7.771
8.85187    7.78986
8.89314    7.78986
8.91377    7.78986
8.9344    7.80872
9.01694    7.80872
9.05821    7.82758
9.07884    7.82758
9.09947    7.82758
9.14074    7.82758
9.18201    7.82758
9.22328    7.82758
9.24391    7.82758
9.26454    7.82758
9.30581    7.82758
9.34708    7.80872
9.36771    7.80872
9.38835    7.78986
9.42961    7.78986
9.45025    7.771
9.49151    7.771
9.51215    7.771
9.55342    7.771
9.57405    7.771
9.59468    7.771
9.65658    7.771
9.67722    7.771
9.71849    7.771
9.73912    7.771
9.75975    7.771
9.82165    7.78986
9.84229    7.78986
9.88356    7.78986
9.90419    7.80872
9.92482    7.80872
9.98672    7.80872
9.98672    7.80872
10.0074    7.80872
10.0486    7.80872
10.0899    7.78986
10.1312    7.771
10.1518    7.771
10.1518    7.75214
10.1724    7.75214
10.2137    7.73327
10.255    7.71441
10.2756    7.71441
10.2756    7.69555
10.2962    7.69555
10.3581    7.67669
10.3788    7.67669
10.4407    7.67669
10.4407    7.65783
10.4819    7.65783
10.5026    7.65783
10.5851    7.65783
10.6264    7.65783
10.647    7.67669
10.6676    7.67669
10.7089    7.67669
10.7502    7.67669
10.7914    7.67669
10.8121    7.67669
10.8121    7.65783
10.8327    7.65783
10.8946    7.63897
10.8946    7.62011
10.9152    7.62011
10.9359    7.60124
10.9359    7.60124
10.9565    7.56352
10.9771    7.56352
10.9771    7.54466
10.9978    7.54466
11.0184    7.54466
11.039    7.5258
11.0597    7.5258
11.0597    7.5258
11.0597    7.5258
11.0803    7.5258
11.1216    7.5258
11.1422    7.5258
11.1422    7.5258
11.1628    7.5258
11.2041    7.5258
11.2247    7.5258
11.2247    7.5258
11.2454    7.5258
11.2866    7.50694
11.2866    7.50694
11.3073    7.48807
11.3073    7.46921
11.3073    7.45035
11.3073    7.43149
11.3279    7.41263
11.3485    7.3749
11.3279    7.35604
11.3485    7.35604
11.3485    7.33718
11.3485    7.31832
11.3692    7.2806
11.3898    7.26173
11.3898    7.26173
11.3898    7.24287
11.4105    7.24287
11.4517    7.22401
11.4724    7.22401
11.4724    7.22401
11.4724    7.22401
11.493    7.22401
11.5343    7.22401
11.5549    7.22401
11.5549    7.22401
11.5755    7.22401
11.5962    7.24287
11.6168    7.24287
11.6374    7.24287
11.6374    7.24287
11.6581    7.24287
11.6787    7.24287
11.6787    7.24287
11.6993    7.24287
11.72    7.24287
11.72    7.24287
11.72    7.24287
11.7406    7.22401
11.7612    7.22401
11.7406    7.20515
11.7612    7.20515
11.7612    7.18629
11.7612    7.18629
11.7612    7.18629
11.7819    7.18629
11.8025    7.18629
11.8025    7.18629
11.8025    7.18629
11.8231    7.20515
11.8438    7.20515
11.8231    7.22401
11.8644    7.22401
11.885    7.22401
11.885    7.22401
11.885    7.24287
11.9057    7.24287
11.9263    7.24287
11.9469    7.22401
11.9676    7.22401
11.9676    7.22401
11.9676    7.20515
11.9882    7.20515
12.0295    7.18629
12.0501    7.18629
12.0501    7.16743
12.0707    7.16743
12.0914    7.16743
12.112    7.14856
12.1533    7.14856
12.1739    7.14856
12.1739    7.14856
12.1945    7.14856
12.2564    7.16743
12.2771    7.16743
12.3183    7.16743
12.339    7.18629
12.3596    7.18629
12.4421    7.20515
12.4628    7.22401
12.4834    7.24287
12.5247    7.26173
12.5659    7.26173
12.6072    7.2806
12.6485    7.29946
12.6691    7.29946
12.6691    7.31832
12.7104    7.31832
12.7516    7.33718
12.7723    7.33718
12.8135    7.33718
12.8548    7.35604
12.8754    7.35604
