5.28223    7.73327
5.30287    7.73327
5.3235    7.73327
5.36477    7.73327
5.3854    7.73327
5.42667    7.73327
5.4473    7.73327
5.48857    7.73327
5.52984    7.75214
5.57111    7.771
5.59174    7.771
5.61237    7.78986
5.65364    7.78986
5.69491    7.80872
5.71554    7.80872
5.73618    7.80872
5.75681    7.80872
5.77744    7.80872
5.83934    7.80872
5.85998    7.80872
5.88061    7.78986
5.90125    7.78986
5.94251    7.78986
5.98378    7.771
6.00441    7.75214
6.02505    7.75214
6.04568    7.73327
6.06632    7.73327
6.10758    7.71441
6.14885    7.71441
6.16948    7.71441
6.19012    7.71441
6.21075    7.71441
6.27265    7.71441
6.29329    7.71441
6.31392    7.71441
6.33455    7.71441
6.37582    7.71441
6.41709    7.71441
6.45836    7.71441
6.47899    7.73327
6.52026    7.73327
6.54089    7.73327
6.60279    7.75214
6.62343    7.771
6.64406    7.771
6.68533    7.771
6.70596    7.771
6.76786    7.771
6.7885    7.771
6.82976    7.771
6.8504    7.771
6.89166    7.771
6.93293    7.75214
6.9742    7.75214
7.01547    7.73327
7.0361    7.73327
7.07737    7.71441
7.13927    7.69555
7.1599    7.69555
7.20117    7.67669
7.2218    7.67669
7.26307    7.67669
7.32497    7.67669
7.34561    7.67669
7.38687    7.67669
7.40751    7.67669
7.44878    7.69555
7.51068    7.69555
7.55194    7.69555
7.59321    7.71441
7.61385    7.71441
7.65511    7.73327
7.71701    7.75214
7.75828    7.771
7.79955    7.771
7.82018    7.78986
7.86145    7.78986
7.92335    7.78986
7.96462    7.78986
7.98525    7.78986
8.02652    7.78986
8.06779    7.78986
8.12969    7.771
8.17096    7.771
8.21222    7.75214
8.23286    7.75214
8.27412    7.75214
8.33603    7.73327
8.37729    7.73327
8.39793    7.73327
8.43919    7.73327
8.48046    7.73327
8.54236    7.73327
8.563    7.73327
8.60426    7.75214
8.6249    7.75214
8.66617    7.75214
8.72807    7.771
8.7487    7.771
8.78997    7.78986
8.8106    7.78986
8.85187    7.80872
8.89314    7.82758
8.9344    7.84644
8.95504    7.84644
8.97567    7.84644
8.99631    7.84644
9.03757    7.86531
9.05821    7.86531
9.07884    7.86531
9.09947    7.84644
9.12011    7.84644
9.16137    7.84644
9.20264    7.84644
9.22328    7.82758
9.24391    7.82758
9.26454    7.82758
9.30581    7.80872
9.32644    7.80872
9.34708    7.80872
9.38835    7.80872
9.40898    7.80872
9.45025    7.82758
9.47088    7.82758
9.49151    7.82758
9.51215    7.84644
9.53278    7.84644
9.57405    7.86531
9.59468    7.86531
9.61532    7.88417
9.63595    7.88417
9.65658    7.90303
9.69785    7.92189
9.71849    7.94075
9.73912    7.95961
9.75975    7.95961
9.78039    7.97848
9.82165    7.99734
9.84229    7.99734
9.86292    7.99734
9.88356    7.99734
9.90419    7.99734
9.92482    7.99734
9.94546    7.99734
9.96609    7.99734
9.98672    7.99734
10.0074    7.99734
10.0486    7.97848
10.0693    7.95961
10.0899    7.95961
10.1105    7.95961
10.1312    7.94075
10.1518    7.92189
10.1724    7.92189
10.1931    7.90303
10.2137    7.90303
10.2343    7.90303
10.255    7.88417
10.2756    7.88417
10.2962    7.88417
10.3169    7.88417
10.3169    7.88417
10.3581    7.88417
10.3788    7.88417
10.3994    7.88417
10.3994    7.88417
10.42    7.88417
10.4613    7.88417
10.4819    7.88417
10.4819    7.88417
10.5026    7.88417
10.5232    7.88417
10.5645    7.88417
10.5851    7.88417
10.6057    7.88417
10.6264    7.86531
10.6264    7.86531
10.647    7.84644
10.6676    7.84644
10.6676    7.82758
10.6676    7.82758
10.6883    7.80872
10.6883    7.78986
10.6883    7.771
10.6883    7.771
10.6883    7.75214
10.6883    7.73327
10.6676    7.71441
10.6676    7.69555
10.6676    7.67669
10.6676    7.67669
10.6676    7.65783
10.647    7.63897
10.647    7.62011
10.647    7.60124
10.647    7.60124
10.647    7.58238
10.6264    7.56352
10.6264    7.56352
10.6264    7.56352
10.6264    7.54466
10.6264    7.54466
10.6264    7.54466
10.6264    7.5258
10.6264    7.5258
10.6264    7.5258
10.647    7.5258
10.647    7.50694
10.6676    7.50694
10.6676    7.50694
10.6676    7.50694
10.6883    7.50694
10.7089    7.50694
10.7295    7.50694
10.7295    7.50694
10.7502    7.50694
10.7708    7.50694
10.7914    7.50694
10.8121    7.50694
10.8327    7.50694
10.8533    7.50694
10.874    7.50694
10.9152    7.50694
10.9152    7.50694
10.9359    7.50694
10.9565    7.50694
10.9565    7.50694
10.9771    7.48807
10.9978    7.48807
11.0184    7.48807
11.0184    7.46921
11.0184    7.46921
11.039    7.45035
11.039    7.43149
11.039    7.41263
11.039    7.41263
11.039    7.39377
11.039    7.3749
11.039    7.35604
11.039    7.33718
11.0597    7.33718
11.0597    7.33718
11.0597    7.29946
11.0597    7.29946
11.0597    7.2806
11.0597    7.2806
11.0803    7.2806
11.0803    7.26173
11.0803    7.26173
11.1009    7.24287
11.1009    7.24287
11.1009    7.24287
11.1216    7.24287
11.1422    7.24287
11.1628    7.24287
11.1628    7.24287
11.1835    7.24287
11.2041    7.24287
11.2247    7.26173
11.2454    7.26173
11.2454    7.26173
11.266    7.26173
11.2866    7.26173
11.3073    7.26173
11.3073    7.24287
11.3279    7.24287
11.3485    7.24287
11.3692    7.22401
11.3692    7.20515
11.3898    7.20515
11.3898    7.18629
11.4105    7.18629
11.4105    7.14856
11.4311    7.14856
11.4311    7.1297
11.4311    7.1297
11.4517    7.11084
11.4517    7.09198
11.4724    7.07312
11.4724    7.07312
11.493    7.05426
11.493    7.05426
11.5136    7.03539
11.5343    7.03539
11.5343    7.03539
11.5549    7.03539
11.5549    7.03539
11.5962    7.05426
11.5962    7.05426
11.6168    7.05426
11.6374    7.07312
11.6374    7.07312
11.6787    7.09198
11.6993    7.09198
11.72    7.11084
11.72    7.11084
11.7406    7.11084
11.7819    7.11084
11.8025    7.11084
11.8231    7.11084
11.8438    7.11084
11.885    7.11084
11.9263    7.09198
11.9676    7.07312
11.9882    7.07312
12.0295    7.05426
12.0501    7.05426
12.112    7.03539
12.1326    7.03539
12.1533    7.03539
12.1739    7.03539
12.2152    7.03539
12.2564    7.01653
12.2771    7.01653
12.3183    7.01653
12.339    7.01653
12.3596    7.01653
12.4215    7.01653
12.4421    7.01653
12.4834    7.01653
12.504    7.01653
12.5453    7.03539
12.6072    7.03539
12.6278    7.03539
12.6485    7.05426
12.6897    7.05426
12.7104    7.05426
12.7723    7.05426
12.7929    7.05426
