5.24097    7.03539
5.24097    7.03539
5.24097    7.03539
5.2616    7.03539
5.28223    7.05426
5.28223    7.05426
5.30287    7.05426
5.3235    7.05426
5.34414    7.05426
5.36477    7.03539
5.36477    7.03539
5.3854    7.03539
5.42667    7.01653
5.46794    7.01653
5.48857    6.99767
5.48857    6.99767
5.50921    6.97881
5.55047    6.97881
5.59174    6.95995
5.63301    6.94109
5.65364    6.94109
5.65364    6.94109
5.67427    6.94109
5.73618    6.92222
5.75681    6.92222
5.79808    6.92222
5.81871    6.92222
5.83934    6.92222
5.92188    6.92222
5.94251    6.92222
5.96315    6.94109
6.00441    6.94109
6.04568    6.94109
6.08695    6.94109
6.12822    6.94109
6.14885    6.94109
6.16948    6.94109
6.21075    6.94109
6.27265    6.94109
6.27265    6.92222
6.31392    6.92222
6.33455    6.92222
6.39646    6.92222
6.43772    6.90336
6.47899    6.90336
6.52026    6.90336
6.56153    6.8845
6.58216    6.8845
6.68533    6.8845
6.70596    6.8845
6.74723    6.8845
6.7885    6.8845
6.80913    6.8845
6.87103    6.8845
6.9123    6.90336
6.95357    6.90336
6.99483    6.90336
7.0361    6.90336
7.098    6.90336
7.11864    6.90336
7.18054    6.92222
7.20117    6.92222
7.24244    6.92222
7.32497    6.92222
7.34561    6.92222
7.36624    6.92222
7.40751    6.92222
7.44878    6.92222
7.51068    6.90336
7.53131    6.90336
7.59321    6.90336
7.61385    6.8845
7.65511    6.8845
7.71701    6.86564
7.73765    6.84678
7.79955    6.84678
7.82018    6.84678
7.86145    6.82792
7.92335    6.82792
7.94398    6.82792
7.98525    6.80905
8.02652    6.80905
8.04715    6.80905
8.08842    6.80905
8.12969    6.79019
8.17096    6.79019
8.19159    6.79019
8.25349    6.79019
8.29476    6.79019
8.33603    6.79019
8.35666    6.79019
8.39793    6.79019
8.43919    6.77133
8.5011    6.77133
8.5011    6.75247
8.52173    6.75247
8.58363    6.75247
8.58363    6.73361
8.64553    6.71475
8.6868    6.71475
8.70743    6.71475
8.72807    6.69588
8.76933    6.69588
8.8106    6.67702
8.85187    6.65816
8.8725    6.65816
8.8725    6.6393
8.91377    6.6393
8.95504    6.6393
8.97567    6.62044
9.01694    6.62044
9.05821    6.62044
9.07884    6.62044
9.12011    6.62044
9.14074    6.62044
9.18201    6.62044
9.20264    6.62044
9.22328    6.62044
9.28518    6.6393
9.28518    6.6393
9.30581    6.6393
9.34708    6.6393
9.36771    6.62044
9.38835    6.62044
9.42961    6.62044
9.45025    6.60158
9.45025    6.60158
9.47088    6.58271
9.51215    6.58271
9.53278    6.56385
9.53278    6.56385
9.55342    6.54499
9.59468    6.54499
9.61532    6.52613
9.61532    6.50727
9.63595    6.50727
9.67722    6.48841
9.67722    6.48841
9.71849    6.46954
9.73912    6.46954
9.73912    6.46954
9.73912    6.46954
9.75975    6.46954
9.80102    6.46954
9.82165    6.46954
9.82165    6.46954
9.82165    6.46954
9.84229    6.46954
9.88356    6.46954
9.90419    6.46954
9.90419    6.48841
9.92482    6.48841
9.94546    6.48841
9.96609    6.48841
10.0074    6.48841
10.0074    6.48841
10.028    6.48841
10.028    6.48841
10.0486    6.46954
10.0899    6.46954
10.0899    6.46954
10.1105    6.46954
10.1105    6.45068
10.1312    6.43182
10.1518    6.41296
10.1518    6.41296
10.1518    6.3941
10.1724    6.37524
10.2137    6.35637
10.2137    6.33751
10.2343    6.31865
10.2137    6.31865
10.255    6.29979
10.2756    6.28093
10.2756    6.26207
10.2756    6.26207
10.2962    6.26207
10.3169    6.26207
10.3375    6.2432
10.3581    6.2432
10.3581    6.2432
10.3788    6.2432
10.3994    6.26207
10.42    6.26207
10.4407    6.28093
10.4407    6.28093
10.4407    6.28093
10.4613    6.29979
10.5026    6.29979
10.5232    6.29979
10.5026    6.29979
10.5438    6.29979
10.5645    6.29979
10.5645    6.29979
10.5851    6.29979
10.6057    6.29979
10.6057    6.29979
10.6264    6.29979
10.6676    6.29979
10.6883    6.28093
10.6676    6.28093
10.6883    6.28093
10.6883    6.28093
10.7295    6.26207
10.7295    6.26207
10.7502    6.26207
10.7708    6.26207
10.7708    6.26207
10.7914    6.26207
10.8121    6.26207
10.8121    6.26207
10.8121    6.28093
10.8327    6.28093
10.8533    6.29979
10.8533    6.31865
10.8533    6.31865
10.8533    6.33751
10.8533    6.33751
10.874    6.37524
10.8946    6.37524
10.874    6.3941
10.8946    6.3941
10.8946    6.41296
10.8946    6.41296
10.9152    6.43182
10.9359    6.43182
10.9152    6.43182
10.9359    6.43182
10.9359    6.43182
10.9565    6.43182
10.9771    6.43182
10.9771    6.43182
10.9771    6.43182
10.9978    6.43182
11.0184    6.41296
11.0184    6.41296
11.039    6.41296
11.0597    6.41296
11.0597    6.3941
11.0803    6.3941
11.1009    6.3941
11.1009    6.3941
11.1216    6.3941
11.1628    6.37524
11.1628    6.37524
11.1835    6.37524
11.1628    6.37524
11.1835    6.37524
11.1835    6.37524
11.1835    6.3941
11.2041    6.3941
11.2247    6.3941
11.2041    6.41296
11.2247    6.43182
11.2247    6.45068
11.2247    6.45068
11.2247    6.46954
11.2247    6.48841
11.2454    6.50727
11.266    6.52613
11.2454    6.52613
11.266    6.54499
11.266    6.54499
11.266    6.56385
11.2866    6.58271
11.3073    6.58271
11.2866    6.60158
11.3073    6.60158
11.3073    6.62044
11.3073    6.62044
11.3279    6.62044
11.3485    6.62044
11.3485    6.62044
11.3485    6.62044
11.3692    6.62044
11.3898    6.62044
11.3898    6.62044
11.3898    6.62044
11.4105    6.62044
11.4311    6.60158
11.4311    6.60158
11.4311    6.60158
11.4517    6.58271
11.4724    6.58271
11.4724    6.58271
11.4724    6.58271
11.4724    6.58271
11.4724    6.58271
11.493    6.58271
11.5136    6.58271
11.493    6.58271
11.5136    6.58271
11.493    6.60158
11.5343    6.60158
11.5343    6.62044
11.5343    6.62044
11.5343    6.62044
11.5343    6.6393
11.5343    6.65816
11.5549    6.65816
11.5343    6.65816
11.5549    6.67702
11.5343    6.67702
11.5549    6.69588
11.5549    6.69588
11.5549    6.69588
11.5549    6.69588
11.5549    6.69588
11.5755    6.71475
11.5962    6.71475
11.5962    6.71475
11.5962    6.71475
11.5962    6.71475
11.6168    6.71475
11.6581    6.69588
11.6581    6.69588
11.6787    6.69588
11.6787    6.67702
11.6993    6.65816
11.72    6.65816
11.72    6.6393
11.72    6.6393
11.7406    6.6393
11.7819    6.6393
11.8025    6.6393
11.8025    6.62044
11.8231    6.62044
11.8438    6.62044
11.8644    6.6393
11.9057    6.6393
11.9263    6.6393
11.9469    6.65816
11.9882    6.65816
12.0295    6.67702
12.0501    6.69588
12.0501    6.69588
12.0707    6.69588
12.0914    6.69588
12.112    6.71475
12.1533    6.71475
12.1739    6.71475
12.1739    6.73361
12.1945    6.73361
12.2564    6.73361
12.2564    6.73361
12.2771    6.73361
12.3183    6.73361
12.339    6.73361
12.3802    6.71475
12.4009    6.71475
12.4421    6.69588
12.4834    6.69588
12.504    6.69588
12.5453    6.69588
12.5659    6.69588
12.6072    6.67702
12.6485    6.67702
12.6691    6.67702
12.7104    6.67702
