6.02505    7.14856
6.02505    7.14856
6.04568    7.14856
6.06632    7.16743
6.06632    7.18629
6.08695    7.18629
6.08695    7.20515
6.10758    7.22401
6.12822    7.24287
6.12822    7.24287
6.14885    7.26173
6.16948    7.26173
6.16948    7.2806
6.21075    7.29946
6.23139    7.31832
6.23139    7.31832
6.25202    7.33718
6.27265    7.33718
6.31392    7.33718
6.35519    7.33718
6.37582    7.33718
6.39646    7.33718
6.41709    7.33718
6.47899    7.33718
6.49962    7.33718
6.54089    7.33718
6.56153    7.33718
6.58216    7.33718
6.64406    7.31832
6.66469    7.31832
6.70596    7.31832
6.7266    7.31832
6.76786    7.31832
6.82976    7.31832
6.8504    7.33718
6.89166    7.33718
6.9123    7.33718
6.93293    7.33718
6.99483    7.35604
7.0361    7.35604
7.05673    7.35604
7.07737    7.35604
7.11864    7.35604
7.18054    7.35604
7.2218    7.33718
7.24244    7.33718
7.28371    7.33718
7.30434    7.31832
7.38687    7.29946
7.40751    7.2806
7.44878    7.2806
7.49004    7.26173
7.51068    7.26173
7.57258    7.24287
7.61385    7.24287
7.65511    7.22401
7.69638    7.22401
7.71701    7.22401
7.79955    7.20515
7.84082    7.20515
7.86145    7.20515
7.90272    7.20515
7.94398    7.18629
8.00589    7.18629
8.04715    7.18629
8.08842    7.20515
8.12969    7.20515
8.15032    7.20515
8.23286    7.20515
8.27412    7.20515
8.31539    7.20515
8.33603    7.20515
8.37729    7.20515
8.43919    7.20515
8.48046    7.20515
8.52173    7.20515
8.563    7.20515
8.60426    7.20515
8.66617    7.20515
8.70743    7.20515
8.7487    7.20515
8.76933    7.20515
8.8106    7.20515
8.8725    7.22401
8.91377    7.24287
8.9344    7.24287
8.95504    7.26173
8.99631    7.26173
9.03757    7.2806
9.05821    7.29946
9.07884    7.29946
9.09947    7.31832
9.12011    7.33718
9.16137    7.35604
9.18201    7.3749
9.22328    7.3749
9.24391    7.39377
9.26454    7.39377
9.30581    7.41263
9.32644    7.43149
9.34708    7.43149
9.36771    7.43149
9.38835    7.45035
9.42961    7.45035
9.45025    7.45035
9.47088    7.45035
9.49151    7.45035
9.51215    7.45035
9.55342    7.45035
9.57405    7.45035
9.59468    7.45035
9.61532    7.45035
9.63595    7.45035
9.67722    7.45035
9.69785    7.45035
9.69785    7.45035
9.71849    7.45035
9.73912    7.45035
9.78039    7.46921
9.80102    7.46921
9.82165    7.46921
9.84229    7.46921
9.84229    7.48807
9.88356    7.48807
9.90419    7.50694
9.90419    7.50694
9.92482    7.5258
9.94546    7.5258
9.96609    7.54466
9.98672    7.54466
10.0074    7.54466
10.0074    7.54466
10.028    7.56352
10.0486    7.56352
10.0486    7.56352
10.0693    7.56352
10.0693    7.56352
10.0899    7.56352
10.1105    7.56352
10.1312    7.56352
10.1518    7.54466
10.1724    7.54466
10.1931    7.54466
10.2137    7.54466
10.2343    7.54466
10.255    7.5258
10.2756    7.5258
10.2962    7.5258
10.3375    7.5258
10.3581    7.5258
10.3788    7.5258
10.3994    7.5258
10.42    7.5258
10.4613    7.5258
10.4819    7.54466
10.5026    7.54466
10.5232    7.54466
10.5438    7.54466
10.5645    7.54466
10.5851    7.56352
10.6057    7.56352
10.6264    7.56352
10.647    7.58238
10.6883    7.58238
10.7089    7.58238
10.7295    7.58238
10.7502    7.58238
10.7708    7.58238
10.8121    7.58238
10.8121    7.56352
10.8327    7.56352
10.8327    7.56352
10.8533    7.54466
10.874    7.5258
10.874    7.50694
10.8946    7.50694
10.8946    7.48807
10.9152    7.48807
10.9359    7.45035
10.9359    7.45035
10.9565    7.45035
10.9771    7.43149
10.9771    7.43149
10.9978    7.43149
11.0184    7.43149
11.039    7.43149
11.0597    7.41263
11.0597    7.41263
11.1009    7.41263
11.1009    7.41263
11.1216    7.41263
11.1422    7.39377
11.1422    7.39377
11.1628    7.39377
11.1628    7.3749
11.1628    7.3749
11.1835    7.3749
11.1835    7.3749
11.2041    7.35604
11.2041    7.33718
11.2041    7.33718
11.2041    7.31832
11.2247    7.29946
11.2247    7.2806
11.2247    7.26173
11.2454    7.24287
11.2454    7.22401
11.2454    7.20515
11.266    7.18629
11.266    7.18629
11.266    7.16743
11.2866    7.16743
11.2866    7.16743
11.3073    7.14856
11.3073    7.14856
11.3279    7.14856
11.3279    7.14856
11.3279    7.14856
11.3485    7.16743
11.3485    7.16743
11.3692    7.16743
11.3692    7.18629
11.3898    7.18629
11.4105    7.20515
11.4311    7.20515
11.4311    7.20515
11.4517    7.20515
11.4517    7.20515
11.493    7.20515
11.493    7.20515
11.5136    7.18629
11.5136    7.18629
11.5343    7.18629
11.5549    7.14856
11.5755    7.14856
11.5962    7.1297
11.6168    7.11084
11.6168    7.11084
11.6581    7.07312
11.6581    7.07312
11.6787    7.05426
11.6993    7.05426
11.72    7.03539
11.7406    7.01653
11.7612    7.01653
11.7819    6.99767
11.8025    6.99767
11.8025    6.99767
11.8231    6.99767
11.8231    6.99767
11.8438    6.99767
11.8644    6.99767
11.8644    6.99767
11.885    6.99767
11.9057    7.01653
11.9263    7.01653
11.9263    7.01653
11.9469    7.01653
11.9676    7.01653
11.9882    6.99767
11.9882    6.99767
12.0088    6.99767
12.0295    6.99767
12.0501    6.97881
12.0707    6.97881
12.0707    6.95995
12.0914    6.95995
12.112    6.94109
12.1326    6.94109
12.1533    6.92222
12.1533    6.92222
12.1739    6.92222
12.1945    6.90336
12.2152    6.90336
12.2358    6.90336
12.2564    6.90336
12.2771    6.90336
12.2977    6.90336
12.339    6.92222
12.3596    6.92222
12.3802    6.92222
12.4009    6.94109
12.4215    6.95995
12.4628    6.97881
12.504    6.99767
12.5247    7.01653
12.5453    7.01653
12.5659    7.03539
12.6072    7.03539
12.6278    7.03539
12.6485    7.05426
12.6691    7.05426
12.6897    7.05426
12.7516    7.05426
12.7723    7.05426
12.7929    7.05426
12.8342    7.05426
12.8548    7.05426
