6.68533    7.54466
6.68533    7.54466
6.68533    7.54466
6.70596    7.56352
6.70596    7.58238
6.7266    7.54466
6.74723    7.54466
6.76786    7.54466
6.7885    7.54466
6.82976    7.5258
6.8504    7.54466
6.87103    7.5258
6.89166    7.5258
6.93293    7.5258
6.9742    7.50694
6.99483    7.48807
7.01547    7.50694
7.0361    7.48807
7.07737    7.50694
7.098    7.48807
7.13927    7.48807
7.1599    7.48807
7.18054    7.48807
7.24244    7.48807
7.28371    7.48807
7.30434    7.48807
7.34561    7.46921
7.38687    7.45035
7.44878    7.46921
7.49004    7.45035
7.53131    7.46921
7.57258    7.46921
7.61385    7.46921
7.67575    7.46921
7.71701    7.46921
7.75828    7.46921
7.79955    7.46921
7.84082    7.46921
7.92335    7.45035
7.96462    7.46921
8.00589    7.45035
8.04715    7.45035
8.08842    7.45035
8.17096    7.43149
8.21222    7.41263
8.25349    7.43149
8.29476    7.41263
8.33603    7.43149
8.41856    7.41263
8.48046    7.43149
8.52173    7.41263
8.563    7.43149
8.60426    7.41263
8.6868    7.43149
8.72807    7.41263
8.76933    7.43149
8.8106    7.43149
8.85187    7.43149
8.9344    7.45035
8.97567    7.46921
9.01694    7.46921
9.05821    7.46921
9.09947    7.46921
9.16137    7.46921
9.20264    7.48807
9.22328    7.48807
9.26454    7.48807
9.30581    7.48807
9.34708    7.48807
9.38835    7.48807
9.40898    7.50694
9.42961    7.48807
9.45025    7.50694
9.49151    7.48807
9.53278    7.5258
9.55342    7.5258
9.57405    7.5258
9.59468    7.5258
9.63595    7.54466
9.65658    7.5258
9.67722    7.54466
9.69785    7.54466
9.71849    7.54466
9.75975    7.56352
9.78039    7.58238
9.80102    7.56352
9.82165    7.58238
9.84229    7.58238
9.88356    7.58238
9.92482    7.58238
9.94546    7.58238
9.96609    7.58238
10.0074    7.58238
10.0693    7.58238
10.0899    7.56352
10.1312    7.58238
10.1518    7.56352
10.1931    7.56352
10.255    7.56352
10.2962    7.56352
10.3169    7.56352
10.3581    7.56352
10.3788    7.56352
10.4407    7.54466
10.4819    7.5258
10.5232    7.54466
10.5438    7.5258
10.5851    7.5258
10.647    7.50694
10.6883    7.46921
10.7089    7.46921
10.7295    7.45035
10.7502    7.46921
10.7914    7.43149
10.8121    7.43149
10.8327    7.43149
10.8533    7.43149
10.8946    7.43149
10.9359    7.43149
10.9565    7.43149
10.9771    7.43149
10.9978    7.43149
11.039    7.43149
11.0803    7.41263
11.1009    7.43149
11.1216    7.41263
11.1422    7.43149
11.1628    7.41263
11.1835    7.41263
11.2041    7.41263
11.2247    7.41263
11.2454    7.39377
11.266    7.3749
11.2866    7.3749
11.2866    7.35604
11.3073    7.33718
11.3279    7.33718
11.3279    7.31832
11.3485    7.2806
11.3692    7.2806
11.3898    7.26173
11.3898    7.2806
11.4105    7.26173
11.4311    7.26173
11.4517    7.26173
11.4517    7.26173
11.4724    7.24287
11.493    7.22401
11.5136    7.24287
11.5343    7.22401
11.5343    7.24287
11.5549    7.22401
11.5549    7.22401
11.5962    7.22401
11.5962    7.22401
11.6168    7.22401
11.6168    7.22401
11.6374    7.22401
11.6374    7.20515
11.6581    7.18629
11.6581    7.20515
11.6787    7.18629
11.6787    7.18629
11.6993    7.16743
11.6993    7.14856
11.72    7.16743
11.72    7.14856
11.7406    7.14856
11.7612    7.14856
11.7612    7.14856
11.7819    7.14856
11.7819    7.14856
11.8025    7.1297
11.8231    7.11084
11.8438    7.1297
11.8644    7.11084
11.885    7.1297
11.9057    7.11084
11.9263    7.1297
11.9469    7.11084
11.9676    7.11084
11.9882    7.11084
11.9882    7.11084
12.0295    7.09198
12.0295    7.07312
12.0501    7.07312
12.0707    7.05426
12.0914    7.03539
12.112    7.03539
12.1326    7.03539
12.1533    7.03539
12.1739    7.03539
12.1945    7.01653
12.2564    6.99767
12.2771    7.01653
12.2977    6.99767
12.3183    7.01653
12.339    7.01653
12.3802    7.03539
12.4009    7.05426
12.4215    7.03539
12.4421    7.05426
12.4834    7.03539
12.5247    7.05426
12.5659    7.03539
12.5866    7.05426
12.6278    7.03539
12.6691    7.05426
12.731    7.03539
12.7723    7.05426
12.8135    7.03539
12.8342    7.05426
12.8754    7.05426
12.9373    7.07312
12.958    7.09198
12.9992    7.09198
