6.58216    6.97881
6.58216    6.97881
6.60279    6.97881
6.62343    6.97881
6.62343    6.97881
6.64406    6.97881
6.66469    6.97881
6.68533    6.97881
6.7266    6.95995
6.74723    6.95995
6.76786    6.94109
6.7885    6.94109
6.80913    6.92222
6.8504    6.90336
6.89166    6.90336
6.9123    6.8845
6.93293    6.8845
6.95357    6.86564
7.01547    6.86564
7.0361    6.86564
7.05673    6.84678
7.07737    6.84678
7.11864    6.84678
7.18054    6.84678
7.20117    6.84678
7.24244    6.84678
7.28371    6.82792
7.32497    6.82792
7.38687    6.84678
7.42814    6.84678
7.46941    6.84678
7.51068    6.84678
7.55194    6.84678
7.61385    6.82792
7.65511    6.82792
7.69638    6.82792
7.73765    6.80905
7.77892    6.80905
7.84082    6.77133
7.88208    6.77133
7.92335    6.75247
7.96462    6.73361
8.00589    6.71475
8.10905    6.67702
8.15032    6.67702
8.19159    6.65816
8.23286    6.65816
8.29476    6.6393
8.37729    6.6393
8.41856    6.6393
8.45983    6.62044
8.5011    6.62044
8.563    6.62044
8.64553    6.62044
8.70743    6.62044
8.7487    6.62044
8.8106    6.62044
8.85187    6.62044
8.9344    6.62044
8.97567    6.62044
9.01694    6.62044
9.05821    6.62044
9.09947    6.62044
9.16137    6.60158
9.20264    6.60158
9.24391    6.58271
9.26454    6.58271
9.30581    6.56385
9.38835    6.54499
9.42961    6.54499
9.47088    6.52613
9.53278    6.50727
9.57405    6.50727
9.65658    6.48841
9.71849    6.48841
9.75975    6.48841
9.80102    6.46954
9.84229    6.46954
9.94546    6.46954
9.98672    6.46954
10.028    6.46954
10.0899    6.48841
10.1312    6.48841
10.2343    6.50727
10.2756    6.50727
10.3375    6.50727
10.3788    6.52613
10.42    6.52613
10.5026    6.54499
10.5438    6.54499
10.5851    6.54499
10.6264    6.54499
10.6676    6.54499
10.7502    6.56385
10.8121    6.56385
10.8533    6.56385
10.8946    6.56385
10.9359    6.56385
11.039    6.58271
11.0803    6.58271
11.1216    6.60158
11.1628    6.60158
11.2041    6.62044
11.266    6.62044
11.3073    6.6393
11.3485    6.6393
11.3898    6.65816
11.4105    6.65816
11.493    6.67702
11.5136    6.69588
11.5549    6.71475
11.5962    6.73361
11.6168    6.73361
11.6787    6.77133
11.72    6.77133
11.7612    6.79019
11.7819    6.79019
11.8231    6.79019
11.8644    6.80905
11.9057    6.80905
11.9469    6.80905
11.9676    6.80905
12.0088    6.80905
12.0914    6.79019
12.1326    6.77133
12.1739    6.75247
12.2152    6.75247
12.2564    6.73361
12.3183    6.71475
12.3596    6.71475
12.4009    6.69588
12.4215    6.67702
12.4628    6.67702
12.5247    6.65816
12.5659    6.65816
12.5866    6.6393
12.6278    6.62044
12.6691    6.62044
12.7516    6.60158
