5.79808    6.41296
5.79808    6.41296
5.79808    6.41296
5.81871    6.3941
5.81871    6.37524
5.81871    6.35637
5.83934    6.35637
5.83934    6.33751
5.85998    6.29979
5.88061    6.29979
5.88061    6.28093
5.90125    6.26207
5.92188    6.2432
5.94251    6.22434
5.96315    6.22434
5.98378    6.22434
6.00441    6.22434
6.02505    6.22434
6.08695    6.22434
6.10758    6.22434
6.14885    6.22434
6.16948    6.2432
6.19012    6.2432
6.27265    6.28093
6.29329    6.29979
6.33455    6.31865
6.35519    6.31865
6.39646    6.33751
6.43772    6.35637
6.45836    6.35637
6.47899    6.35637
6.49962    6.35637
6.54089    6.35637
6.58216    6.35637
6.62343    6.35637
6.64406    6.35637
6.66469    6.33751
6.70596    6.33751
6.76786    6.31865
6.80913    6.29979
6.8504    6.29979
6.89166    6.28093
6.9123    6.28093
6.99483    6.26207
7.01547    6.26207
7.05673    6.26207
7.07737    6.26207
7.11864    6.26207
7.18054    6.26207
7.2218    6.26207
7.26307    6.26207
7.28371    6.28093
7.32497    6.28093
7.40751    6.29979
7.44878    6.31865
7.49004    6.33751
7.53131    6.35637
7.57258    6.35637
7.63448    6.37524
7.67575    6.37524
7.69638    6.37524
7.73765    6.37524
7.75828    6.35637
7.84082    6.35637
7.88208    6.33751
7.92335    6.33751
7.94398    6.31865
7.98525    6.29979
8.06779    6.28093
8.10905    6.28093
8.15032    6.26207
8.19159    6.26207
8.21222    6.26207
8.27412    6.2432
8.31539    6.2432
8.35666    6.2432
8.37729    6.2432
8.41856    6.2432
8.48046    6.2432
8.52173    6.2432
8.54236    6.2432
8.58363    6.26207
8.6249    6.26207
8.6868    6.28093
8.72807    6.29979
8.7487    6.29979
8.78997    6.29979
8.8106    6.29979
8.8725    6.29979
8.89314    6.29979
8.91377    6.28093
8.95504    6.28093
8.97567    6.26207
9.03757    6.2432
9.05821    6.22434
9.07884    6.22434
9.12011    6.20548
9.14074    6.18662
9.20264    6.16776
9.22328    6.16776
9.24391    6.16776
9.28518    6.1489
9.30581    6.1489
9.34708    6.1489
9.36771    6.1489
9.40898    6.1489
9.42961    6.16776
9.45025    6.16776
9.49151    6.18662
9.51215    6.20548
9.53278    6.20548
9.55342    6.22434
9.57405    6.22434
9.63595    6.2432
9.65658    6.2432
9.67722    6.2432
9.69785    6.2432
9.71849    6.2432
9.78039    6.2432
9.80102    6.22434
9.84229    6.22434
9.86292    6.22434
9.88356    6.22434
9.94546    6.20548
9.96609    6.20548
9.98672    6.20548
10.0074    6.20548
10.028    6.20548
10.0693    6.22434
10.0899    6.22434
10.1105    6.2432
10.1312    6.2432
10.1312    6.26207
10.1724    6.28093
10.1931    6.29979
10.2137    6.31865
10.2343    6.31865
10.2343    6.31865
10.2756    6.33751
10.2962    6.33751
10.3169    6.33751
10.3375    6.33751
10.3581    6.33751
10.3994    6.31865
10.42    6.31865
10.4407    6.31865
10.4819    6.29979
10.5026    6.29979
10.5438    6.28093
10.5645    6.26207
10.5851    6.26207
10.6057    6.2432
10.6264    6.2432
10.6676    6.2432
10.6883    6.2432
10.7089    6.2432
10.7295    6.2432
10.7295    6.2432
10.7502    6.26207
10.7708    6.28093
10.7914    6.28093
10.7914    6.29979
10.8121    6.31865
10.8327    6.35637
10.8533    6.37524
10.874    6.3941
10.8946    6.41296
10.8946    6.41296
10.9152    6.45068
10.9359    6.45068
10.9565    6.46954
10.9565    6.46954
10.9771    6.48841
10.9978    6.48841
10.9978    6.48841
11.0184    6.50727
11.0184    6.50727
11.039    6.50727
11.0597    6.48841
11.0803    6.48841
11.0803    6.48841
11.1009    6.48841
11.1216    6.48841
11.1422    6.46954
11.1628    6.46954
11.1628    6.46954
11.1835    6.46954
11.1835    6.46954
11.2041    6.45068
11.2247    6.45068
11.2247    6.45068
11.2454    6.45068
11.2454    6.45068
11.266    6.46954
11.266    6.46954
11.266    6.48841
11.266    6.48841
11.2866    6.50727
11.2866    6.52613
11.2866    6.54499
11.2866    6.56385
11.2866    6.58271
11.2866    6.60158
11.2866    6.6393
11.2866    6.65816
11.2866    6.67702
11.2866    6.69588
11.2866    6.71475
11.2866    6.73361
11.2866    6.75247
11.2866    6.75247
11.2866    6.75247
11.2866    6.77133
11.2866    6.77133
11.3073    6.79019
11.3073    6.79019
11.3073    6.79019
11.3073    6.79019
11.3279    6.79019
11.3279    6.79019
11.3279    6.79019
11.3485    6.79019
11.3485    6.79019
11.3692    6.77133
11.3898    6.77133
11.3898    6.75247
11.4105    6.75247
11.4311    6.75247
11.4517    6.71475
11.4724    6.71475
11.493    6.69588
11.5136    6.69588
11.5136    6.67702
11.5343    6.65816
11.5549    6.65816
11.5549    6.6393
11.5755    6.6393
11.5755    6.6393
11.5962    6.62044
11.6168    6.62044
11.6168    6.62044
11.6374    6.62044
11.6581    6.62044
11.6787    6.6393
11.6787    6.6393
11.6993    6.6393
11.6993    6.65816
11.72    6.65816
11.7406    6.67702
11.7406    6.69588
11.7406    6.69588
11.7612    6.71475
11.7612    6.71475
11.7612    6.73361
11.7819    6.73361
11.7819    6.73361
11.7819    6.73361
11.7819    6.73361
11.8025    6.73361
11.8025    6.71475
11.8025    6.71475
11.8231    6.71475
11.8231    6.71475
11.8438    6.71475
11.8438    6.71475
11.8644    6.71475
11.8644    6.73361
11.8644    6.73361
11.885    6.75247
11.885    6.75247
11.9057    6.77133
11.9057    6.79019
11.9263    6.79019
11.9263    6.82792
11.9469    6.84678
11.9469    6.84678
11.9676    6.86564
11.9882    6.86564
12.0088    6.86564
12.0088    6.86564
12.0295    6.86564
12.0501    6.84678
12.0707    6.84678
12.112    6.80905
12.1326    6.79019
12.1533    6.77133
12.1739    6.75247
12.1945    6.75247
12.2358    6.71475
12.2564    6.71475
12.2771    6.69588
12.2977    6.69588
12.2977    6.67702
12.339    6.67702
12.3596    6.67702
12.3802    6.67702
12.4009    6.67702
12.4215    6.65816
12.4628    6.65816
12.4834    6.65816
12.504    6.65816
12.5247    6.65816
12.5659    6.65816
12.6278    6.67702
12.6485    6.67702
12.6897    6.67702
12.731    6.69588
12.7516    6.69588
12.7929    6.67702
12.8342    6.67702
12.8548    6.67702
12.8754    6.67702
