7.18054    6.67702
7.20117    6.67702
7.2218    6.67702
7.28371    6.67702
7.30434    6.69588
7.32497    6.69588
7.36624    6.69588
7.38687    6.71475
7.44878    6.71475
7.49004    6.71475
7.53131    6.71475
7.57258    6.71475
7.61385    6.69588
7.69638    6.69588
7.73765    6.67702
7.77892    6.65816
7.82018    6.65816
7.88208    6.6393
7.96462    6.62044
8.02652    6.60158
8.06779    6.60158
8.10905    6.58271
8.15032    6.58271
8.23286    6.58271
8.27412    6.56385
8.33603    6.56385
8.37729    6.56385
8.41856    6.56385
8.52173    6.56385
8.563    6.56385
8.6249    6.56385
8.66617    6.56385
8.72807    6.56385
8.83124    6.58271
8.89314    6.58271
8.9344    6.58271
8.99631    6.60158
9.05821    6.60158
9.16137    6.58271
9.22328    6.58271
9.28518    6.58271
9.32644    6.58271
9.38835    6.56385
9.51215    6.56385
9.57405    6.56385
9.63595    6.54499
9.69785    6.54499
9.75975    6.54499
9.86292    6.54499
9.92482    6.54499
9.98672    6.54499
10.0486    6.54499
10.1105    6.54499
10.2343    6.56385
10.2962    6.56385
10.3581    6.58271
10.42    6.58271
10.4819    6.60158
10.5851    6.60158
10.647    6.60158
10.7089    6.60158
10.7502    6.60158
10.8121    6.60158
10.9152    6.60158
10.9771    6.60158
11.039    6.60158
11.0803    6.60158
11.1422    6.60158
11.2454    6.60158
11.3073    6.60158
11.3485    6.60158
11.3898    6.62044
11.4517    6.62044
11.5343    6.6393
11.5755    6.65816
11.6168    6.67702
11.6787    6.67702
11.72    6.69588
11.8231    6.71475
11.8644    6.73361
11.9263    6.75247
11.9676    6.75247
12.0295    6.77133
12.112    6.77133
12.1533    6.77133
12.1945    6.77133
12.2358    6.77133
12.2771    6.75247
12.3596    6.75247
12.4009    6.73361
