7.42814    5.97914
7.44878    5.97914
7.46941    5.97914
7.51068    5.97914
7.53131    5.97914
7.55194    5.97914
7.59321    5.97914
7.61385    5.998
7.67575    5.998
7.71701    5.998
7.75828    6.01687
7.79955    6.05459
7.84082    6.05459
7.90272    6.09231
7.94398    6.09231
7.96462    6.09231
8.00589    6.11117
8.04715    6.09231
8.10905    6.11117
8.15032    6.09231
8.17096    6.11117
8.21222    6.09231
8.25349    6.11117
8.33603    6.07345
8.37729    6.07345
8.41856    6.05459
8.48046    6.07345
8.52173    6.03573
8.60426    6.01687
8.66617    6.03573
8.70743    6.01687
8.7487    6.01687
8.78997    6.01687
8.8725    6.01687
8.91377    6.01687
8.97567    6.01687
9.01694    6.03573
9.05821    6.01687
9.16137    6.03573
9.20264    6.01687
9.24391    6.05459
9.30581    6.05459
9.34708    6.05459
9.45025    6.07345
9.49151    6.07345
9.53278    6.07345
9.57405    6.07345
9.61532    6.07345
9.69785    6.07345
9.73912    6.07345
9.78039    6.05459
9.82165    6.07345
9.86292    6.05459
9.94546    6.03573
10.0074    6.01687
10.0486    6.01687
10.1105    6.01687
10.1518    5.998
10.255    5.97914
10.2962    5.97914
10.3375    5.97914
10.3788    5.998
10.42    5.97914
10.5026    6.01687
10.5438    6.01687
10.5851    6.03573
10.6264    6.03573
10.6676    6.03573
10.7502    6.07345
10.8121    6.09231
10.8533    6.1489
10.8946    6.1489
10.9359    6.18662
11.0184    6.22434
11.0597    6.2432
11.1009    6.26207
11.1422    6.26207
11.1835    6.28093
11.266    6.31865
11.3073    6.33751
11.3485    6.33751
11.3898    6.35637
11.4311    6.37524
11.5343    6.3941
11.5962    6.41296
11.6374    6.41296
11.6993    6.43182
11.7406    6.45068
11.8231    6.46954
11.8644    6.50727
11.9057    6.52613
11.9469    6.52613
11.9882    6.54499
12.0707    6.58271
12.112    6.60158
12.1533    6.60158
12.1945    6.62044
12.2358    6.65816
12.2977    6.69588
12.339    6.71475
12.3802    6.71475
12.4215    6.73361
12.4628    6.75247
12.5247    6.73361
12.5659    6.73361
12.5866    6.73361
12.6278    6.71475

