6.80913    6.03573
6.80913    6.03573
6.80913    6.01687
6.82976    5.998
6.82976    5.998
6.8504    5.998
6.8504    5.97914
6.87103    5.97914
6.89166    5.97914
6.9123    5.97914
6.93293    5.96028
6.95357    5.96028
6.9742    5.96028
7.01547    5.96028
7.0361    5.97914
7.05673    5.97914
7.098    5.97914
7.11864    5.97914
7.18054    5.998
7.20117    5.998
7.2218    6.01687
7.26307    6.01687
7.28371    6.01687
7.34561    6.03573
7.36624    6.03573
7.38687    6.03573
7.42814    6.03573
7.44878    6.03573
7.51068    6.03573
7.53131    6.03573
7.57258    6.03573
7.59321    6.03573
7.63448    6.03573
7.69638    6.01687
7.71701    6.01687
7.75828    6.01687
7.77892    6.01687
7.82018    6.01687
7.86145    6.01687
7.90272    6.01687
7.92335    6.01687
7.96462    6.01687
7.98525    6.01687
8.04715    6.01687
8.08842    6.01687
8.10905    6.01687
8.15032    6.03573
8.17096    6.03573
8.25349    6.03573
8.27412    6.05459
8.31539    6.05459
8.33603    6.05459
8.37729    6.05459
8.43919    6.05459
8.48046    6.05459
8.5011    6.05459
8.54236    6.05459
8.563    6.05459
8.6249    6.05459
8.66617    6.05459
8.6868    6.05459
8.72807    6.05459
8.7487    6.05459
8.8106    6.05459
8.83124    6.05459
8.8725    6.05459
8.89314    6.05459
8.91377    6.05459
8.97567    6.05459
8.99631    6.05459
9.03757    6.05459
9.05821    6.05459
9.07884    6.05459
9.14074    6.07345
9.16137    6.07345
9.20264    6.07345
9.22328    6.09231
9.24391    6.09231
9.30581    6.11117
9.32644    6.11117
9.34708    6.11117
9.36771    6.11117
9.38835    6.11117
9.42961    6.13004
9.45025    6.13004
9.47088    6.13004
9.49151    6.13004
9.51215    6.13004
9.53278    6.13004
9.55342    6.13004
9.57405    6.1489
9.59468    6.1489
9.61532    6.1489
9.65658    6.16776
9.67722    6.18662
9.69785    6.18662
9.73912    6.20548
9.75975    6.22434
9.80102    6.2432
9.84229    6.26207
9.86292    6.28093
9.88356    6.28093
9.90419    6.29979
9.94546    6.29979
9.98672    6.31865
10.0074    6.31865
10.028    6.31865
10.0486    6.31865
10.0899    6.31865
10.1105    6.31865
10.1312    6.31865
10.1518    6.31865
10.1724    6.31865
10.2137    6.33751
10.2343    6.33751
10.255    6.33751
10.2756    6.35637
10.2962    6.35637
10.3375    6.37524
10.3788    6.37524
10.3994    6.37524
10.42    6.3941
10.4407    6.3941
10.4819    6.41296
10.5026    6.43182
10.5232    6.43182
10.5645    6.45068
10.5851    6.45068
10.6264    6.45068
10.647    6.46954
10.6676    6.46954
10.6883    6.46954
10.7089    6.46954
10.7502    6.46954
10.7708    6.46954
10.7914    6.46954
10.8121    6.46954
10.8327    6.46954
10.874    6.48841
10.8946    6.48841
10.9152    6.48841
10.9359    6.50727
10.9565    6.50727
10.9978    6.52613
11.0184    6.54499
11.039    6.54499
11.039    6.56385
11.0597    6.56385
11.1009    6.60158
11.1009    6.60158
11.1216    6.62044
11.1422    6.62044
11.1628    6.6393
11.1835    6.65816
11.2041    6.65816
11.2041    6.65816
11.2247    6.65816
11.2454    6.67702
11.266    6.67702
11.2866    6.67702
11.2866    6.67702
11.3073    6.67702
11.3073    6.67702
11.3279    6.67702
11.3485    6.69588
11.3485    6.69588
11.3485    6.69588
11.3692    6.69588
11.3898    6.71475
11.3898    6.71475
11.3898    6.73361
11.4105    6.73361
11.4105    6.73361
11.4311    6.75247
11.4311    6.75247
11.4311    6.77133
11.4517    6.77133
11.4517    6.77133
11.4724    6.77133
11.4724    6.77133
11.493    6.77133
11.493    6.77133
11.5136    6.75247
11.5343    6.75247
11.5343    6.75247
11.5549    6.75247
11.5549    6.73361
11.5755    6.73361
11.5962    6.73361
11.6168    6.73361
11.6168    6.73361
11.6374    6.73361
11.6581    6.73361
11.6787    6.75247
11.6993    6.75247
11.6993    6.75247
11.72    6.75247
11.7406    6.77133
11.7612    6.79019
11.7819    6.79019
11.7819    6.79019
11.7819    6.79019
11.8025    6.80905
11.8231    6.80905
11.8231    6.79019
11.8438    6.79019
11.8438    6.79019
11.8644    6.77133
11.885    6.77133
11.9057    6.77133
11.9057    6.75247
11.9263    6.75247
11.9469    6.75247
11.9676    6.75247
11.9882    6.75247
12.0088    6.75247
12.0295    6.77133
12.0501    6.77133
12.0914    6.77133
12.112    6.77133
12.1326    6.77133
12.1326    6.77133
12.1533    6.77133
12.1945    6.75247
12.2152    6.75247
12.2358    6.75247
12.2564    6.75247
12.2771    6.73361
12.3183    6.73361
12.339    6.73361
12.3802    6.73361
12.4009    6.71475
12.4215    6.71475
12.4834    6.71475
12.5247    6.71475
12.5453    6.69588
12.5866    6.69588
12.6072    6.69588
12.6691    6.69588
12.6897    6.69588
12.731    6.67702
12.7516    6.67702
12.7929    6.67702
