6.9742    8.14823
6.9742    8.14823
6.99483    8.14823
7.01547    8.14823
7.01547    8.14823
7.0361    8.14823
7.05673    8.14823
7.05673    8.14823
7.098    8.14823
7.11864    8.14823
7.1599    8.14823
7.18054    8.14823
7.18054    8.14823
7.24244    8.14823
7.28371    8.16709
7.30434    8.16709
7.32497    8.16709
7.36624    8.18595
7.42814    8.18595
7.44878    8.20482
7.49004    8.20482
7.51068    8.20482
7.53131    8.20482
7.59321    8.20482
7.61385    8.20482
7.65511    8.20482
7.69638    8.20482
7.73765    8.18595
7.79955    8.18595
7.82018    8.16709
7.88208    8.16709
7.90272    8.16709
7.94398    8.14823
8.02652    8.12937
8.04715    8.11051
8.06779    8.11051
8.10905    8.09165
8.15032    8.09165
8.23286    8.09165
8.27412    8.07278
8.31539    8.07278
8.35666    8.07278
8.39793    8.07278
8.45983    8.05392
8.5011    8.05392
8.54236    8.05392
8.58363    8.05392
8.6249    8.05392
8.6868    8.03506
8.7487    8.03506
8.76933    8.0162
8.83124    8.0162
8.85187    8.0162
8.9344    7.99734
8.97567    7.97848
9.01694    7.95961
9.05821    7.95961
9.09947    7.94075
9.18201    7.90303
9.22328    7.90303
9.26454    7.88417
9.30581    7.88417
9.34708    7.86531
9.42961    7.84644
9.47088    7.84644
9.51215    7.84644
9.55342    7.82758
9.57405    7.82758
9.63595    7.80872
9.69785    7.78986
9.71849    7.78986
9.78039    7.771
9.80102    7.771
9.90419    7.75214
9.92482    7.75214
9.98672    7.73327
10.0074    7.73327
10.0693    7.71441
10.1105    7.69555
10.1518    7.67669
10.1931    7.65783
10.2343    7.63897
10.255    7.62011
10.3375    7.60124
10.3788    7.58238
10.42    7.56352
10.4407    7.54466
10.4613    7.5258
10.5438    7.50694
10.5851    7.48807
10.6057    7.46921
10.6264    7.46921
10.6676    7.45035
10.7295    7.43149
10.7295    7.41263
10.7708    7.41263
10.7914    7.41263
10.8327    7.39377
10.874    7.3749
10.8946    7.3749
10.9152    7.35604
10.9359    7.35604
10.9359    7.35604
10.9771    7.33718
10.9978    7.31832
11.039    7.31832
11.0597    7.29946
11.0803    7.29946
11.1422    7.2806
11.1422    7.26173
11.1628    7.24287
11.2247    7.24287
11.2247    7.22401
11.2866    7.20515
11.3279    7.18629
11.3692    7.18629
11.3898    7.16743
11.4105    7.16743
11.493    7.14856
11.5343    7.14856
11.5549    7.1297
11.5755    7.1297
11.6168    7.1297
11.6787    7.1297
11.6993    7.1297
11.7406    7.1297
11.7819    7.1297
11.8231    7.1297
11.885    7.14856
11.9057    7.14856
11.9676    7.16743
11.9882    7.16743
12.0295    7.18629
12.0914    7.20515
12.112    7.20515
12.1739    7.20515
12.1945    7.22401
12.2358    7.22401
12.2977    7.24287
12.3183    7.24287
12.3802    7.24287
12.4009    7.26173
12.4421    7.26173
12.504    7.2806
12.5247    7.2806
12.5659    7.2806
12.6072    7.29946
12.6485    7.29946
12.6897    7.31832
12.731    7.33718
12.7516    7.35604
12.7723    7.35604
12.8135    7.3749
12.8754    7.39377
12.8961    7.41263
