6.39646    5.82825
6.39646    5.80939
6.41709    5.79053
6.43772    5.7528
6.43772    5.7528
6.43772    5.73394
6.45836    5.71508
6.47899    5.69622
6.47899    5.67736
6.47899    5.67736
6.49962    5.65849
6.52026    5.65849
6.49962    5.63963
6.54089    5.63963
6.54089    5.63963
6.56153    5.63963
6.54089    5.63963
6.56153    5.63963
6.58216    5.65849
6.60279    5.65849
6.60279    5.67736
6.62343    5.67736
6.64406    5.69622
6.66469    5.73394
6.68533    5.7528
6.68533    5.77166
6.70596    5.79053
6.74723    5.80939
6.76786    5.82825
6.76786    5.84711
6.7885    5.84711
6.82976    5.86597
6.8504    5.86597
6.87103    5.84711
6.9123    5.84711
6.93293    5.82825
6.95357    5.80939
6.99483    5.79053
7.05673    5.7528
7.05673    5.71508
7.098    5.69622
7.11864    5.67736
7.18054    5.65849
7.2218    5.62077
7.26307    5.60191
7.28371    5.60191
7.32497    5.58305
7.36624    5.58305
7.42814    5.58305
7.44878    5.58305
7.49004    5.58305
7.53131    5.58305
7.57258    5.58305
7.63448    5.60191
7.65511    5.62077
7.71701    5.62077
7.73765    5.63963
7.79955    5.63963
7.84082    5.63963
7.88208    5.63963
7.90272    5.63963
7.94398    5.63963
7.98525    5.62077
8.04715    5.62077
8.06779    5.60191
8.10905    5.60191
8.15032    5.58305
8.17096    5.56419
8.21222    5.54532
8.25349    5.52646
8.27412    5.5076
8.33603    5.5076
8.35666    5.5076
8.41856    5.48874
8.43919    5.48874
8.48046    5.48874
8.5011    5.48874
8.52173    5.5076
8.58363    5.5076
8.60426    5.52646
8.64553    5.52646
8.6868    5.54532
8.70743    5.56419
8.7487    5.58305
8.78997    5.60191
8.8106    5.60191
8.85187    5.60191
8.89314    5.62077
8.9344    5.62077
8.95504    5.62077
8.97567    5.62077
9.01694    5.62077
9.03757    5.60191
9.07884    5.60191
9.09947    5.58305
9.14074    5.58305
9.16137    5.56419
9.18201    5.56419
9.24391    5.54532
9.24391    5.52646
9.28518    5.52646
9.30581    5.5076
9.34708    5.5076
9.38835    5.5076
9.40898    5.5076
9.40898    5.5076
9.42961    5.5076
9.47088    5.5076
9.51215    5.5076
9.53278    5.52646
9.55342    5.52646
9.59468    5.52646
9.61532    5.54532
9.65658    5.56419
9.67722    5.56419
9.71849    5.58305
9.73912    5.58305
9.75975    5.58305
9.82165    5.60191
9.82165    5.60191
9.84229    5.60191
9.88356    5.60191
9.90419    5.58305
9.94546    5.58305
9.96609    5.56419
10.0074    5.54532
10.028    5.54532
10.0486    5.52646
10.1105    5.48874
10.1312    5.46988
10.1724    5.45102
10.1931    5.43215
10.2137    5.41329
10.2756    5.39443
10.2962    5.39443
10.3375    5.39443
10.3581    5.39443
10.3581    5.39443
10.3994    5.39443
10.42    5.41329
10.4407    5.41329
10.4407    5.43215
10.4407    5.45102
10.4613    5.48874
10.4819    5.5076
10.4819    5.52646
10.5026    5.54532
10.5232    5.56419
10.5232    5.58305
10.5438    5.58305
10.5645    5.58305
10.5645    5.58305
10.5851    5.58305
10.6264    5.58305
10.647    5.58305
10.647    5.58305
10.6676    5.56419
10.7089    5.56419
10.7502    5.54532
10.7708    5.52646
10.7708    5.5076
10.8121    5.5076
10.8327    5.48874
10.8946    5.46988
10.8946    5.46988
10.9152    5.46988
10.9565    5.46988
10.9771    5.46988
10.9771    5.46988
10.9978    5.48874
11.0184    5.48874
11.0184    5.5076
11.0184    5.5076
11.039    5.54532
11.0597    5.56419
11.039    5.58305
11.0597    5.60191
11.039    5.62077
11.0597    5.65849
11.039    5.67736
11.0597    5.69622
11.0597    5.71508
11.0597    5.73394
11.0803    5.7528
11.1009    5.77166
11.0803    5.77166
11.1009    5.79053
11.1009    5.79053
11.1216    5.80939
11.1422    5.80939
11.1422    5.80939
11.1422    5.80939
11.1628    5.82825
11.2041    5.82825
11.2247    5.82825
11.2247    5.82825
11.2454    5.82825
11.266    5.80939
11.2866    5.79053
11.3279    5.79053
11.3485    5.77166
11.3485    5.77166
11.3692    5.77166
11.4105    5.7528
11.4311    5.7528
11.4311    5.7528
11.4311    5.7528
11.4517    5.7528
11.4724    5.7528
11.4724    5.7528
11.4724    5.77166
11.4724    5.77166
11.4724    5.77166
11.4724    5.79053
11.4724    5.79053
11.4724    5.79053
11.4724    5.80939
11.4724    5.80939
11.4724    5.82825
11.4724    5.84711
11.4724    5.86597
11.4724    5.88483
11.4724    5.9037
11.4724    5.92256
11.4724    5.94142
11.4724    5.96028
11.4724    5.97914
11.4724    5.998
11.4724    6.01687
11.4724    6.03573
11.4724    6.05459
11.4724    6.07345
11.493    6.07345
11.5136    6.09231
11.493    6.11117
11.5136    6.13004
11.493    6.13004
11.5136    6.13004
11.493    6.1489
11.5136    6.1489
11.5136    6.1489
11.5136    6.1489
11.5136    6.16776
11.5343    6.16776
11.5549    6.16776
11.5549    6.16776
11.5549    6.16776
11.5755    6.1489
11.6168    6.1489
11.6374    6.13004
11.6374    6.13004
11.6374    6.13004
11.6581    6.11117
11.72    6.11117
11.72    6.11117
11.7406    6.09231
11.7819    6.09231
11.8025    6.09231
11.8231    6.09231
11.8438    6.09231
11.8438    6.09231
11.8644    6.09231
11.885    6.09231
11.885    6.09231
11.885    6.09231
11.885    6.09231
11.9057    6.11117
11.9263    6.11117
11.9057    6.13004
11.9263    6.1489
11.9057    6.1489
11.9263    6.16776
11.9057    6.18662
11.9263    6.22434
11.9057    6.2432
11.9057    6.26207
11.9057    6.28093
11.9057    6.29979
11.9057    6.35637
11.9057    6.37524
11.9057    6.3941
11.9057    6.41296
11.9057    6.41296
11.9057    6.45068
11.9057    6.46954
11.9057    6.46954
11.9057    6.46954
11.9263    6.48841
11.9263    6.48841
11.9263    6.48841
11.9469    6.48841
11.9676    6.48841
11.9676    6.48841
12.0088    6.46954
12.0088    6.46954
12.0295    6.46954
12.0501    6.46954
12.0501    6.46954
12.0707    6.46954
12.0914    6.48841
12.0914    6.48841
12.0914    6.48841
12.112    6.48841
12.1326    6.50727
12.1326    6.52613
12.1326    6.52613
12.1533    6.54499
12.1739    6.56385
12.1739    6.58271
12.1739    6.60158
12.1945    6.62044
12.2152    6.62044
12.2152    6.6393
12.2358    6.6393
12.2771    6.6393
12.2977    6.6393
12.2977    6.6393
12.3183    6.62044
12.3596    6.60158
12.4009    6.58271
12.4215    6.56385
12.4215    6.54499
12.4421    6.54499
12.4834    6.52613
12.504    6.52613
12.504    6.50727
12.5247    6.50727
12.5659    6.48841
12.5866    6.48841
12.5866    6.48841
12.6072    6.46954
12.6485    6.46954
12.6691    6.46954
12.6897    6.46954
12.731    6.46954
