7.1599    5.2624
7.1599    5.2624
7.18054    5.28126
7.1599    5.28126
7.18054    5.30012
7.18054    5.33785
7.18054    5.35671
7.20117    5.33785
7.2218    5.37557
7.2218    5.39443
7.24244    5.39443
7.26307    5.39443
7.26307    5.41329
7.28371    5.45102
7.32497    5.45102
7.34561    5.45102
7.34561    5.46988
7.36624    5.45102
7.42814    5.46988
7.44878    5.46988
7.49004    5.46988
7.53131    5.46988
7.55194    5.46988
7.61385    5.48874
7.65511    5.5076
7.67575    5.48874
7.69638    5.5076
7.73765    5.48874
7.79955    5.52646
7.82018    5.52646
7.86145    5.54532
7.88208    5.52646
7.90272    5.54532
7.98525    5.54532
8.02652    5.56419
8.04715    5.58305
8.06779    5.58305
8.10905    5.58305
8.17096    5.60191
8.19159    5.63963
8.23286    5.63963
8.27412    5.65849
8.31539    5.63963
8.37729    5.65849
8.39793    5.65849
8.43919    5.65849
8.48046    5.65849
8.52173    5.65849
8.58363    5.67736
8.6249    5.69622
8.66617    5.67736
8.70743    5.69622
8.7487    5.69622
8.8106    5.69622
8.8725    5.71508
8.89314    5.73394
8.9344    5.73394
8.97567    5.73394
9.03757    5.7528
9.05821    5.79053
9.09947    5.80939
9.14074    5.79053
9.18201    5.82825
9.24391    5.84711
9.26454    5.84711
9.30581    5.86597
9.34708    5.88483
9.36771    5.88483
9.40898    5.9037
9.42961    5.92256
9.47088    5.9037
9.51215    5.92256
9.53278    5.92256
9.55342    5.92256
9.59468    5.92256
9.63595    5.92256
9.65658    5.92256
9.65658    5.92256
9.69785    5.92256
9.71849    5.92256
9.75975    5.92256
9.78039    5.92256
9.78039    5.92256
9.82165    5.94142
9.84229    5.96028
9.88356    5.94142
9.90419    5.97914
9.90419    5.97914
9.94546    5.998
9.96609    5.998
10.0074    5.998
10.0486    6.01687
10.0693    6.05459
10.1105    6.09231
10.1312    6.11117
10.1931    6.11117
10.1931    6.13004
10.2137    6.1489
10.2962    6.16776
10.3169    6.18662
10.3375    6.18662
10.3788    6.18662
10.3994    6.20548
10.4407    6.2432
10.4819    6.2432
10.5026    6.26207
10.5645    6.2432
10.5851    6.26207
10.647    6.26207
10.6676    6.28093
10.7089    6.29979
10.7502    6.29979
10.7708    6.31865
10.8121    6.35637
10.8327    6.37524
10.874    6.37524
10.9152    6.3941
10.9359    6.41296
10.9771    6.43182
10.9978    6.46954
11.039    6.48841
11.0597    6.48841
11.0803    6.50727
11.1422    6.54499
11.1422    6.56385
11.1628    6.56385
11.2041    6.56385
11.2247    6.58271
11.266    6.60158
11.266    6.60158
11.2866    6.60158
11.3279    6.60158
11.3485    6.62044
11.3692    6.6393
11.4105    6.62044
11.4311    6.65816
11.4311    6.65816
11.4517    6.65816
11.493    6.67702
11.5136    6.67702
11.5136    6.67702
11.5343    6.69588
11.5549    6.71475
11.5755    6.71475
11.5962    6.73361
11.5962    6.75247
11.6168    6.73361
11.6374    6.77133
11.6581    6.77133
11.6787    6.77133
11.6787    6.77133
11.6993    6.77133
11.72    6.77133
11.72    6.77133
11.7406    6.77133
11.7612    6.77133
11.7612    6.77133
11.7819    6.77133
11.8231    6.77133
11.8438    6.77133
11.8438    6.77133
11.8438    6.77133
11.8644    6.77133
11.9263    6.79019
11.9263    6.77133
11.9469    6.79019
11.9882    6.79019
12.0088    6.79019
12.0501    6.80905
12.0707    6.82792
12.112    6.82792
12.1533    6.82792
12.1739    6.82792
12.2152    6.84678
12.2358    6.86564
12.2771    6.84678
12.3183    6.86564
12.339    6.84678
12.3802    6.86564
12.4009    6.84678
12.4421    6.86564
12.4834    6.84678
12.504    6.86564
12.5453    6.84678
12.5659    6.84678
12.6072    6.84678
12.6485    6.84678
12.6691    6.84678
12.7104    6.84678
12.7516    6.84678
12.7929    6.84678
12.8135    6.84678
12.8754    6.82792
