6.49962    4.88517
6.52026    4.8663
6.49962    4.8663
6.56153    4.84744
6.56153    4.82858
6.58216    4.82858
6.60279    4.80972
6.62343    4.80972
6.68533    4.80972
6.68533    4.80972
6.70596    4.80972
6.74723    4.80972
6.76786    4.80972
6.80913    4.80972
6.82976    4.80972
6.87103    4.80972
6.89166    4.82858
6.9123    4.82858
6.9742    4.82858
6.9742    4.82858
6.99483    4.82858
7.0361    4.82858
7.07737    4.82858
7.11864    4.82858
7.1599    4.80972
7.18054    4.80972
7.20117    4.80972
7.24244    4.80972
7.28371    4.79086
7.32497    4.79086
7.34561    4.79086
7.36624    4.79086
7.40751    4.79086
7.44878    4.79086
7.49004    4.79086
7.51068    4.79086
7.51068    4.80972
7.55194    4.80972
7.59321    4.82858
7.63448    4.84744
7.65511    4.84744
7.69638    4.8663
7.73765    4.88517
7.79955    4.92289
7.79955    4.94175
7.82018    4.96061
7.88208    4.97947
7.88208    4.99834
7.94398    5.0172
7.98525    5.0172
8.02652    5.03606
8.04715    5.03606
8.06779    5.05492
8.15032    5.05492
8.19159    5.07378
8.21222    5.07378
8.23286    5.07378
8.29476    5.07378
8.33603    5.07378
8.37729    5.07378
8.41856    5.07378
8.45983    5.07378
8.5011    5.07378
8.563    5.07378
8.60426    5.09264
8.64553    5.09264
8.6868    5.09264
8.70743    5.09264
8.76933    5.11151
8.8106    5.11151
8.85187    5.13037
8.89314    5.13037
8.9344    5.13037
8.99631    5.16809
9.01694    5.16809
9.07884    5.18695
9.09947    5.20581
9.14074    5.20581
9.20264    5.22468
9.22328    5.24354
9.28518    5.24354
9.28518    5.24354
9.32644    5.2624
9.38835    5.2624
9.45025    5.2624
9.47088    5.28126
9.51215    5.28126
9.55342    5.28126
9.61532    5.28126
9.63595    5.28126
9.67722    5.28126
9.71849    5.28126
9.73912    5.28126
9.80102    5.28126
9.84229    5.28126
9.88356    5.30012
9.90419    5.30012
9.90419    5.30012
9.96609    5.31898
10.0074    5.33785
10.0486    5.33785
10.0693    5.35671
10.0693    5.35671
10.1312    5.39443
10.1724    5.39443
10.1931    5.41329
10.1931    5.43215
10.2137    5.43215
10.2756    5.46988
10.2756    5.46988
10.2962    5.48874
10.3375    5.48874
10.3788    5.48874
10.42    5.5076
10.4407    5.5076
10.4613    5.5076
10.5026    5.5076
10.5232    5.52646
10.5438    5.52646
10.5851    5.52646
10.6057    5.54532
10.6057    5.54532
10.6264    5.56419
10.6883    5.58305
10.6883    5.60191
10.6883    5.60191
10.7089    5.62077
10.7295    5.63963
10.7295    5.67736
10.7502    5.71508
10.7708    5.73394
10.7708    5.7528
10.7708    5.79053
10.7914    5.82825
10.8121    5.84711
10.7914    5.86597
10.8121    5.88483
10.8121    5.9037
10.8121    5.92256
10.8327    5.94142
10.8533    5.94142
10.8533    5.96028
10.874    5.97914
10.9152    5.97914
10.9359    5.998
10.9152    5.998
10.9565    5.998
10.9771    5.998
10.9771    5.998
10.9978    5.998
11.039    6.01687
11.0597    6.01687
11.039    6.01687
11.1009    6.01687
11.1009    6.03573
11.1009    6.03573
11.1216    6.03573
11.1422    6.05459
11.1422    6.05459
11.1628    6.07345
11.1835    6.07345
11.1835    6.07345
11.1835    6.09231
11.2041    6.11117
11.2454    6.13004
11.2454    6.13004
11.266    6.1489
11.266    6.1489
11.2866    6.18662
11.3073    6.18662
11.3073    6.20548
11.3073    6.22434
11.3279    6.22434
11.3692    6.26207
11.3692    6.26207
11.3898    6.28093
11.3692    6.28093
11.4105    6.29979
11.4311    6.29979
11.4311    6.31865
11.4311    6.31865
11.4517    6.31865
11.4724    6.33751
11.493    6.33751
11.5136    6.33751
11.5136    6.33751
11.5343    6.33751
11.5549    6.35637
11.5549    6.35637
11.5755    6.37524
11.5962    6.37524
11.5962    6.37524
11.5962    6.3941
11.6168    6.41296
11.6374    6.41296
11.6374    6.43182
11.6374    6.43182
11.6374    6.45068
11.6581    6.46954
11.6787    6.48841
11.6581    6.48841
11.6787    6.48841
11.6787    6.50727
11.6993    6.50727
11.72    6.52613
11.72    6.52613
11.72    6.52613
11.7406    6.52613
11.7819    6.52613
11.8025    6.52613
11.8025    6.52613
11.8231    6.52613
11.8644    6.52613
11.885    6.52613
11.885    6.52613
11.9057    6.52613
11.9263    6.52613
11.9263    6.52613
11.9469    6.54499
11.9676    6.54499
11.9676    6.54499
11.9882    6.54499
12.0088    6.56385
12.0088    6.56385
12.0295    6.58271
12.0501    6.58271
12.0501    6.58271
12.0501    6.60158
12.0707    6.60158
12.0914    6.60158
12.0914    6.62044
12.112    6.62044
12.1326    6.62044
12.1533    6.62044
12.1739    6.62044
12.1739    6.62044
12.1945    6.62044
12.2358    6.62044
12.2771    6.60158
12.2977    6.60158
12.2977    6.58271
12.3183    6.58271
12.3596    6.56385
12.4009    6.54499
12.4215    6.54499
12.4215    6.52613
12.4421    6.52613
12.4834    6.52613
12.5247    6.52613
12.5453    6.52613
12.5453    6.52613
12.5659    6.52613
12.6072    6.52613
12.6691    6.54499
12.6691    6.56385
12.6897    6.56385
12.731    6.56385
12.7516    6.58271
12.7929    6.58271
12.8135    6.58271
12.8548    6.58271
12.8754    6.58271
12.8961    6.58271
