7.53131    4.99834
7.53131    4.99834
7.55194    4.99834
7.55194    4.99834
7.55194    4.99834
7.57258    4.99834
7.59321    4.99834
7.59321    4.99834
7.63448    5.0172
7.65511    5.0172
7.69638    5.0172
7.71701    5.0172
7.71701    4.99834
7.75828    4.99834
7.77892    4.99834
7.82018    4.99834
7.84082    4.99834
7.86145    4.99834
7.92335    5.0172
7.92335    5.0172
7.94398    5.0172
7.98525    5.03606
8.02652    5.03606
8.08842    5.05492
8.08842    5.07378
8.12969    5.07378
8.15032    5.09264
8.19159    5.11151
8.25349    5.14923
8.27412    5.16809
8.31539    5.18695
8.33603    5.20581
8.35666    5.20581
8.41856    5.22468
8.43919    5.24354
8.48046    5.2624
8.52173    5.2624
8.54236    5.28126
8.60426    5.30012
8.64553    5.30012
8.6868    5.30012
8.72807    5.31898
8.76933    5.31898
8.83124    5.31898
8.85187    5.31898
8.91377    5.33785
8.91377    5.33785
8.95504    5.33785
9.01694    5.35671
9.07884    5.35671
9.09947    5.37557
9.14074    5.37557
9.16137    5.39443
9.20264    5.41329
9.24391    5.41329
9.26454    5.43215
9.32644    5.45102
9.32644    5.45102
9.38835    5.48874
9.42961    5.5076
9.45025    5.52646
9.47088    5.54532
9.51215    5.56419
9.57405    5.58305
9.59468    5.60191
9.63595    5.60191
9.65658    5.60191
9.67722    5.62077
9.73912    5.62077
9.75975    5.62077
9.80102    5.63963
9.84229    5.63963
9.86292    5.63963
9.90419    5.62077
9.92482    5.62077
9.96609    5.62077
10.0074    5.62077
10.028    5.62077
10.0693    5.62077
10.0899    5.63963
10.1312    5.63963
10.1518    5.63963
10.1518    5.63963
10.2137    5.65849
10.255    5.65849
10.2756    5.65849
10.2756    5.67736
10.2962    5.67736
10.3581    5.69622
10.3788    5.69622
10.42    5.71508
10.4407    5.71508
10.4407    5.73394
10.5026    5.73394
10.5438    5.73394
10.5645    5.7528
10.5645    5.7528
10.5851    5.7528
10.647    5.7528
10.6676    5.7528
10.7089    5.7528
10.7295    5.7528
10.7295    5.7528
10.7914    5.7528
10.8327    5.7528
10.8533    5.73394
10.8533    5.73394
10.874    5.73394
10.9359    5.73394
10.9565    5.73394
10.9978    5.73394
11.0184    5.73394
11.0184    5.73394
11.0597    5.73394
11.0803    5.7528
11.1216    5.7528
11.1422    5.7528
11.1422    5.7528
11.1628    5.77166
11.2041    5.79053
11.2247    5.80939
11.2247    5.80939
11.2247    5.82825
11.266    5.84711
11.2866    5.86597
11.3279    5.88483
11.3485    5.9037
11.3485    5.9037
11.3898    5.92256
11.4105    5.94142
11.4517    5.94142
11.4724    5.94142
11.4724    5.96028
11.5136    5.96028
11.5136    5.96028
11.5343    5.96028
11.5755    5.96028
11.5962    5.96028
11.6168    5.97914
11.6374    5.97914
11.6374    5.97914
11.6581    5.97914
11.6993    5.97914
11.72    5.998
11.72    6.01687
11.72    6.01687
11.7406    6.03573
11.7612    6.03573
11.7612    6.07345
11.7612    6.07345
11.7819    6.09231
11.8025    6.11117
11.7819    6.13004
11.8025    6.1489
11.7819    6.16776
11.8025    6.18662
11.7819    6.20548
11.8025    6.22434
11.7819    6.26207
11.8025    6.26207
11.7819    6.28093
11.8025    6.29979
11.8025    6.31865
11.8025    6.33751
11.8025    6.35637
11.8231    6.35637
11.8438    6.37524
11.8438    6.3941
11.8644    6.41296
11.885    6.41296
11.885    6.41296
11.9057    6.41296
11.9263    6.43182
11.9469    6.43182
11.9676    6.43182
11.9676    6.43182
11.9676    6.45068
11.9882    6.45068
12.0295    6.46954
12.0295    6.46954
12.0501    6.46954
12.0501    6.48841
12.0501    6.48841
12.0707    6.50727
12.0914    6.50727
12.0914    6.52613
12.0914    6.52613
12.0914    6.54499
12.112    6.54499
12.1326    6.56385
12.1326    6.56385
12.1326    6.58271
12.1326    6.58271
12.1533    6.60158
12.1739    6.60158
12.1533    6.60158
12.1739    6.62044
12.1739    6.62044
12.1945    6.6393
12.2358    6.6393
12.2358    6.65816
12.2564    6.65816
12.2564    6.65816
12.2977    6.65816
12.3183    6.65816
12.339    6.65816
12.3596    6.65816
12.4009    6.65816
12.4421    6.6393
12.4628    6.6393
12.4834    6.6393
12.5247    6.6393
12.5453    6.6393
12.5866    6.62044
12.6072    6.62044
12.6485    6.62044
12.6691    6.62044
12.6897    6.62044
12.7516    6.62044
12.7723    6.60158
12.8135    6.60158
12.8342    6.60158
12.8548    6.60158
12.9373    6.58271
