6.82976    4.28159
6.82976    4.28159
6.82976    4.28159
6.8504    4.28159
6.87103    4.28159
6.87103    4.28159
6.89166    4.28159
6.89166    4.26273
6.9123    4.26273
6.93293    4.26273
6.95357    4.24387
6.9742    4.24387
6.99483    4.22501
7.01547    4.20615
7.0361    4.18729
7.05673    4.16842
7.07737    4.16842
7.07737    4.14956
7.11864    4.1307
7.13927    4.11184
7.1599    4.11184
7.18054    4.11184
7.20117    4.09298
7.24244    4.09298
7.28371    4.09298
7.30434    4.09298
7.32497    4.09298
7.34561    4.09298
7.40751    4.09298
7.44878    4.09298
7.46941    4.09298
7.51068    4.11184
7.53131    4.11184
7.59321    4.1307
7.63448    4.14956
7.65511    4.14956
7.69638    4.16842
7.71701    4.16842
7.77892    4.18729
7.79955    4.18729
7.84082    4.18729
7.86145    4.18729
7.90272    4.18729
7.96462    4.18729
7.98525    4.18729
8.02652    4.18729
8.06779    4.18729
8.10905    4.18729
8.17096    4.18729
8.21222    4.18729
8.25349    4.18729
8.29476    4.18729
8.33603    4.18729
8.39793    4.18729
8.43919    4.20615
8.48046    4.20615
8.52173    4.22501
8.54236    4.22501
8.60426    4.24387
8.64553    4.26273
8.6868    4.28159
8.72807    4.28159
8.76933    4.30046
8.83124    4.33818
8.8725    4.35704
8.89314    4.3759
8.9344    4.39476
8.97567    4.41363
9.03757    4.45135
9.05821    4.45135
9.09947    4.47021
9.14074    4.47021
9.16137    4.48907
9.22328    4.50793
9.26454    4.50793
9.30581    4.50793
9.34708    4.5268
9.38835    4.5268
9.45025    4.5268
9.49151    4.5268
9.53278    4.54566
9.57405    4.54566
9.61532    4.54566
9.67722    4.56452
9.69785    4.58338
9.73912    4.58338
9.75975    4.60224
9.80102    4.60224
9.86292    4.6211
9.88356    4.63996
9.92482    4.65883
9.94546    4.65883
9.98672    4.67769
10.0486    4.71541
10.0899    4.73427
10.1105    4.75313
10.1518    4.772
10.1724    4.772
10.2343    4.80972
10.2756    4.82858
10.2962    4.82858
10.3375    4.84744
10.3581    4.84744
10.42    4.8663
10.4613    4.88517
10.5026    4.88517
10.5438    4.88517
10.5645    4.90403
10.647    4.90403
10.6883    4.90403
10.7089    4.90403
10.7502    4.92289
10.7708    4.92289
10.8327    4.94175
10.8533    4.96061
10.8946    4.97947
10.9152    4.97947
10.9359    4.99834
10.9771    5.0172
10.9978    5.03606
11.0184    5.05492
11.039    5.05492
11.0597    5.07378
11.0803    5.11151
11.1009    5.13037
11.1009    5.14923
11.1216    5.16809
11.1422    5.18695
11.1628    5.20581
11.1835    5.22468
11.2041    5.24354
11.2247    5.24354
11.2454    5.2624
11.266    5.28126
11.2866    5.30012
11.3073    5.30012
11.3279    5.31898
11.3485    5.31898
11.3898    5.33785
11.4105    5.33785
11.4311    5.33785
11.4517    5.35671
11.4724    5.35671
11.5136    5.35671
11.5343    5.37557
11.5343    5.37557
11.5549    5.37557
11.5755    5.39443
11.5962    5.41329
11.6168    5.41329
11.6168    5.43215
11.6374    5.43215
11.6374    5.45102
11.6581    5.46988
11.6581    5.48874
11.6581    5.48874
11.6581    5.5076
11.6581    5.5076
11.6581    5.54532
11.6581    5.54532
11.6581    5.56419
11.6581    5.58305
11.6581    5.58305
11.6581    5.62077
11.6581    5.63963
11.6581    5.63963
11.6581    5.65849
11.6581    5.67736
11.6581    5.69622
11.6787    5.71508
11.6787    5.73394
11.6787    5.7528
11.6993    5.7528
11.72    5.77166
11.72    5.79053
11.7406    5.79053
11.7406    5.80939
11.7612    5.80939
11.7819    5.82825
11.8025    5.82825
11.8231    5.82825
11.8438    5.84711
11.8438    5.84711
11.8644    5.86597
11.885    5.88483
11.9057    5.88483
11.9057    5.9037
11.9057    5.9037
11.9263    5.92256
11.9263    5.92256
11.9469    5.92256
11.9469    5.92256
11.9469    5.92256
11.9469    5.94142
11.9469    5.94142
11.9469    5.94142
11.9676    5.94142
11.9676    5.94142
11.9676    5.96028
11.9676    5.96028
11.9676    5.97914
11.9676    5.97914
11.9676    5.97914
11.9676    5.998
11.9676    6.01687
11.9676    6.01687
11.9676    6.03573
11.9676    6.03573
11.9676    6.05459
11.9676    6.07345
11.9676    6.07345
11.9676    6.09231
11.9676    6.09231
11.9676    6.11117
11.9676    6.11117
11.9676    6.11117
11.9676    6.13004
11.9676    6.13004
11.9676    6.1489
11.9676    6.1489
11.9676    6.16776
11.9676    6.16776
11.9676    6.16776
11.9882    6.18662
11.9882    6.18662
11.9882    6.18662
11.9882    6.18662
11.9882    6.20548
12.0088    6.20548
12.0088    6.20548
12.0295    6.20548
12.0295    6.20548
12.0501    6.22434
12.0707    6.22434
12.0707    6.22434
12.0914    6.22434
12.0914    6.22434
12.0914    6.22434
12.112    6.2432
12.112    6.26207
12.112    6.26207
12.112    6.26207
12.1326    6.28093
12.1326    6.29979
12.1326    6.31865
12.1533    6.33751
12.1533    6.35637
12.1533    6.37524
12.1533    6.41296
12.1739    6.43182
12.1739    6.43182
12.1945    6.45068
12.1945    6.46954
12.2152    6.46954
12.2358    6.48841
12.2358    6.48841
12.2564    6.48841
12.2564    6.50727
12.2977    6.50727
12.3183    6.50727
12.3183    6.50727
12.339    6.50727
12.3596    6.50727
12.4009    6.50727
12.4215    6.50727
12.4628    6.50727
12.4834    6.50727
12.5247    6.50727
12.5866    6.48841
12.6072    6.48841
12.6278    6.48841
12.6691    6.46954
12.6897    6.46954
12.731    6.46954
12.7516    6.46954
12.7723    6.45068
12.7929    6.45068
12.8342    6.45068
12.8754    6.45068
12.9167    6.43182
12.9373    6.43182
12.9786    6.43182
13.0199    6.43182
