7.71701    4.43249
7.73765    4.43249
7.73765    4.43249
7.77892    4.43249
7.79955    4.45135
7.82018    4.45135
7.84082    4.45135
7.86145    4.47021
7.88208    4.48907
7.90272    4.48907
7.92335    4.48907
7.92335    4.50793
7.94398    4.50793
7.98525    4.5268
7.98525    4.54566
8.00589    4.54566
8.02652    4.56452
8.04715    4.56452
8.08842    4.58338
8.10905    4.58338
8.12969    4.60224
8.17096    4.60224
8.19159    4.6211
8.25349    4.6211
8.29476    4.63996
8.31539    4.63996
8.35666    4.63996
8.39793    4.63996
8.45983    4.65883
8.5011    4.65883
8.54236    4.67769
8.563    4.67769
8.60426    4.69655
8.66617    4.73427
8.70743    4.75313
8.72807    4.75313
8.76933    4.772
8.8106    4.79086
8.8725    4.82858
8.91377    4.84744
8.9344    4.8663
8.97567    4.90403
8.99631    4.92289
9.05821    4.96061
9.09947    4.97947
9.14074    4.99834
9.16137    5.0172
9.20264    5.03606
9.26454    5.07378
9.30581    5.07378
9.34708    5.09264
9.38835    5.11151
9.42961    5.13037
9.49151    5.14923
9.53278    5.14923
9.57405    5.16809
9.61532    5.18695
9.65658    5.18695
9.71849    5.20581
9.75975    5.22468
9.78039    5.24354
9.82165    5.2624
9.86292    5.28126
9.92482    5.31898
9.94546    5.33785
9.98672    5.35671
10.0074    5.37557
10.0486    5.39443
10.1105    5.43215
10.1518    5.45102
10.1724    5.46988
10.2137    5.48874
10.2343    5.5076
10.2962    5.54532
10.3375    5.56419
10.3581    5.56419
10.3994    5.58305
10.4407    5.60191
10.5026    5.62077
10.5438    5.63963
10.5851    5.65849
10.6057    5.67736
10.647    5.67736
10.7295    5.71508
10.7708    5.71508
10.8121    5.73394
10.8533    5.7528
10.8946    5.77166
10.9565    5.80939
10.9978    5.82825
11.0184    5.84711
11.0597    5.86597
11.0803    5.88483
11.1422    5.92256
11.1835    5.94142
11.2041    5.97914
11.2247    5.998
11.266    6.01687
11.3073    6.07345
11.3279    6.09231
11.3485    6.11117
11.3692    6.1489
11.4105    6.16776
11.4517    6.20548
11.4724    6.22434
11.493    6.2432
11.5343    6.2432
11.5549    6.26207
11.5962    6.28093
11.6168    6.29979
11.6374    6.29979
11.6787    6.31865
11.6993    6.31865
11.72    6.33751
11.7406    6.35637
11.7612    6.37524
11.7819    6.37524
11.8025    6.3941
11.8231    6.41296
11.8438    6.43182
11.8644    6.45068
11.8644    6.45068
11.885    6.46954
11.9057    6.48841
11.9057    6.50727
11.9057    6.52613
11.9263    6.52613
11.9263    6.54499
11.9469    6.56385
11.9469    6.58271
11.9676    6.60158
11.9882    6.60158
11.9882    6.62044
12.0088    6.6393
12.0295    6.6393
12.0501    6.65816
12.0707    6.65816
12.0707    6.65816
12.112    6.67702
12.1326    6.67702
12.1533    6.67702
12.1739    6.67702
12.1945    6.69588
12.2358    6.69588
12.2564    6.69588
12.2771    6.71475
12.2977    6.71475
12.3183    6.73361
12.3596    6.73361
12.4009    6.75247
12.4215    6.75247
12.4421    6.77133
12.4628    6.77133
12.5247    6.79019
12.5453    6.79019
12.5659    6.80905
12.6072    6.80905
12.6278    6.80905
12.6897    6.80905
12.7104    6.80905
