8.02652    3.97981
8.02652    3.97981
8.00589    3.99867
7.98525    3.99867
8.00589    3.99867
8.00589    3.99867
8.02652    4.01753
8.04715    4.03639
8.06779    4.01753
8.10905    4.03639
8.15032    4.01753
8.17096    4.03639
8.19159    4.01753
8.27412    4.01753
8.31539    4.01753
8.35666    4.01753
8.39793    4.01753
8.41856    4.01753
8.45983    4.01753
8.5011    4.01753
8.52173    4.03639
8.563    4.01753
8.58363    4.05525
8.6249    4.07412
8.64553    4.07412
8.6868    4.09298
8.72807    4.11184
8.7487    4.11184
8.76933    4.16842
8.8106    4.20615
8.83124    4.22501
8.85187    4.22501
8.89314    4.24387
8.95504    4.28159
8.95504    4.30046
8.99631    4.30046
9.01694    4.30046
9.05821    4.30046
9.12011    4.31932
9.14074    4.33818
9.20264    4.31932
9.22328    4.33818
9.26454    4.31932
9.32644    4.33818
9.34708    4.31932
9.38835    4.33818
9.40898    4.33818
9.42961    4.33818
9.49151    4.35704
9.49151    4.39476
9.51215    4.41363
9.55342    4.41363
9.57405    4.43249
9.59468    4.48907
9.63595    4.48907
9.65658    4.5268
9.65658    4.54566
9.67722    4.60224
9.73912    4.63996
9.73912    4.65883
9.75975    4.69655
9.80102    4.73427
9.82165    4.75313
9.86292    4.772
9.88356    4.80972
9.92482    4.80972
9.96609    4.82858
10.0074    4.82858
10.0693    4.84744
10.0899    4.88517
10.1312    4.90403
10.1724    4.90403
10.2137    4.90403
10.2756    4.94175
10.2962    4.96061
10.3375    4.99834
10.3788    5.0172
10.42    5.0172
10.4613    5.05492
10.5026    5.07378
10.5232    5.11151
10.5438    5.13037
10.5851    5.14923
10.6264    5.22468
10.6676    5.24354
10.6883    5.2624
10.7089    5.30012
10.7502    5.31898
10.8121    5.33785
10.8121    5.35671
10.8533    5.35671
10.874    5.37557
10.9359    5.39443
10.9771    5.41329
11.0184    5.43215
11.0597    5.43215
11.1009    5.45102
11.1422    5.46988
11.2247    5.48874
11.2454    5.5076
11.3073    5.52646
11.3279    5.54532
11.3692    5.54532
11.4105    5.60191
11.4311    5.63963
11.4517    5.65849
11.4724    5.65849
11.4724    5.67736
11.493    5.7528
11.5136    5.77166
11.5136    5.79053
11.5343    5.82825
11.5549    5.84711
11.5755    5.86597
11.6168    5.9037
11.6374    5.92256
11.6374    5.92256
11.6581    5.92256
11.72    5.96028
11.72    5.97914
11.7406    6.01687
11.7819    6.03573
11.8025    6.03573
11.8025    6.05459
11.8231    6.09231
11.8438    6.11117
11.8438    6.11117
11.8438    6.11117
11.8438    6.1489
11.8438    6.16776
11.8438    6.20548
11.8231    6.22434
11.8438    6.22434
11.8231    6.26207
11.8438    6.26207
11.8438    6.28093
11.8438    6.29979
11.8438    6.29979
11.8644    6.29979
11.9057    6.29979
11.9263    6.31865
11.9263    6.33751
11.9469    6.31865
11.9882    6.35637
12.0088    6.35637
12.0088    6.37524
12.0088    6.37524
12.0295    6.37524
12.0707    6.41296
12.0914    6.41296
12.0707    6.43182
12.0914    6.46954
12.0914    6.48841
12.112    6.50727
12.1533    6.54499
12.1739    6.56385
12.1739    6.54499
12.1739    6.56385
12.2152    6.56385
12.2358    6.56385
12.2771    6.56385
12.2977    6.54499
12.2977    6.56385
12.339    6.52613
12.3596    6.50727
12.4009    6.50727
12.4421    6.50727
12.4628    6.48841
12.504    6.46954
12.5247    6.48841
12.5659    6.46954
12.6072    6.48841
12.6278    6.46954
12.6691    6.48841
12.6897    6.46954
12.731    6.50727
12.7723    6.50727
12.7929    6.50727
12.8342    6.50727
