6.21075    9.22335
6.23139    9.22335
6.23139    9.22335
6.27265    9.20448
6.29329    9.20448
6.33455    9.18562
6.35519    9.18562
6.37582    9.18562
6.43772    9.18562
6.45836    9.18562
6.52026    9.20448
6.52026    9.20448
6.56153    9.20448
6.62343    9.22335
6.68533    9.24221
6.70596    9.26107
6.74723    9.27993
6.7885    9.29879
6.8504    9.29879
6.87103    9.31765
6.9123    9.31765
6.95357    9.31765
6.9742    9.29879
7.0361    9.27993
7.098    9.26107
7.11864    9.24221
7.18054    9.22335
7.20117    9.20448
7.30434    9.16676
7.32497    9.1479
7.38687    9.12904
7.40751    9.11018
7.46941    9.09131
7.51068    9.07245
7.53131    9.05359
7.59321    9.05359
7.61385    9.05359
7.65511    9.03473
7.71701    9.03473
7.73765    9.01587
7.77892    9.01587
7.82018    9.01587
7.86145    9.01587
7.92335    9.01587
7.94398    9.01587
8.00589    9.01587
8.02652    8.99701
8.06779    8.99701
8.12969    8.97814
8.15032    8.95928
8.21222    8.94042
8.23286    8.94042
8.27412    8.92156
8.33603    8.88384
8.35666    8.86497
8.39793    8.84611
8.43919    8.82725
8.48046    8.80839
8.54236    8.77067
8.563    8.7518
8.60426    8.7518
8.64553    8.73294
8.6868    8.73294
8.7487    8.71408
8.76933    8.71408
8.83124    8.69522
8.85187    8.69522
8.91377    8.69522
8.97567    8.67636
9.01694    8.67636
9.05821    8.67636
9.09947    8.67636
9.14074    8.67636
9.22328    8.67636
9.26454    8.67636
9.30581    8.6575
9.34708    8.6575
9.38835    8.63863
9.45025    8.61977
9.47088    8.60091
9.53278    8.60091
9.55342    8.58205
9.59468    8.56319
9.67722    8.52546
9.71849    8.5066
9.75975    8.48774
9.80102    8.46888
9.84229    8.45002
9.90419    8.43116
9.94546    8.41229
9.96609    8.39343
10.028    8.39343
10.0486    8.37457
10.1518    8.35571
10.1724    8.35571
10.2343    8.33685
10.255    8.33685
10.3169    8.31799
10.3994    8.31799
10.4407    8.31799
10.4819    8.31799
10.5232    8.29912
10.5645    8.28026
10.6264    8.2614
10.6883    8.24254
10.7089    8.22368
10.7708    8.20482
10.7914    8.18595
10.874    8.12937
10.8946    8.11051
10.9152    8.09165
10.9565    8.05392
10.9978    8.03506
11.0597    7.97848
11.0803    7.95961
11.1216    7.94075
11.1628    7.92189
11.1835    7.90303
11.2247    7.88417
11.266    7.86531
11.2866    7.84644
11.3279    7.84644
11.3692    7.82758
11.4311    7.78986
11.4517    7.78986
11.493    7.771
11.5343    7.75214
11.5549    7.75214
11.5962    7.71441
11.6168    7.69555
11.6581    7.67669
11.6787    7.65783
11.6993    7.63897
11.7406    7.60124
11.7612    7.58238
11.7612    7.56352
11.7612    7.54466
11.7819    7.5258
11.8025    7.48807
11.8025    7.46921
11.8231    7.45035
11.8438    7.43149
11.8438    7.43149
11.885    7.39377
11.9057    7.39377
11.9263    7.3749
11.9263    7.3749
11.9469    7.3749
12.0088    7.35604
12.0088    7.33718
12.0295    7.33718
12.0707    7.33718
12.0914    7.33718
12.112    7.31832
12.1533    7.31832
12.1739    7.31832
12.1739    7.31832
12.1945    7.31832
12.2564    7.29946
12.2771    7.29946
12.3183    7.2806
12.339    7.2806
12.3596    7.2806
12.4215    7.26173
12.4421    7.26173
12.4834    7.24287
12.5247    7.24287
12.5659    7.22401
12.6278    7.22401
12.6485    7.22401
12.6897    7.24287
12.7104    7.24287
12.731    7.24287
12.8135    7.26173
