6.41709    9.69489
6.43772    9.69489
6.43772    9.69489
6.47899    9.67602
6.49962    9.67602
6.54089    9.67602
6.56153    9.67602
6.58216    9.67602
6.64406    9.67602
6.66469    9.67602
6.70596    9.67602
6.7266    9.67602
6.74723    9.67602
6.80913    9.67602
6.82976    9.67602
6.8504    9.65716
6.87103    9.65716
6.9123    9.6383
6.95357    9.61944
6.99483    9.61944
7.01547    9.60058
7.0361    9.60058
7.07737    9.58172
7.13927    9.56285
7.1599    9.54399
7.2218    9.54399
7.24244    9.52513
7.30434    9.50627
7.36624    9.48741
7.40751    9.48741
7.44878    9.48741
7.46941    9.50627
7.49004    9.50627
7.57258    9.50627
7.59321    9.50627
7.61385    9.50627
7.67575    9.50627
7.69638    9.50627
7.79955    9.52513
7.82018    9.52513
7.86145    9.54399
7.90272    9.54399
7.94398    9.54399
8.00589    9.54399
8.02652    9.54399
8.08842    9.54399
8.10905    9.54399
8.15032    9.54399
8.21222    9.52513
8.23286    9.50627
8.29476    9.48741
8.31539    9.48741
8.35666    9.46855
8.43919    9.44968
8.48046    9.43082
8.52173    9.41196
8.563    9.3931
8.60426    9.3931
8.6868    9.37424
8.72807    9.37424
8.76933    9.37424
8.8106    9.37424
8.85187    9.37424
8.9344    9.35538
8.97567    9.33651
9.01694    9.33651
9.05821    9.33651
9.09947    9.33651
9.18201    9.31765
9.22328    9.31765
9.26454    9.31765
9.30581    9.31765
9.34708    9.31765
9.40898    9.29879
9.40898    9.27993
9.45025    9.27993
9.47088    9.26107
9.51215    9.24221
9.49151    9.22335
9.51215    9.20448
9.55342    9.18562
9.59468    9.16676
9.61532    9.1479
9.67722    9.09131
9.69785    9.07245
9.73912    9.05359
9.78039    9.03473
9.80102    9.01587
9.86292    8.97814
9.90419    8.97814
9.92482    8.95928
9.96609    8.94042
10.0074    8.92156
10.0693    8.9027
10.1105    8.9027
10.1518    8.88384
10.1931    8.88384
10.2137    8.86497
10.2962    8.86497
10.3375    8.84611
10.3788    8.84611
10.3994    8.84611
10.4407    8.82725
10.4819    8.80839
10.5232    8.78953
10.5438    8.77067
10.5645    8.7518
10.6057    8.73294
10.6676    8.69522
10.6883    8.67636
10.7089    8.6575
10.7502    8.61977
10.7708    8.60091
10.8327    8.56319
10.8533    8.54433
10.8946    8.52546
10.9152    8.5066
10.9359    8.48774
10.9978    8.45002
11.039    8.43116
11.0597    8.43116
11.0803    8.41229
11.1216    8.39343
11.1628    8.35571
11.2041    8.33685
11.2247    8.31799
11.266    8.31799
11.2866    8.29912
11.3485    8.28026
11.3692    8.2614
11.3898    8.2614
11.4105    8.24254
11.4311    8.22368
11.4517    8.18595
11.4724    8.16709
11.493    8.14823
11.493    8.12937
11.5136    8.11051
11.5136    8.05392
11.5343    8.03506
11.5343    8.0162
11.5343    7.97848
11.5343    7.95961
11.5549    7.92189
11.5549    7.90303
11.5549    7.88417
11.5755    7.86531
11.5755    7.84644
11.5962    7.80872
11.6168    7.78986
11.6374    7.771
11.6581    7.75214
11.6787    7.75214
11.72    7.73327
11.7406    7.71441
11.7612    7.71441
11.7819    7.69555
11.8025    7.69555
11.8231    7.67669
11.8438    7.65783
11.8438    7.63897
11.8644    7.63897
11.8644    7.62011
11.885    7.60124
11.885    7.58238
11.885    7.56352
11.9057    7.54466
11.9057    7.5258
11.9263    7.50694
11.9263    7.48807
11.9469    7.48807
11.9469    7.46921
11.9469    7.45035
11.9676    7.43149
11.9882    7.41263
12.0088    7.41263
12.0295    7.41263
12.0501    7.39377
12.0914    7.39377
12.112    7.39377
12.1326    7.3749
12.1533    7.3749
12.1945    7.3749
12.2564    7.3749
12.2977    7.3749
12.339    7.3749
12.3596    7.3749
12.4009    7.3749
12.4628    7.3749
12.4834    7.3749
12.504    7.3749
12.5453    7.3749
12.5659    7.35604
12.6072    7.35604
12.6485    7.33718
12.6691    7.33718
12.7104    7.31832
12.731    7.31832
12.7929    7.29946
12.8135    7.29946
12.8548    7.2806
12.8754    7.2806
12.9167    7.2806
12.9786    7.2806
