5.90125    9.78919
5.90125    9.78919
5.92188    9.78919
5.92188    9.78919
5.94251    9.78919
5.94251    9.78919
5.96315    9.78919
5.96315    9.77033
5.98378    9.75147
6.00441    9.75147
6.02505    9.75147
6.04568    9.73261
6.06632    9.71375
6.10758    9.69489
6.12822    9.67602
6.14885    9.67602
6.16948    9.65716
6.19012    9.61944
6.23139    9.60058
6.25202    9.60058
6.27265    9.60058
6.29329    9.58172
6.31392    9.56285
6.35519    9.56285
6.37582    9.56285
6.39646    9.56285
6.41709    9.56285
6.43772    9.56285
6.47899    9.56285
6.52026    9.58172
6.54089    9.56285
6.56153    9.58172
6.58216    9.58172
6.64406    9.60058
6.66469    9.61944
6.68533    9.61944
6.7266    9.61944
6.74723    9.61944
6.7885    9.6383
6.82976    9.6383
6.8504    9.6383
6.89166    9.6383
6.9123    9.6383
6.9742    9.6383
7.01547    9.6383
7.0361    9.61944
7.07737    9.60058
7.11864    9.61944
7.18054    9.58172
7.2218    9.58172
7.24244    9.56285
7.28371    9.58172
7.30434    9.56285
7.36624    9.56285
7.38687    9.56285
7.42814    9.56285
7.44878    9.56285
7.49004    9.56285
7.55194    9.56285
7.59321    9.56285
7.63448    9.56285
7.67575    9.56285
7.71701    9.56285
7.77892    9.56285
7.82018    9.56285
7.86145    9.56285
7.88208    9.56285
7.92335    9.56285
7.98525    9.56285
8.00589    9.56285
8.04715    9.54399
8.08842    9.52513
8.10905    9.54399
8.17096    9.50627
8.21222    9.48741
8.25349    9.48741
8.29476    9.48741
8.31539    9.46855
8.39793    9.44968
8.43919    9.44968
8.45983    9.44968
8.5011    9.43082
8.54236    9.41196
8.60426    9.41196
8.64553    9.41196
8.6868    9.3931
8.70743    9.37424
8.7487    9.3931
8.83124    9.35538
8.8725    9.35538
8.91377    9.35538
8.95504    9.35538
8.97567    9.35538
9.05821    9.35538
9.07884    9.33651
9.12011    9.35538
9.14074    9.33651
9.16137    9.33651
9.22328    9.31765
9.24391    9.29879
9.28518    9.29879
9.30581    9.27993
9.32644    9.24221
9.38835    9.20448
9.42961    9.18562
9.45025    9.18562
9.47088    9.18562
9.51215    9.16676
9.55342    9.12904
9.57405    9.11018
9.59468    9.12904
9.61532    9.09131
9.63595    9.09131
9.67722    9.07245
9.69785    9.09131
9.73912    9.05359
9.75975    9.05359
9.78039    9.05359
9.82165    9.03473
9.86292    9.05359
9.88356    9.03473
9.90419    9.05359
9.94546    9.03473
9.98672    9.03473
10.0074    9.03473
10.028    9.01587
10.0486    8.99701
10.0693    9.01587
10.1105    8.97814
10.0899    8.94042
10.1105    8.94042
10.1105    8.92156
10.1312    8.94042
10.1518    8.9027
10.1724    8.88384
10.1931    8.88384
10.1931    8.86497
10.2137    8.84611
10.2343    8.82725
10.255    8.80839
10.2756    8.80839
10.2756    8.78953
10.2962    8.77067
10.3169    8.7518
10.3375    8.73294
10.3375    8.7518
10.3581    8.73294
10.3581    8.73294
10.3994    8.73294
10.3994    8.71408
10.42    8.69522
10.4407    8.71408
10.4613    8.69522
10.5026    8.71408
10.5232    8.69522
10.5438    8.71408
10.5645    8.69522
10.5851    8.71408
10.6264    8.71408
10.647    8.71408
10.6676    8.73294
10.6883    8.7518
10.7089    8.73294
10.7295    8.7518
10.7502    8.73294
10.7502    8.7518
10.7708    8.7518
10.7708    8.7518
10.7914    8.7518
10.8121    8.73294
10.8121    8.7518
10.8327    8.73294
10.8327    8.7518
10.8533    8.71408
10.874    8.71408
10.874    8.69522
10.874    8.71408
10.8946    8.69522
10.9152    8.67636
10.9152    8.6575
10.9152    8.6575
10.9359    8.63863
10.9359    8.61977
10.9565    8.60091
10.9771    8.58205
10.9771    8.58205
10.9771    8.56319
10.9978    8.54433
11.0184    8.54433
11.0184    8.54433
11.0184    8.52546
11.039    8.5066
11.039    8.52546
11.0597    8.5066
11.0597    8.5066
11.0803    8.5066
11.0803    8.5066
11.1009    8.5066
11.1216    8.48774
11.1422    8.46888
11.1422    8.46888
11.1628    8.46888
11.1835    8.46888
11.2041    8.45002
11.2247    8.41229
11.2454    8.41229
11.2454    8.41229
11.266    8.39343
11.2866    8.39343
11.3073    8.39343
11.3073    8.39343
11.3073    8.37457
11.3279    8.35571
11.3485    8.35571
11.3485    8.35571
11.3692    8.33685
11.3692    8.31799
11.3692    8.31799
11.3898    8.29912
11.3898    8.28026
11.3898    8.28026
11.4105    8.2614
11.4105    8.24254
11.4105    8.22368
11.4105    8.18595
11.4105    8.16709
11.4105    8.16709
11.4105    8.14823
11.4311    8.09165
11.4311    8.09165
11.4311    8.09165
11.4311    8.07278
11.4311    8.03506
11.4311    7.99734
11.4311    7.99734
11.4517    7.97848
11.4517    7.97848
11.4517    7.97848
11.4724    7.95961
11.4724    7.92189
11.4724    7.92189
11.493    7.90303
11.493    7.92189
11.5136    7.88417
11.5136    7.86531
11.5343    7.86531
11.5343    7.86531
11.5549    7.84644
11.5755    7.80872
11.5755    7.78986
11.5962    7.78986
11.6168    7.78986
11.6168    7.771
11.6374    7.73327
11.6581    7.71441
11.6581    7.71441
11.6787    7.71441
11.6787    7.69555
11.6993    7.65783
11.6993    7.65783
11.72    7.63897
11.72    7.63897
11.72    7.62011
11.7406    7.58238
11.7612    7.56352
11.7612    7.54466
11.7612    7.5258
11.7612    7.50694
11.7819    7.45035
11.7819    7.45035
11.8025    7.43149
11.8025    7.39377
11.8025    7.3749
11.8231    7.35604
11.8438    7.33718
11.8644    7.33718
11.8644    7.33718
11.885    7.31832
11.9057    7.29946
11.9263    7.31832
11.9469    7.29946
11.9676    7.31832
11.9882    7.29946
12.0295    7.29946
12.0501    7.29946
12.0707    7.29946
12.0914    7.29946
12.112    7.29946
12.1739    7.29946
12.2152    7.31832
12.2358    7.29946
12.2564    7.31832
12.2771    7.29946
12.339    7.31832
12.3596    7.31832
12.3802    7.31832
12.4009    7.31832
12.4215    7.31832
12.4628    7.33718
12.4834    7.35604
12.504    7.33718
12.5247    7.35604
12.5453    7.33718
12.5866    7.35604
12.6072    7.33718
12.6278    7.33718
12.6485    7.33718
12.6691    7.33718
12.7104    7.31832
12.731    7.29946
12.7516    7.31832
12.7723    7.29946
