5.15843    9.78919
5.15843    9.78919
5.17907    9.78919
5.1997    9.77033
5.1997    9.75147
5.22033    9.75147
5.24097    9.73261
5.24097    9.73261
5.28223    9.69489
5.30287    9.69489
5.3235    9.67602
5.3235    9.65716
5.34414    9.6383
5.3854    9.61944
5.40604    9.61944
5.40604    9.60058
5.42667    9.60058
5.4473    9.60058
5.48857    9.58172
5.50921    9.58172
5.52984    9.58172
5.52984    9.58172
5.55047    9.58172
5.59174    9.58172
5.61237    9.58172
5.63301    9.60058
5.65364    9.60058
5.67427    9.60058
5.73618    9.61944
5.75681    9.6383
5.77744    9.65716
5.79808    9.65716
5.81871    9.67602
5.85998    9.67602
5.88061    9.67602
5.90125    9.67602
5.92188    9.69489
5.94251    9.69489
5.98378    9.69489
6.00441    9.67602
6.02505    9.67602
6.04568    9.67602
6.06632    9.65716
6.10758    9.6383
6.14885    9.61944
6.16948    9.60058
6.19012    9.58172
6.23139    9.56285
6.27265    9.52513
6.29329    9.50627
6.33455    9.48741
6.35519    9.48741
6.37582    9.46855
6.41709    9.44968
6.45836    9.44968
6.47899    9.43082
6.52026    9.43082
6.54089    9.43082
6.58216    9.41196
6.62343    9.41196
6.64406    9.41196
6.68533    9.41196
6.7266    9.41196
6.7885    9.41196
6.82976    9.41196
6.87103    9.41196
6.89166    9.41196
6.93293    9.43082
6.99483    9.41196
7.0361    9.41196
7.05673    9.41196
7.098    9.3931
7.13927    9.3931
7.20117    9.37424
7.24244    9.35538
7.28371    9.35538
7.30434    9.33651
7.34561    9.31765
7.42814    9.29879
7.46941    9.27993
7.51068    9.27993
7.55194    9.27993
7.59321    9.27993
7.65511    9.27993
7.69638    9.27993
7.73765    9.27993
7.75828    9.27993
7.79955    9.27993
7.86145    9.27993
7.90272    9.27993
7.94398    9.27993
7.98525    9.27993
8.00589    9.27993
8.08842    9.29879
8.12969    9.29879
8.17096    9.29879
8.21222    9.29879
8.23286    9.29879
8.29476    9.29879
8.33603    9.27993
8.37729    9.27993
8.39793    9.27993
8.43919    9.26107
8.5011    9.24221
8.54236    9.24221
8.58363    9.22335
8.6249    9.22335
8.66617    9.20448
8.72807    9.18562
8.76933    9.18562
8.78997    9.18562
8.83124    9.18562
8.85187    9.18562
8.91377    9.20448
8.95504    9.20448
8.99631    9.20448
9.01694    9.22335
9.05821    9.22335
9.12011    9.22335
9.16137    9.22335
9.20264    9.24221
9.22328    9.24221
9.26454    9.26107
9.32644    9.26107
9.34708    9.26107
9.36771    9.26107
9.40898    9.26107
9.42961    9.26107
9.47088    9.24221
9.49151    9.24221
9.51215    9.24221
9.53278    9.22335
9.55342    9.22335
9.59468    9.20448
9.61532    9.18562
9.63595    9.16676
9.65658    9.1479
9.67722    9.12904
9.71849    9.11018
9.73912    9.09131
9.75975    9.09131
9.78039    9.07245
9.80102    9.07245
9.84229    9.07245
9.86292    9.05359
9.88356    9.05359
9.90419    9.05359
9.92482    9.05359
9.96609    9.05359
9.98672    9.05359
10.0074    9.05359
10.028    9.05359
10.0693    9.05359
10.1105    9.05359
10.1312    9.07245
10.1724    9.07245
10.1931    9.07245
10.2137    9.07245
10.255    9.07245
10.255    9.07245
10.2756    9.07245
10.2962    9.07245
10.3169    9.05359
10.3375    9.05359
10.3581    9.03473
10.3581    9.01587
10.3788    9.01587
10.3788    8.99701
10.3994    8.97814
10.3994    8.95928
10.42    8.94042
10.42    8.94042
10.4407    8.92156
10.4613    8.9027
10.4613    8.88384
10.4819    8.88384
10.4819    8.86497
10.5026    8.86497
10.5232    8.86497
10.5232    8.86497
10.5438    8.86497
10.5645    8.86497
10.5645    8.86497
10.6057    8.86497
10.6264    8.86497
10.6264    8.86497
10.647    8.86497
10.6676    8.88384
10.6883    8.88384
10.7089    8.9027
10.7295    8.9027
10.7502    8.9027
10.7708    8.9027
10.7914    8.92156
10.8121    8.92156
10.8327    8.92156
10.8327    8.92156
10.8533    8.92156
10.874    8.92156
10.8946    8.92156
10.8946    8.9027
10.8946    8.9027
10.9152    8.9027
10.9152    8.88384
10.9359    8.86497
10.9359    8.86497
10.9359    8.84611
10.9359    8.82725
10.9359    8.80839
10.9359    8.78953
10.9359    8.77067
10.9359    8.7518
10.9359    8.73294
10.9359    8.69522
10.9359    8.67636
10.9359    8.6575
10.9359    8.63863
10.9359    8.61977
10.9359    8.58205
10.9565    8.56319
10.9565    8.56319
10.9565    8.54433
10.9565    8.54433
10.9771    8.52546
10.9771    8.52546
10.9978    8.5066
10.9978    8.5066
11.0184    8.5066
11.039    8.48774
11.039    8.48774
11.0597    8.48774
11.0803    8.48774
11.1009    8.48774
11.1422    8.48774
11.1628    8.48774
11.1835    8.48774
11.2041    8.48774
11.2247    8.48774
11.266    8.48774
11.2866    8.48774
11.3073    8.48774
11.3279    8.48774
11.3485    8.48774
11.3692    8.48774
11.3898    8.48774
11.3898    8.46888
11.4105    8.46888
11.4105    8.46888
11.4311    8.45002
11.4311    8.43116
11.4311    8.43116
11.4311    8.41229
11.4311    8.41229
11.4311    8.37457
11.4311    8.35571
11.4311    8.33685
11.4311    8.31799
11.4311    8.29912
11.4311    8.2614
11.4311    8.24254
11.4311    8.22368
11.4311    8.20482
11.4311    8.18595
11.4311    8.14823
11.4311    8.12937
11.4311    8.11051
11.4517    8.09165
11.4517    8.09165
11.4517    8.05392
11.4724    8.03506
11.4724    8.03506
11.4724    8.0162
11.493    8.0162
11.5136    7.99734
11.5343    7.97848
11.5549    7.95961
11.5549    7.95961
11.5755    7.94075
11.6168    7.92189
11.6374    7.92189
11.6581    7.90303
11.6787    7.90303
11.6993    7.88417
11.72    7.86531
11.7406    7.84644
11.7612    7.84644
11.7612    7.82758
11.7819    7.80872
11.8025    7.78986
11.8025    7.771
11.8025    7.771
11.8231    7.75214
11.8231    7.73327
11.8231    7.69555
11.8231    7.67669
11.8231    7.65783
11.8231    7.63897
11.8231    7.62011
11.8231    7.58238
11.8231    7.56352
11.8231    7.54466
11.8231    7.5258
11.8231    7.50694
11.8231    7.48807
11.8231    7.46921
11.8438    7.45035
11.8438    7.45035
11.8644    7.43149
11.885    7.41263
11.885    7.41263
11.9057    7.41263
11.9263    7.39377
11.9469    7.39377
11.9676    7.39377
11.9882    7.39377
12.0088    7.3749
12.0295    7.3749
12.0501    7.3749
12.0707    7.35604
12.0914    7.35604
12.112    7.35604
12.112    7.33718
12.1326    7.33718
12.1739    7.31832
12.1739    7.31832
12.1945    7.29946
12.2152    7.29946
12.2152    7.2806
12.2358    7.26173
12.2564    7.26173
12.2564    7.24287
12.2771    7.24287
12.2977    7.24287
12.3183    7.24287
12.339    7.24287
12.3596    7.24287
12.3802    7.24287
12.4009    7.24287
12.4421    7.24287
12.4628    7.26173
12.4834    7.26173
12.504    7.26173
12.5247    7.26173
12.5659    7.26173
12.5866    7.26173
12.6072    7.26173
12.6278    7.26173
12.6485    7.26173
12.7104    7.24287
12.731    7.24287
