5.24097    9.03473
5.2616    9.03473
5.2616    9.03473
5.28223    9.01587
5.30287    9.01587
5.3235    9.01587
5.34414    8.99701
5.36477    8.99701
5.40604    8.97814
5.42667    8.97814
5.4473    8.97814
5.46794    8.97814
5.50921    8.97814
5.55047    8.97814
5.59174    8.99701
5.61237    8.99701
5.65364    8.99701
5.67427    8.99701
5.73618    9.01587
5.75681    9.01587
5.77744    9.01587
5.79808    9.03473
5.83934    9.03473
5.88061    9.05359
5.90125    9.05359
5.92188    9.05359
5.96315    9.05359
5.98378    9.05359
6.04568    9.03473
6.06632    9.03473
6.10758    9.03473
6.12822    9.01587
6.16948    9.01587
6.23139    8.99701
6.25202    8.97814
6.29329    8.97814
6.33455    8.95928
6.35519    8.95928
6.41709    8.94042
6.45836    8.94042
6.47899    8.94042
6.49962    8.94042
6.54089    8.92156
6.60279    8.92156
6.64406    8.92156
6.66469    8.92156
6.70596    8.92156
6.74723    8.92156
6.80913    8.92156
6.8504    8.92156
6.89166    8.94042
6.95357    8.94042
6.99483    8.95928
7.07737    8.97814
7.11864    8.97814
7.1599    8.97814
7.20117    8.99701
7.24244    8.99701
7.30434    9.01587
7.34561    9.01587
7.38687    9.01587
7.42814    9.01587
7.46941    9.01587
7.55194    8.99701
7.59321    8.99701
7.65511    8.97814
7.69638    8.97814
7.73765    8.95928
7.84082    8.94042
7.90272    8.94042
7.94398    8.92156
7.98525    8.92156
8.02652    8.92156
8.12969    8.9027
8.17096    8.9027
8.21222    8.9027
8.25349    8.9027
8.29476    8.9027
8.37729    8.88384
8.43919    8.88384
8.48046    8.88384
8.54236    8.86497
8.58363    8.86497
8.6868    8.86497
8.7487    8.86497
8.78997    8.86497
8.83124    8.86497
8.8725    8.86497
8.95504    8.86497
8.97567    8.80839
9.01694    8.80839
9.03757    8.80839
9.07884    8.78953
9.16137    8.77067
9.18201    8.77067
9.22328    8.7518
9.26454    8.73294
9.30581    8.71408
9.36771    8.67636
9.40898    8.6575
9.45025    8.67636
9.47088    8.63863
9.51215    8.63863
9.57405    8.61977
9.61532    8.63863
9.63595    8.60091
9.67722    8.60091
9.69785    8.60091
9.75975    8.58205
9.80102    8.60091
9.84229    8.58205
9.86292    8.60091
9.90419    8.58205
9.96609    8.60091
10.0074    8.58205
10.028    8.60091
10.0693    8.58205
10.0899    8.58205
10.1518    8.58205
10.1931    8.58205
10.2137    8.58205
10.255    8.58205
10.2756    8.56319
10.3375    8.52546
10.3581    8.5066
10.3788    8.5066
10.42    8.48774
10.4407    8.45002
10.5026    8.43116
10.5232    8.43116
10.5438    8.43116
10.5645    8.41229
10.6057    8.39343
10.647    8.39343
10.6676    8.39343
10.6883    8.37457
10.7295    8.35571
10.7502    8.35571
10.8121    8.35571
10.8533    8.35571
10.874    8.35571
10.8946    8.33685
10.9152    8.31799
10.9565    8.31799
10.9771    8.29912
10.9978    8.28026
11.0184    8.29912
11.039    8.2614
11.0597    8.2614
11.0803    8.24254
11.1009    8.2614
11.1216    8.24254
11.1422    8.24254
11.1628    8.24254
11.1835    8.24254
11.2041    8.22368
11.2247    8.20482
11.2454    8.22368
11.266    8.18595
11.2866    8.16709
11.3073    8.18595
11.3279    8.14823
11.3485    8.14823
11.3898    8.12937
11.4105    8.12937
11.4311    8.12937
11.6374    8.07278
11.6581    8.07278
11.6787    8.05392
11.6993    8.05392
11.72    8.05392
11.7406    8.03506
11.7406    8.0162
11.7612    8.0162
11.7612    7.99734
11.7819    7.97848
11.7819    7.97848
11.7819    7.95961
11.7819    7.92189
11.7819    7.90303
11.7819    7.90303
11.7819    7.88417
11.7819    7.84644
11.7819    7.80872
11.7819    7.78986
11.8025    7.771
11.8025    7.73327
11.8025    7.71441
11.8231    7.69555
11.8438    7.67669
11.8438    7.67669
11.8644    7.65783
11.885    7.62011
11.9057    7.58238
11.9263    7.56352
11.9469    7.58238
11.9469    7.54466
11.9676    7.5258
12.0088    7.5258
12.0088    7.50694
12.0295    7.48807
12.0295    7.48807
12.0501    7.46921
12.0707    7.43149
12.0707    7.43149
12.0914    7.41263
12.112    7.41263
12.1326    7.41263
12.1533    7.39377
12.1739    7.3749
12.1945    7.3749
12.2358    7.3749
12.2564    7.3749
12.3183    7.35604
12.3596    7.35604
12.4009    7.35604
12.4421    7.35604
12.4834    7.35604
12.5453    7.3749
12.5866    7.39377
12.6072    7.39377
12.6485    7.39377
12.6691    7.41263
12.731    7.43149
12.7516    7.43149
