5.63301    8.54433
5.65364    8.54433
5.67427    8.54433
5.69491    8.54433
5.71554    8.54433
5.73618    8.54433
5.77744    8.52546
5.79808    8.52546
5.83934    8.52546
5.88061    8.5066
5.90125    8.5066
5.92188    8.5066
5.94251    8.5066
5.98378    8.48774
6.02505    8.48774
6.04568    8.48774
6.06632    8.48774
6.08695    8.48774
6.14885    8.48774
6.16948    8.48774
6.21075    8.48774
6.23139    8.48774
6.27265    8.48774
6.33455    8.5066
6.37582    8.5066
6.41709    8.5066
6.45836    8.5066
6.47899    8.52546
6.56153    8.54433
6.60279    8.56319
6.64406    8.56319
6.66469    8.56319
6.70596    8.58205
6.76786    8.58205
6.7885    8.58205
6.82976    8.58205
6.8504    8.58205
6.89166    8.58205
6.95357    8.56319
6.99483    8.56319
7.0361    8.54433
7.05673    8.54433
7.098    8.52546
7.18054    8.5066
7.2218    8.48774
7.26307    8.46888
7.28371    8.46888
7.32497    8.45002
7.38687    8.45002
7.42814    8.43116
7.46941    8.43116
7.51068    8.43116
7.55194    8.43116
7.61385    8.41229
7.65511    8.41229
7.69638    8.41229
7.73765    8.41229
7.77892    8.41229
7.86145    8.41229
7.90272    8.41229
7.94398    8.41229
7.98525    8.41229
8.02652    8.41229
8.08842    8.41229
8.12969    8.41229
8.17096    8.39343
8.19159    8.39343
8.23286    8.39343
8.29476    8.37457
8.33603    8.35571
8.37729    8.33685
8.41856    8.31799
8.43919    8.31799
8.52173    8.28026
8.563    8.2614
8.58363    8.24254
8.6249    8.24254
8.66617    8.22368
8.72807    8.22368
8.76933    8.22368
8.8106    8.20482
8.85187    8.20482
8.8725    8.20482
8.95504    8.20482
8.99631    8.20482
9.01694    8.20482
9.05821    8.20482
9.09947    8.20482
9.18201    8.22368
9.22328    8.22368
9.24391    8.24254
9.28518    8.24254
9.32644    8.24254
9.38835    8.24254
9.40898    8.24254
9.45025    8.24254
9.47088    8.24254
9.51215    8.24254
9.57405    8.24254
9.59468    8.24254
9.63595    8.22368
9.65658    8.22368
9.67722    8.22368
9.73912    8.20482
9.75975    8.20482
9.80102    8.18595
9.82165    8.18595
9.86292    8.16709
9.90419    8.16709
9.94546    8.16709
9.96609    8.16709
10.0074    8.14823
10.028    8.14823
10.0899    8.14823
10.1105    8.14823
10.1312    8.14823
10.1724    8.14823
10.1931    8.14823
10.255    8.14823
10.2962    8.14823
10.3169    8.14823
10.3581    8.14823
10.3788    8.14823
10.4407    8.14823
10.4613    8.14823
10.4819    8.14823
10.5232    8.14823
10.5438    8.12937
10.5851    8.12937
10.6057    8.11051
10.6264    8.09165
10.647    8.07278
10.6676    8.07278
10.7089    8.03506
10.7295    8.0162
10.7295    7.99734
10.7502    7.97848
10.7708    7.95961
10.7914    7.94075
10.8121    7.92189
10.8327    7.92189
10.8533    7.90303
10.8533    7.90303
10.8946    7.88417
10.9152    7.86531
10.9152    7.86531
10.9359    7.86531
10.9565    7.84644
10.9771    7.84644
10.9978    7.82758
11.0184    7.82758
11.039    7.82758
11.0597    7.82758
11.0803    7.82758
11.1009    7.82758
11.1216    7.80872
11.1422    7.80872
11.1422    7.80872
11.1628    7.78986
11.1835    7.78986
11.1835    7.78986
11.2041    7.78986
11.2041    7.771
11.2041    7.771
11.2247    7.75214
11.2247    7.75214
11.2247    7.73327
11.2247    7.73327
11.2247    7.71441
11.2247    7.71441
11.2247    7.71441
11.2247    7.69555
11.2247    7.69555
11.2454    7.67669
11.2454    7.67669
11.2454    7.67669
11.2454    7.65783
11.266    7.65783
11.266    7.65783
11.266    7.65783
11.2866    7.65783
11.2866    7.63897
11.3073    7.63897
11.3279    7.63897
11.3279    7.63897
11.3485    7.63897
11.3485    7.63897
11.3692    7.63897
11.3898    7.63897
11.3898    7.63897
11.4105    7.63897
11.4105    7.63897
11.4311    7.63897
11.4517    7.63897
11.4517    7.63897
11.4517    7.62011
11.4724    7.62011
11.4724    7.62011
11.493    7.60124
11.5136    7.60124
11.5136    7.58238
11.5136    7.58238
11.5343    7.56352
11.5549    7.54466
11.5549    7.5258
11.5549    7.5258
11.5755    7.50694
11.5755    7.48807
11.5962    7.45035
11.5962    7.45035
11.6168    7.43149
11.6168    7.43149
11.6374    7.41263
11.6374    7.41263
11.6581    7.41263
11.6581    7.41263
11.6787    7.41263
11.6787    7.41263
11.6993    7.41263
11.72    7.41263
11.72    7.41263
11.7406    7.41263
11.7406    7.43149
11.7612    7.43149
11.7819    7.45035
11.7819    7.45035
11.8025    7.45035
11.8025    7.45035
11.8231    7.45035
11.8438    7.45035
11.8644    7.45035
11.8644    7.45035
11.885    7.45035
11.9057    7.43149
11.9263    7.43149
11.9263    7.41263
11.9469    7.41263
11.9469    7.39377
11.9676    7.3749
11.9882    7.35604
11.9882    7.33718
12.0088    7.33718
12.0295    7.31832
12.0501    7.29946
12.0501    7.29946
12.0707    7.29946
12.0707    7.29946
12.0914    7.2806
12.112    7.2806
12.1326    7.26173
12.1326    7.26173
12.1533    7.26173
12.1739    7.26173
12.1945    7.26173
12.2152    7.26173
12.2358    7.24287
12.2564    7.24287
12.2771    7.24287
12.3183    7.24287
12.339    7.26173
12.3596    7.26173
12.3802    7.26173
12.4009    7.26173
12.4421    7.26173
12.4628    7.26173
12.4834    7.26173
12.504    7.26173
12.5247    7.26173
12.5659    7.26173
12.5866    7.26173
12.6072    7.26173
12.6278    7.26173
12.6691    7.24287
12.7104    7.24287
12.731    7.24287
12.7516    7.24287
