4.64259    8.61977
4.64259    8.60091
4.66322    8.58205
4.64259    8.58205
4.68386    8.58205
4.68386    8.56319
4.70449    8.54433
4.70449    8.56319
4.72512    8.54433
4.76639    8.56319
4.78702    8.54433
4.78702    8.56319
4.80766    8.54433
4.86956    8.56319
4.89019    8.56319
4.93146    8.56319
4.95209    8.56319
4.97273    8.56319
5.03463    8.56319
5.05526    8.56319
5.09653    8.56319
5.11716    8.56319
5.1378    8.56319
5.1997    8.56319
5.22033    8.54433
5.2616    8.56319
5.30287    8.52546
5.3235    8.52546
5.3854    8.48774
5.42667    8.48774
5.46794    8.46888
5.48857    8.46888
5.50921    8.45002
5.59174    8.41229
5.63301    8.39343
5.65364    8.39343
5.67427    8.39343
5.71554    8.39343
5.77744    8.37457
5.79808    8.35571
5.83934    8.37457
5.88061    8.35571
5.90125    8.37457
5.96315    8.37457
6.00441    8.37457
6.04568    8.39343
6.06632    8.41229
6.08695    8.41229
6.16948    8.43116
6.19012    8.46888
6.21075    8.46888
6.25202    8.46888
6.27265    8.48774
6.31392    8.46888
6.35519    8.48774
6.37582    8.46888
6.43772    8.48774
6.43772    8.46888
6.49962    8.46888
6.56153    8.46888
6.58216    8.46888
6.62343    8.45002
6.66469    8.43116
6.74723    8.43116
6.7885    8.43116
6.80913    8.41229
6.82976    8.39343
6.89166    8.39343
6.93293    8.39343
6.9742    8.39343
7.01547    8.39343
7.05673    8.39343
7.07737    8.39343
7.1599    8.39343
7.20117    8.39343
7.24244    8.39343
7.28371    8.39343
7.32497    8.41229
7.38687    8.41229
7.40751    8.41229
7.46941    8.43116
7.49004    8.45002
7.53131    8.43116
7.59321    8.45002
7.61385    8.43116
7.65511    8.45002
7.69638    8.45002
7.73765    8.45002
7.79955    8.43116
7.82018    8.45002
7.88208    8.43116
7.90272    8.43116
7.94398    8.43116
8.02652    8.41229
8.06779    8.39343
8.10905    8.39343
8.15032    8.39343
8.19159    8.39343
8.25349    8.39343
8.27412    8.39343
8.33603    8.39343
8.35666    8.39343
8.39793    8.39343
8.48046    8.39343
8.5011    8.41229
8.52173    8.39343
8.58363    8.41229
8.60426    8.41229
8.6868    8.41229
8.72807    8.43116
8.7487    8.45002
8.76933    8.43116
8.8106    8.46888
8.8725    8.46888
8.89314    8.46888
8.9344    8.46888
8.97567    8.46888
8.99631    8.46888
9.03757    8.46888
9.05821    8.45002
9.12011    8.43116
9.12011    8.45002
9.16137    8.41229
9.22328    8.39343
9.26454    8.39343
9.28518    8.39343
9.30581    8.39343
9.34708    8.37457
9.40898    8.35571
9.40898    8.37457
9.42961    8.35571
9.47088    8.35571
9.49151    8.37457
9.53278    8.35571
9.55342    8.37457
9.59468    8.35571
9.61532    8.37457
9.61532    8.35571
9.65658    8.39343
9.67722    8.39343
9.71849    8.39343
9.73912    8.41229
9.75975    8.39343
9.80102    8.43116
9.82165    8.43116
9.82165    8.43116
9.84229    8.43116
9.88356    8.43116
9.90419    8.43116
9.90419    8.43116
9.92482    8.43116
9.94546    8.43116
9.94546    8.43116
9.96609    8.41229
10.0074    8.39343
10.0074    8.39343
10.028    8.39343
10.028    8.37457
10.0486    8.33685
10.0693    8.33685
10.0693    8.31799
10.0693    8.31799
10.0693    8.31799
10.0899    8.29912
10.1105    8.28026
10.1105    8.28026
10.1312    8.28026
10.1518    8.2614
10.1518    8.24254
10.1724    8.24254
10.1931    8.24254
10.1931    8.24254
10.2137    8.22368
10.255    8.20482
10.2756    8.22368
10.2756    8.20482
10.2962    8.22368
10.3169    8.20482
10.3375    8.22368
10.3581    8.20482
10.3581    8.20482
10.3788    8.20482
10.3994    8.20482
10.3994    8.20482
10.42    8.20482
10.4407    8.18595
10.42    8.16709
10.4407    8.18595
10.4407    8.16709
10.4407    8.16709
10.4407    8.16709
10.4407    8.14823
10.4407    8.12937
10.4407    8.12937
10.4407    8.11051
10.42    8.07278
10.4407    8.07278
10.42    8.05392
10.42    8.03506
10.42    8.0162
10.42    8.0162
10.42    7.99734
10.3994    7.95961
10.3788    7.94075
10.3994    7.94075
10.3788    7.94075
10.3994    7.92189
10.3788    7.90303
10.3994    7.90303
10.3994    7.90303
10.3994    7.90303
10.3994    7.88417
10.3994    7.86531
10.42    7.88417
10.4407    7.86531
10.4407    7.88417
10.4613    7.86531
10.4819    7.88417
10.5026    7.86531
10.5232    7.88417
10.5232    7.88417
10.5438    7.88417
10.5645    7.88417
10.5851    7.88417
10.6057    7.88417
10.6057    7.88417
10.6264    7.88417
10.647    7.88417
10.647    7.88417
10.6676    7.88417
10.6883    7.88417
10.6883    7.88417
10.6883    7.88417
10.7089    7.88417
10.7295    7.88417
10.7089    7.88417
10.7295    7.86531
10.7295    7.88417
10.7295    7.84644
10.7295    7.84644
10.7295    7.82758
10.7295    7.84644
10.7295    7.82758
10.7295    7.80872
10.7295    7.78986
10.7295    7.78986
10.7295    7.771
10.7295    7.73327
10.7295    7.71441
10.7295    7.71441
10.7295    7.69555
10.7295    7.65783
10.7295    7.65783
10.7502    7.63897
10.7708    7.63897
10.7502    7.63897
10.7708    7.62011
10.7708    7.60124
10.7914    7.62011
10.8121    7.60124
10.8121    7.60124
10.8121    7.60124
10.8327    7.60124
10.8533    7.60124
10.8533    7.60124
10.874    7.60124
10.8946    7.60124
10.8946    7.60124
10.9359    7.60124
10.9565    7.60124
10.9771    7.60124
10.9771    7.60124
10.9978    7.60124
11.0184    7.60124
11.0184    7.60124
11.039    7.60124
11.0597    7.60124
11.0597    7.60124
11.0597    7.58238
11.0803    7.56352
11.1009    7.58238
11.0803    7.54466
11.1009    7.54466
11.1009    7.5258
11.1009    7.5258
11.1216    7.50694
11.1422    7.48807
11.1216    7.48807
11.1422    7.45035
11.1422    7.43149
11.1422    7.41263
11.1422    7.41263
11.1422    7.39377
11.1628    7.3749
11.1835    7.3749
11.1628    7.3749
11.1835    7.3749
11.1835    7.35604
11.2041    7.33718
11.2247    7.35604
11.2247    7.33718
11.2247    7.33718
11.2454    7.33718
11.2866    7.33718
11.3073    7.33718
11.3073    7.33718
11.3279    7.33718
11.3485    7.33718
11.3692    7.33718
11.3898    7.33718
11.3898    7.31832
11.3898    7.29946
11.4105    7.31832
11.4517    7.2806
11.4517    7.2806
11.4724    7.2806
11.4517    7.26173
11.4724    7.2806
11.4724    7.24287
11.493    7.22401
11.5136    7.22401
11.5136    7.20515
11.5136    7.18629
11.5343    7.16743
11.5549    7.14856
11.5549    7.14856
11.5755    7.1297
11.5962    7.11084
11.5962    7.09198
11.6168    7.07312
11.6374    7.07312
11.6374    7.07312
11.6374    7.07312
11.6581    7.05426
11.6993    7.03539
11.72    7.05426
11.72    7.03539
11.72    7.05426
11.7612    7.05426
11.7819    7.05426
11.8025    7.05426
11.8025    7.07312
11.8231    7.09198
11.8644    7.09198
11.885    7.11084
11.885    7.1297
11.9057    7.1297
11.9263    7.1297
11.9469    7.14856
11.9882    7.16743
12.0088    7.14856
12.0088    7.16743
12.0295    7.14856
12.0707    7.16743
12.0914    7.14856
12.112    7.16743
12.1533    7.14856
12.1739    7.14856
12.1945    7.1297
12.2564    7.11084
12.2564    7.11084
12.2771    7.09198
12.339    7.07312
12.3596    7.05426
12.4009    7.03539
12.4215    7.03539
12.4421    7.03539
12.4834    7.01653
12.5247    6.99767
12.5453    7.01653
12.5659    6.99767
12.6072    6.99767
12.6278    6.99767
12.6485    6.99767
12.6897    6.99767
12.731    6.99767
12.7516    6.99767
12.7723    6.99767
12.8342    6.99767
12.8342    6.99767
12.8548    6.99767
12.8961    6.99767
12.9167    6.99767
12.958    6.97881
