3.63154    5.52646
3.6728    5.54532
3.71407    5.56419
3.7347    5.60191
3.77597    5.62077
3.83787    5.62077
3.87914    5.62077
3.94104    5.62077
3.98231    5.62077
4.04421    5.63963
4.16801    5.65849
4.25055    5.65849
4.31245    5.67736
4.39498    5.69622
4.56005    5.69622
4.64259    5.67736
4.72512    5.67736
4.78702    5.65849
4.86956    5.62077
5.014    5.56419
5.09653    5.54532
5.15843    5.5076
5.24097    5.48874
5.30287    5.5076
5.4473    5.48874
5.52984    5.48874
5.59174    5.48874
5.67427    5.46988
5.77744    5.45102
5.92188    5.43215
5.98378    5.39443
6.06632    5.35671
6.14885    5.33785
6.21075    5.33785
6.35519    5.30012
6.43772    5.28126
6.49962    5.2624
6.58216    5.2624
6.64406    5.2624
6.7885    5.28126
6.87103    5.2624
6.95357    5.28126
7.0361    5.28126
7.11864    5.28126
7.26307    5.28126
7.36624    5.2624
7.44878    5.28126
7.53131    5.24354
7.61385    5.24354
7.77892    5.22468
7.88208    5.22468
7.96462    5.22468
8.04715    5.24354
8.12969    5.22468
8.29476    5.2624
8.37729    5.2624
8.45983    5.2624
8.52173    5.2624
8.60426    5.2624
8.72807    5.2624
8.8106    5.2624
8.89314    5.2624
8.97567    5.24354
9.05821    5.24354
9.20264    5.2624
9.28518    5.31898
9.36771    5.31898
9.45025    5.33785
9.53278    5.37557
9.69785    5.41329
9.78039    5.43215
9.86292    5.41329
9.94546    5.43215
10.028    5.41329
10.1724    5.43215
10.255    5.41329
10.3375    5.41329
10.42    5.41329
10.5026    5.41329
10.647    5.43215
10.7295    5.43215
10.8121    5.45102
10.874    5.48874
10.9565    5.5076
11.1009    5.52646
11.1628    5.54532
11.2454    5.54532
11.3073    5.54532
11.3898    5.52646
11.493    5.5076
11.5549    5.46988
11.6168    5.45102
11.6581    5.43215
11.72    5.39443
11.8438    5.33785
11.885    5.31898
11.9469    5.30012
12.0088    5.30012
12.0707    5.30012
12.1739    5.28126
12.2358    5.24354
12.2977    5.22468
12.339    5.22468
12.4009    5.20581
12.4834    5.13037
12.5247    5.11151
