12.5659    8.86497
12.5659    8.86497
12.5453    8.86497
12.5453    8.86497
12.5247    8.86497
12.504    8.84611
12.504    8.86497
12.4834    8.84611
12.4628    8.84611
12.4628    8.82725
12.4215    8.78953
12.4009    8.77067
12.3596    8.7518
12.339    8.73294
12.2771    8.71408
12.2358    8.69522
12.1945    8.69522
12.1533    8.69522
12.112    8.67636
12.0295    8.63863
11.9882    8.63863
11.9469    8.63863
11.885    8.61977
11.8438    8.63863
11.7612    8.61977
11.72    8.61977
11.6787    8.61977
11.6374    8.60091
11.5962    8.58205
11.5136    8.58205
11.4724    8.56319
11.4311    8.52546
11.3898    8.5066
11.3279    8.5066
11.2454    8.46888
11.1835    8.45002
11.1216    8.41229
11.0597    8.41229
11.0184    8.39343
10.8946    8.39343
10.8327    8.37457
10.7708    8.35571
10.7089    8.35571
10.647    8.33685
10.5438    8.28026
10.4819    8.28026
10.4407    8.2614
10.3994    8.22368
10.3375    8.20482
10.255    8.18595
10.2137    8.14823
10.1724    8.12937
10.1312    8.11051
10.0899    8.07278
9.98672    8.03506
9.94546    8.03506
9.90419    8.0162
9.86292    8.0162
9.80102    8.0162
9.71849    7.97848
9.67722    7.95961
9.63595    7.94075
9.57405    7.94075
9.53278    7.94075
9.45025    7.92189
9.40898    7.88417
9.36771    7.88417
9.32644    7.86531
9.28518    7.88417
9.20264    7.82758
9.14074    7.82758
9.07884    7.80872
9.01694    7.78986
8.95504    7.80872
8.83124    7.80872
8.7487    7.80872
8.6868    7.82758
8.6249    7.84644
8.563    7.84644
8.41856    7.84644
8.35666    7.84644
8.29476    7.82758
8.21222    7.84644
8.15032    7.82758
8.00589    7.82758
7.94398    7.82758
7.88208    7.80872
7.79955    7.78986
7.71701    7.82758
7.57258    7.90303
7.49004    7.94075
7.40751    7.97848
7.32497    8.0162
7.2218    8.05392
7.07737    8.12937
6.99483    8.16709
6.89166    8.18595
6.80913    8.18595
6.70596    8.20482
6.52026    8.2614
6.41709    8.2614
6.33455    8.28026
6.25202    8.29912
6.16948    8.29912
6.02505    8.37457
5.96315    8.41229
5.88061    8.43116
5.81871    8.48774
5.75681    8.48774
5.63301    8.54433
5.55047    8.56319
5.46794    8.56319
5.40604    8.58205
5.3235    8.61977
5.15843    8.6575
5.05526    8.67636
4.97273    8.67636
4.89019    8.69522
4.80766    8.73294
4.64259    8.77067
4.56005    8.78953
4.49815    8.7518
4.41562    8.77067
4.35372    8.77067
4.20928    8.78953
4.14738    8.78953
4.06484    8.78953
4.00294    8.78953
3.89977    8.78953
3.7347    8.78953
3.6109    8.77067
3.52837    8.77067
3.44583    8.77067
3.3633    8.7518
3.19823    8.7518
3.09506    8.77067
3.03316    8.78953
2.92999    8.78953
2.86809    8.80839
2.70302    8.78953
