12.9992    8.63863
12.9992    8.63863
12.9992    8.63863
12.9786    8.63863
12.9786    8.61977
12.9786    8.63863
12.9786    8.61977
12.958    8.61977
12.958    8.61977
12.958    8.60091
12.9373    8.56319
12.9167    8.54433
12.8961    8.56319
12.8754    8.54433
12.8548    8.56319
12.8342    8.54433
12.8135    8.56319
12.7929    8.54433
12.7723    8.54433
12.7104    8.54433
12.6897    8.54433
12.6485    8.54433
12.6072    8.54433
12.5866    8.54433
12.5247    8.52546
12.4834    8.5066
12.4421    8.5066
12.4009    8.48774
12.3596    8.46888
12.2771    8.48774
12.2358    8.48774
12.1945    8.48774
12.1533    8.5066
12.112    8.52546
12.0295    8.5066
11.9882    8.52546
11.9469    8.5066
11.9057    8.52546
11.8644    8.5066
11.7819    8.52546
11.72    8.5066
11.6787    8.52546
11.6374    8.5066
11.5962    8.52546
11.493    8.5066
11.4517    8.5066
11.4105    8.5066
11.3485    8.46888
11.3073    8.45002
11.2247    8.37457
11.1628    8.33685
11.1216    8.29912
11.0597    8.2614
10.9978    8.22368
10.8946    8.16709
10.8327    8.16709
10.7708    8.16709
10.7295    8.16709
10.6676    8.14823
10.5645    8.09165
10.5232    8.09165
10.4819    8.09165
10.42    8.07278
10.3788    8.03506
10.2962    7.99734
10.255    7.97848
10.2137    7.97848
10.1724    7.94075
10.1312    7.92189
10.0486    7.86531
9.98672    7.88417
9.94546    7.86531
9.90419    7.86531
9.86292    7.86531
9.78039    7.86531
9.73912    7.84644
9.69785    7.82758
9.65658    7.84644
9.63595    7.82758
9.53278    7.82758
9.49151    7.82758
9.45025    7.80872
9.38835    7.771
9.32644    7.771
9.22328    7.73327
9.16137    7.71441
9.09947    7.71441
9.03757    7.69555
8.97567    7.67669
8.85187    7.69555
8.78997    7.69555
8.72807    7.71441
8.64553    7.75214
8.58363    7.75214
8.48046    7.771
8.39793    7.75214
8.33603    7.771
8.27412    7.771
8.21222    7.771
8.06779    7.78986
7.98525    7.78986
7.90272    7.78986
7.84082    7.78986
7.75828    7.78986
7.61385    7.80872
7.53131    7.82758
7.44878    7.86531
7.38687    7.90303
7.32497    7.92189
7.18054    7.95961
7.098    7.97848
7.01547    8.0162
6.93293    8.03506
6.87103    8.03506
6.7266    8.03506
6.64406    8.03506
6.56153    8.05392
6.49962    8.07278
6.43772    8.07278
6.29329    8.11051
6.23139    8.14823
6.14885    8.18595
6.08695    8.22368
6.02505    8.2614
5.90125    8.33685
5.83934    8.37457
5.77744    8.41229
5.71554    8.43116
5.65364    8.46888
5.52984    8.52546
5.46794    8.52546
5.40604    8.54433
5.34414    8.58205
5.28223    8.56319
5.15843    8.56319
5.09653    8.56319
5.03463    8.56319
4.97273    8.56319
4.93146    8.56319
4.80766    8.58205
4.74576    8.60091
4.68386    8.60091
4.62195    8.60091
4.58069    8.61977
4.47752    8.63863
4.41562    8.63863
4.35372    8.63863
4.29182    8.63863
4.22991    8.6575
4.12675    8.69522
4.06484    8.71408
4.00294    8.69522
3.96168    8.73294
3.89977    8.73294
3.79661    8.73294
3.75534    8.73294
3.71407    8.73294
3.65217    8.73294
3.6109    8.71408
3.50773    8.69522
3.44583    8.69522
3.40456    8.69522
3.34266    8.69522
3.3014    8.69522
3.19823    8.69522
3.13633    8.69522
3.09506    8.71408
3.05379    8.69522
3.01252    8.71408
2.92999    8.69522
2.88872    8.73294
2.84745    8.73294
2.80619    8.73294
2.76492    8.7518
2.68238    8.77067
2.62048    8.78953
2.57922    8.78953
2.53795    8.80839
2.49668    8.82725
2.43478    8.82725
2.39351    8.84611
2.35224    8.86497
