13.3913    8.41229
13.3913    8.41229
13.3707    8.41229
13.35    8.41229
13.35    8.41229
13.3294    8.43116
13.3088    8.43116
13.3088    8.43116
13.3088    8.41229
13.3088    8.41229
13.2881    8.37457
13.2675    8.35571
13.2675    8.33685
13.2675    8.31799
13.2469    8.28026
13.2262    8.24254
13.2262    8.22368
13.2056    8.18595
13.1643    8.16709
13.1231    8.12937
13.1024    8.09165
13.0818    8.07278
13.0405    8.05392
13.0199    8.03506
12.958    7.99734
12.9167    7.99734
12.8754    7.97848
12.8548    7.95961
12.8342    7.94075
12.7723    7.92189
12.7516    7.90303
12.6897    7.88417
12.6691    7.86531
12.6278    7.84644
12.5453    7.78986
12.504    7.771
12.4628    7.73327
12.4215    7.71441
12.3802    7.69555
12.2977    7.63897
12.2358    7.62011
12.2152    7.60124
12.1533    7.60124
12.112    7.60124
12.0295    7.58238
11.9676    7.58238
11.9057    7.58238
11.8644    7.58238
11.8025    7.58238
11.6787    7.58238
11.6168    7.58238
11.5755    7.58238
11.5136    7.58238
11.4311    7.58238
11.3279    7.58238
11.2866    7.56352
11.2454    7.56352
11.1835    7.54466
11.1216    7.5258
11.0184    7.50694
10.9565    7.48807
10.9152    7.46921
10.8533    7.45035
10.7914    7.43149
10.7089    7.41263
10.6676    7.41263
10.6057    7.41263
10.5438    7.43149
10.5026    7.43149
10.42    7.43149
10.3581    7.43149
10.2962    7.43149
10.255    7.43149
10.2137    7.43149
10.1105    7.43149
10.028    7.43149
9.98672    7.43149
9.92482    7.43149
9.90419    7.43149
9.78039    7.43149
9.73912    7.43149
9.67722    7.43149
9.65658    7.43149
9.59468    7.41263
9.51215    7.39377
9.45025    7.39377
9.38835    7.3749
9.34708    7.35604
9.28518    7.33718
9.14074    7.29946
9.09947    7.2806
9.03757    7.26173
8.95504    7.26173
8.8725    7.24287
8.76933    7.26173
8.70743    7.26173
8.6249    7.2806
8.563    7.29946
8.52173    7.29946
8.39793    7.31832
8.33603    7.33718
8.27412    7.33718
8.23286    7.33718
8.17096    7.35604
8.04715    7.3749
7.98525    7.3749
7.94398    7.3749
7.90272    7.39377
7.86145    7.39377
7.77892    7.39377
7.73765    7.41263
7.69638    7.41263
7.65511    7.43149
7.61385    7.46921
7.55194    7.5258
7.49004    7.54466
7.46941    7.58238
7.44878    7.60124
7.42814    7.63897
7.38687    7.69555
7.36624    7.73327
7.34561    7.75214
7.28371    7.771
7.26307    7.771
7.1599    7.78986
7.13927    7.78986
7.07737    7.78986
7.0361    7.771
6.99483    7.771
6.93293    7.771
6.87103    7.771
6.8504    7.771
6.80913    7.78986
6.76786    7.78986
6.68533    7.84644
6.64406    7.86531
6.62343    7.90303
6.58216    7.94075
6.56153    7.97848
6.47899    8.03506
6.43772    8.07278
6.41709    8.11051
6.39646    8.14823
6.35519    8.18595
6.27265    8.2614
6.23139    8.29912
6.19012    8.31799
6.14885    8.35571
6.08695    8.37457
6.02505    8.43116
5.96315    8.43116
5.92188    8.45002
5.88061    8.45002
5.81871    8.45002
5.69491    8.46888
5.63301    8.46888
5.59174    8.46888
5.52984    8.48774
5.46794    8.48774
5.36477    8.52546
5.28223    8.52546
5.22033    8.54433
5.17907    8.56319
5.1378    8.56319
5.03463    8.58205
4.95209    8.58205
4.89019    8.60091
4.86956    8.60091
4.78702    8.60091
4.68386    8.60091
4.64259    8.60091
4.58069    8.60091
4.51879    8.60091
4.47752    8.58205
4.39498    8.56319
4.33308    8.56319
4.27118    8.54433
4.22991    8.52546
4.18865    8.52546
4.08548    8.5066
4.00294    8.52546
3.94104    8.52546
3.89977    8.54433
3.85851    8.54433
3.75534    8.56319
3.69344    8.58205
3.65217    8.58205
3.6109    8.58205
3.56963    8.60091
3.46647    8.60091
3.40456    8.60091
3.3633    8.61977
3.32203    8.61977
3.28076    8.61977
3.19823    8.61977
3.13633    8.61977
3.07443    8.61977
3.05379    8.61977
3.01252    8.61977
2.92999    8.60091
2.88872    8.60091
2.84745    8.58205
2.80619    8.58205
2.76492    8.58205
