11.266    5.88483
11.2041    5.88483
11.1628    5.88483
11.1009    5.88483
11.0184    5.88483
10.874    5.88483
10.8121    5.86597
10.7295    5.86597
10.647    5.86597
10.5851    5.86597
10.4819    5.86597
10.42    5.86597
10.3581    5.86597
10.2756    5.86597
10.2343    5.84711
10.1724    5.84711
10.1105    5.84711
9.80102    5.92256
9.71849    5.92256
9.57405    5.92256
9.49151    5.92256
9.40898    5.94142
9.34708    5.96028
9.28518    5.94142
9.20264    5.96028
9.12011    5.96028
9.05821    5.94142
8.97567    5.97914
8.91377    5.998
8.66617    6.01687
8.58363    6.01687
8.52173    6.03573
8.45983    6.03573
8.37729    6.05459
8.27412    6.05459
8.23286    6.05459
8.19159    6.05459
8.12969    6.05459
8.06779    6.05459
7.96462    6.05459
7.90272    6.05459
7.86145    6.07345
7.79955    6.07345
7.71701    6.11117
7.61385    6.11117
7.57258    6.11117
7.53131    6.11117
7.49004    6.09231
7.44878    6.09231
7.36624    6.07345
7.30434    6.07345
7.24244    6.07345
7.20117    6.07345
7.13927    6.07345
7.01547    6.05459
6.95357    6.05459
6.8504    6.09231
6.7885    6.09231
6.7266    6.09231
6.56153    6.07345
6.49962    6.05459
6.43772    6.07345
6.35519    6.05459
6.29329    6.07345
6.16948    6.11117
6.08695    6.13004
6.00441    6.16776
5.92188    6.18662
5.83934    6.18662
5.67427    6.18662
5.55047    6.18662
5.46794    6.18662
5.3854    6.18662
5.28223    6.18662
5.09653    6.16776
5.014    6.1489
4.93146    6.11117
4.84893    6.11117
4.74576    6.09231
4.53942    6.11117
4.43625    6.09231
4.35372    6.09231
4.27118    6.07345
4.16801    6.05459
3.96168    6.03573
3.83787    6.01687
3.7347    6.01687
3.65217    6.01687
3.59027    6.01687
3.4252    6.05459
