11.6993    5.30012
11.6787    5.30012
11.6581    5.30012
11.6581    5.30012
11.6374    5.30012
11.6168    5.30012
11.6168    5.30012
11.5962    5.30012
11.5962    5.31898
11.5962    5.31898
11.5962    5.31898
11.5962    5.31898
11.5755    5.31898
11.5755    5.31898
11.5755    5.31898
11.5549    5.33785
11.5549    5.33785
11.5343    5.33785
11.5136    5.33785
11.4724    5.33785
11.4311    5.33785
11.4105    5.33785
11.3692    5.33785
11.3485    5.33785
11.266    5.31898
11.2247    5.31898
11.1835    5.31898
11.1422    5.31898
11.1009    5.31898
11.039    5.33785
10.9771    5.33785
10.9359    5.35671
10.8946    5.35671
10.8327    5.35671
10.7502    5.39443
10.6883    5.41329
10.6264    5.43215
10.5645    5.46988
10.5026    5.48874
10.3581    5.56419
10.3169    5.56419
10.2343    5.58305
10.1724    5.62077
10.0899    5.63963
9.90419    5.65849
9.82165    5.63963
9.71849    5.63963
9.63595    5.63963
9.53278    5.65849
9.51215    5.73394
9.49151    5.7528
9.47088    5.71508
9.47088    5.71508
9.42961    5.63963
8.83124    5.86597
8.72807    5.88483
8.70743    5.88483
8.72807    5.88483
8.70743    5.86597
8.10905    5.86597
7.98525    5.86597
8.00589    5.86597
7.98525    5.88483
7.49004    5.998
7.46941    5.94142
7.46941    5.86597
7.44878    5.84711
6.93293    5.998
6.80913    6.01687
6.68533    6.05459
6.58216    6.11117
6.33455    6.13004
6.23139    6.16776
6.10758    6.20548
5.90125    6.29979
5.77744    6.31865
5.71554    6.33751
5.61237    6.37524
5.48857    6.41296
5.55047    6.35637
5.09653    6.50727
4.97273    6.52613
4.86956    6.56385
4.72512    6.60158
4.62195    6.60158
4.51879    6.6393
4.41562    6.67702
4.29182    6.71475
4.14738    6.84678
4.12675    6.86564
4.10611    6.84678
4.06484    6.90336
4.00294    6.94109
3.4252    7.03539
3.21886    7.09198
3.11569    7.1297
3.01252    7.14856
2.90936    7.18629
2.82682    7.22401
