13.2881    5.46988
13.2881    5.46988
13.2881    5.46988
13.2881    5.46988
13.2881    5.46988
13.2881    5.46988
13.2881    5.46988
13.2881    5.46988
13.2881    5.46988
13.3088    5.46988
13.3088    5.46988
13.3088    5.46988
13.3088    5.46988
13.3294    5.46988
13.3088    5.46988
13.3294    5.46988
13.3088    5.46988
13.3294    5.46988
13.3088    5.46988
13.3294    5.46988
13.3088    5.46988
13.3294    5.46988
13.3088    5.46988
13.3294    5.46988
13.3088    5.46988
13.3294    5.46988
13.3088    5.46988
13.3294    5.46988
13.3088    5.46988
13.3294    5.46988
13.3088    5.46988
13.3294    5.46988
13.3088    5.46988
13.3294    5.46988
13.3088    5.46988
13.3088    5.46988
13.3088    5.46988
13.3088    5.46988
13.2881    5.46988
13.2262    5.45102
13.2262    5.45102
13.185    5.45102
13.1643    5.43215
13.1024    5.41329
13.0199    5.39443
12.958    5.37557
12.8961    5.39443
12.8342    5.37557
12.7516    5.41329
12.7929    5.43215
12.7104    5.46988
12.6278    5.5076
12.5453    5.54532
12.4628    5.58305
12.2977    5.65849
12.2152    5.69622
12.1326    5.67736
12.0501    5.69622
11.9469    5.67736
11.885    5.63963
11.6374    5.69622
11.5343    5.71508
11.4311    5.73394
11.3073    5.77166
11.1835    5.82825
11.0803    5.84711
10.9978    5.86597
10.6264    5.96028
10.5026    5.97914
10.2756    5.97914
10.1312    5.96028
10.0899    5.97914
9.96609    5.96028
9.82165    5.94142
9.92482    5.94142
9.92482    5.94142
9.20264    5.97914
9.07884    5.97914
8.95504    5.97914
8.91377    5.96028
8.8725    5.96028
8.8725    5.96028
8.23286    5.97914
8.12969    5.97914
8.15032    5.94142
8.21222    5.92256
7.61385    6.07345
7.49004    6.07345
7.36624    6.07345
7.20117    6.05459
6.99483    6.03573
6.87103    6.03573
6.7266    6.03573
6.64406    6.01687
6.60279    6.01687
6.19012    5.96028
6.04568    5.92256
5.92188    5.9037
5.75681    5.86597
5.83934    5.69622
5.96315    5.73394
5.15843    5.7528
5.03463    5.73394
4.91083    5.71508
4.66322    5.69622
4.51879    5.67736
4.41562    5.65849
4.27118    5.5076
4.16801    5.48874
4.08548    5.48874
4.00294    5.48874
3.92041    5.46988
3.89977    5.41329
3.81724    5.39443
3.7347    5.39443
3.6728    5.39443
3.65217    5.39443
