3.7347    6.45068
3.77597    6.45068
3.83787    6.45068
3.87914    6.45068
3.94104    6.45068
4.04421    6.46954
4.08548    6.48841
4.12675    6.48841
4.16801    6.48841
4.20928    6.50727
4.29182    6.52613
4.35372    6.50727
4.41562    6.52613
4.45689    6.52613
4.58069    6.54499
4.66322    6.58271
4.74576    6.60158
4.82829    6.60158
4.91083    6.62044
5.0759    6.67702
5.15843    6.67702
5.24097    6.69588
5.3235    6.73361
5.3854    6.75247
5.52984    6.77133
5.59174    6.79019
5.67427    6.79019
5.73618    6.79019
5.79808    6.80905
5.96315    6.82792
6.02505    6.80905
6.06632    6.82792
6.10758    6.82792
6.14885    6.82792
6.23139    6.84678
6.27265    6.86564
6.41709    6.84678
6.45836    6.84678
6.49962    6.84678
6.56153    6.84678
6.60279    6.86564
6.64406    6.86564
6.66469    6.8845
6.70596    6.8845
6.7885    6.90336
6.82976    6.90336
6.87103    6.90336
6.9123    6.90336
6.95357    6.90336
7.05673    6.8845
7.11864    6.86564
7.18054    6.86564
7.26307    6.86564
7.32497    6.86564
7.46941    6.86564
7.53131    6.86564
7.61385    6.86564
7.69638    6.86564
7.75828    6.86564
7.90272    6.86564
7.98525    6.86564
8.08842    6.86564
8.17096    6.86564
8.27412    6.86564
8.45983    6.86564
8.54236    6.86564
8.64553    6.84678
8.7487    6.84678
8.83124    6.84678
9.03757    6.82792
9.14074    6.82792
9.26454    6.84678
9.36771    6.84678
9.45025    6.84678
9.63595    6.84678
9.73912    6.82792
9.84229    6.80905
9.92482    6.79019
10.028    6.77133
10.2137    6.73361
10.2962    6.73361
10.3788    6.73361
10.4613    6.71475
10.5645    6.69588
10.7502    6.6393
10.8327    6.60158
10.9152    6.58271
10.9978    6.56385
11.1009    6.54499
11.2247    6.54499
11.2866    6.54499
11.3485    6.54499
11.4105    6.54499
11.4724    6.54499
11.6168    6.52613
11.6787    6.50727
11.7406    6.50727
11.8231    6.48841
11.885    6.48841
11.9882    6.43182
12.0295    6.41296
12.0707    6.37524
12.112    6.35637
12.1533    6.33751
12.1945    6.26207
12.2358    6.22434
12.2771    6.18662
12.2977    6.1489
12.339    6.09231
12.3802    6.01687
12.4009    5.97914
12.4215    5.94142
12.4628    5.9037
12.4834    5.88483
12.5453    5.82825
12.5453    5.80939
12.5659    5.77166
