3.09506    6.95995
3.11569    6.95995
3.13633    6.95995
3.13633    6.95995
3.15696    6.95995
3.21886    6.97881
3.2395    6.95995
3.28076    6.99767
3.32203    6.99767
3.34266    6.99767
3.4252    7.01653
3.46647    7.01653
3.50773    7.01653
3.56963    7.01653
3.71407    7.03539
3.75534    7.05426
3.83787    7.03539
3.89977    7.05426
4.00294    7.03539
4.14738    7.09198
4.25055    7.09198
4.31245    7.11084
4.41562    7.14856
4.47752    7.18629
4.66322    7.24287
4.74576    7.24287
4.84893    7.26173
4.95209    7.29946
5.03463    7.31832
5.22033    7.33718
5.34414    7.35604
5.4473    7.33718
5.52984    7.33718
5.63301    7.33718
5.83934    7.3749
5.94251    7.39377
6.02505    7.41263
6.10758    7.46921
6.16948    7.50694
6.31392    7.60124
6.37582    7.65783
6.45836    7.69555
6.43772    7.771
6.49962    7.80872
6.64406    7.88417
6.70596    7.90303
6.7885    7.94075
6.87103    7.97848
6.93293    7.99734
7.07737    8.03506
7.18054    8.05392
7.24244    8.07278
7.32497    8.09165
7.40751    8.11051
7.46941    8.09165
7.53131    8.11051
7.59321    8.11051
7.65511    8.12937
7.71701    8.16709
7.84082    8.18595
7.92335    8.16709
7.98525    8.20482
8.06779    8.20482
8.15032    8.20482
8.27412    8.22368
8.33603    8.22368
8.37729    8.24254
8.45983    8.24254
8.52173    8.2614
8.64553    8.28026
8.6868    8.28026
8.7487    8.29912
8.78997    8.29912
8.83124    8.29912
8.9344    8.29912
9.01694    8.29912
9.07884    8.29912
9.12011    8.31799
9.18201    8.31799
9.30581    8.33685
9.36771    8.35571
9.40898    8.35571
9.47088    8.35571
9.55342    8.37457
9.65658    8.37457
9.71849    8.37457
9.80102    8.37457
9.84229    8.35571
9.90419    8.35571
10.0074    8.33685
10.0899    8.31799
10.1518    8.29912
10.1931    8.2614
10.255    8.24254
10.3994    8.22368
10.4407    8.20482
10.4819    8.20482
10.5438    8.18595
10.6264    8.16709
10.7089    8.11051
10.7708    8.07278
10.7914    8.05392
10.8533    8.0162
10.8946    7.99734
10.9771    7.94075
11.0184    7.90303
11.0597    7.86531
11.1216    7.82758
11.1835    7.80872
11.266    7.75214
11.3073    7.73327
11.3692    7.71441
11.4311    7.69555
11.4724    7.67669
11.5549    7.63897
11.5962    7.62011
11.6374    7.58238
11.6993    7.56352
11.7406    7.54466
11.8025    7.50694
11.8438    7.50694
11.885    7.48807
11.9263    7.48807
11.9676    7.46921
12.0295    7.45035
12.0914    7.45035
12.112    7.45035
12.1739    7.43149
12.1945    7.43149
12.2771    7.41263
12.2977    7.39377
12.3183    7.3749
12.3596    7.3749
12.3802    7.35604
12.4215    7.31832
12.4421    7.31832
12.504    7.31832
12.504    7.29946
12.5453    7.29946
12.5866    7.2806
