4.84893    8.48774
4.91083    8.48774
4.95209    8.46888
4.99336    8.48774
5.05526    8.46888
5.1997    8.46888
5.2616    8.46888
5.34414    8.45002
5.40604    8.43116
5.46794    8.43116
5.61237    8.41229
5.67427    8.37457
5.75681    8.35571
5.83934    8.37457
5.98378    8.35571
6.06632    8.37457
6.12822    8.37457
6.23139    8.37457
6.29329    8.39343
6.45836    8.41229
6.54089    8.41229
6.62343    8.41229
6.68533    8.41229
6.74723    8.41229
6.9123    8.41229
6.99483    8.41229
7.07737    8.41229
7.13927    8.41229
7.20117    8.39343
7.38687    8.41229
7.44878    8.39343
7.53131    8.41229
7.61385    8.41229
7.67575    8.41229
7.79955    8.45002
7.88208    8.46888
7.96462    8.5066
8.04715    8.52546
8.12969    8.52546
8.27412    8.54433
8.35666    8.56319
8.43919    8.56319
8.52173    8.56319
8.60426    8.58205
8.72807    8.60091
8.8106    8.58205
8.89314    8.60091
8.95504    8.58205
9.01694    8.60091
9.18201    8.60091
9.24391    8.60091
9.30581    8.60091
9.38835    8.61977
9.45025    8.63863
9.55342    8.6575
9.65658    8.67636
9.69785    8.67636
9.75975    8.67636
9.84229    8.67636
9.96609    8.67636
10.028    8.67636
10.0899    8.67636
10.1518    8.67636
10.2137    8.6575
10.3581    8.6575
10.3994    8.6575
10.4613    8.63863
10.5438    8.60091
10.6264    8.60091
10.7502    8.58205
10.7914    8.58205
10.8533    8.58205
10.9152    8.58205
10.9771    8.58205
11.0803    8.58205
11.1628    8.58205
11.2454    8.56319
11.3073    8.54433
11.3485    8.56319
11.4517    8.52546
11.5549    8.52546
11.5755    8.52546
11.6581    8.5066
11.6993    8.52546
11.8025    8.48774
11.8438    8.46888
11.9057    8.46888
11.9676    8.45002
12.0088    8.43116
12.0914    8.41229
12.1326    8.37457
12.1945    8.37457
12.2358    8.37457
12.2771    8.37457
12.3802    8.37457
12.4009    8.37457
12.4421    8.37457
12.4834    8.39343
12.5247    8.43116
12.6072    8.45002
12.6485    8.45002
