3.44583    8.35571
3.50773    8.35571
3.56963    8.35571
3.63154    8.37457
3.69344    8.37457
3.81724    8.37457
3.89977    8.37457
3.96168    8.35571
4.02358    8.35571
4.08548    8.33685
4.20928    8.29912
4.27118    8.28026
4.35372    8.2614
4.41562    8.2614
4.51879    8.28026
4.60132    8.28026
4.66322    8.28026
4.70449    8.29912
4.76639    8.29912
4.89019    8.29912
4.95209    8.29912
5.014    8.31799
5.0759    8.31799
5.15843    8.31799
5.30287    8.31799
5.36477    8.31799
5.4473    8.29912
5.50921    8.29912
5.57111    8.29912
5.69491    8.28026
5.77744    8.2614
5.83934    8.2614
5.92188    8.24254
5.98378    8.22368
6.12822    8.20482
6.33455    8.33685
6.39646    8.33685
6.47899    8.35571
6.54089    8.35571
6.68533    8.39343
6.74723    8.39343
6.82976    8.41229
6.9123    8.41229
6.9742    8.41229
7.11864    8.41229
7.20117    8.41229
7.28371    8.43116
7.36624    8.43116
7.42814    8.43116
7.57258    8.41229
7.65511    8.41229
7.73765    8.41229
7.82018    8.41229
7.88208    8.41229
8.02652    8.45002
8.10905    8.46888
8.17096    8.48774
8.23286    8.5066
8.31539    8.52546
8.43919    8.54433
8.52173    8.54433
8.60426    8.54433
8.6868    8.54433
8.7487    8.54433
8.89314    8.54433
8.97567    8.54433
9.03757    8.52546
9.12011    8.52546
9.18201    8.5066
9.32644    8.46888
9.38835    8.46888
9.47088    8.46888
9.53278    8.46888
9.59468    8.46888
9.73912    8.48774
9.80102    8.48774
9.88356    8.5066
9.94546    8.5066
10.0074    8.5066
10.1312    8.48774
10.2137    8.46888
10.2756    8.46888
10.3375    8.45002
10.3994    8.43116
10.5026    8.39343
10.5645    8.37457
10.6264    8.35571
10.6676    8.33685
10.7295    8.31799
10.8327    8.28026
10.8946    8.2614
10.9359    8.24254
10.9771    8.24254
11.039    8.22368
11.1422    8.22368
11.1835    8.22368
11.2247    8.22368
11.2866    8.22368
11.3279    8.22368
11.4105    8.20482
11.4724    8.20482
11.5136    8.18595
11.5549    8.18595
11.5962    8.18595
11.6787    8.16709
11.72    8.14823
11.7406    8.11051
11.7819    8.09165
11.8231    8.07278
11.885    8.03506
11.9057    7.99734
11.9469    7.97848
11.9882    7.95961
12.0088    7.94075
