9.26454    5.60191
9.22328    5.60191
9.18201    5.60191
9.14074    5.60191
9.09947    5.60191
9.01694    5.60191
8.97567    5.62077
8.9344    5.60191
8.89314    5.62077
8.8725    5.60191
8.78997    5.62077
8.7487    5.58305
8.70743    5.58305
8.6868    5.58305
8.64553    5.58305
8.6249    5.58305
8.58363    5.58305
8.563    5.56419
8.54236    5.58305
8.48046    5.54532
8.45983    5.54532
8.41856    5.54532
8.37729    5.54532
8.35666    5.54532
8.31539    5.56419
8.29476    5.58305
8.23286    5.58305
8.21222    5.58305
8.17096    5.60191
8.10905    5.65849
8.08842    5.67736
8.04715    5.71508
8.00589    5.73394
7.96462    5.73394
7.88208    5.79053
7.84082    5.82825
7.79955    5.84711
7.75828    5.84711
7.69638    5.84711
7.61385    5.86597
7.55194    5.88483
7.46941    5.88483
7.40751    5.9037
7.34561    5.92256
7.20117    5.92256
7.13927    5.92256
7.0361    5.94142
6.9742    5.96028
6.89166    5.97914
6.74723    6.01687
6.66469    6.03573
6.58216    6.03573
6.49962    6.05459
6.41709    6.05459
6.25202    6.07345
6.14885    6.05459
6.04568    6.07345
5.98378    6.05459
5.88061    6.07345
5.71554    6.03573
5.61237    6.03573
5.50921    6.03573
5.42667    6.01687
5.3235    6.03573
5.11716    6.03573
5.014    6.03573
4.93146    6.03573
4.82829    6.03573
4.72512    6.03573
4.56005    6.03573
4.43625    6.03573
4.35372    6.03573
4.25055    6.03573
4.12675    6.03573
3.96168    6.03573
3.85851    6.03573
3.79661    6.03573
3.69344    6.03573
3.65217    6.05459
3.50773    6.05459
3.40456    6.07345
3.34266    6.05459
3.26013    6.05459
3.19823    6.07345
3.07443    6.07345
3.01252    6.07345
2.92999    6.09231
2.86809    6.13004
2.82682    6.1489
2.70302    6.1489
2.64112    6.16776
2.55858    6.18662
