2.26971    8.03506
2.29034    8.03506
2.33161    8.05392
2.37288    8.07278
2.41415    8.05392
2.49668    8.09165
2.53795    8.11051
2.59985    8.11051
2.62048    8.12937
2.68238    8.16709
2.76492    8.20482
2.82682    8.22368
2.88872    8.22368
2.92999    8.22368
3.07443    8.24254
3.15696    8.2614
3.2395    8.24254
3.3014    8.2614
3.3633    8.24254
3.50773    8.24254
3.59027    8.24254
3.65217    8.24254
3.75534    8.2614
3.81724    8.2614
4.00294    8.28026
4.06484    8.29912
4.16801    8.29912
4.22991    8.29912
4.31245    8.29912
4.47752    8.29912
4.56005    8.28026
4.62195    8.29912
4.68386    8.28026
4.78702    8.28026
4.93146    8.2614
5.03463    8.24254
5.11716    8.24254
5.1997    8.24254
5.28223    8.24254
5.4473    8.2614
5.52984    8.24254
5.61237    8.2614
5.69491    8.24254
5.77744    8.2614
5.92188    8.2614
6.00441    8.2614
6.06632    8.2614
6.12822    8.28026
6.21075    8.29912
6.35519    8.29912
6.41709    8.31799
6.52026    8.35571
6.58216    8.37457
6.66469    8.37457
6.80913    8.41229
6.87103    8.43116
6.95357    8.45002
7.0361    8.43116
7.11864    8.45002
7.24244    8.43116
7.32497    8.45002
7.40751    8.43116
7.46941    8.43116
7.53131    8.43116
7.69638    8.45002
7.79955    8.45002
7.86145    8.46888
7.94398    8.48774
8.00589    8.48774
8.10905    8.46888
8.17096    8.48774
8.21222    8.46888
8.27412    8.48774
8.33603    8.46888
8.43919    8.46888
8.52173    8.46888
8.60426    8.46888
8.66617    8.46888
8.72807    8.46888
8.85187    8.46888
8.9344    8.46888
8.97567    8.46888
9.03757    8.45002
9.07884    8.43116
9.18201    8.41229
9.26454    8.39343
9.32644    8.37457
9.34708    8.33685
9.42961    8.31799
9.53278    8.28026
9.57405    8.24254
9.63595    8.20482
9.69785    8.18595
9.73912    8.14823
9.88356    8.11051
9.96609    8.09165
10.028    8.09165
10.0899    8.07278
10.1724    8.03506
10.2756    7.99734
10.3375    7.97848
10.3994    7.97848
10.4407    7.95961
10.5026    7.90303
10.6264    7.86531
10.6883    7.84644
10.7295    7.78986
10.7708    7.771
10.8327    7.73327
10.9359    7.69555
10.9771    7.67669
11.0184    7.69555
11.0597    7.67669
11.1009    7.67669
11.2041    7.65783
11.2454    7.62011
11.2866    7.60124
11.3485    7.60124
11.3692    7.60124
11.4724    7.58238
11.493    7.54466
11.5549    7.54466
11.5755    7.5258
11.6374    7.5258
11.6993    7.48807
11.7612    7.46921
11.8025    7.45035
11.8438    7.45035
11.885    7.43149
11.9676    7.43149
12.0088    7.43149
12.0501    7.45035
12.0914    7.46921
12.112    7.45035
12.1945    7.48807
