2.59985    5.86597
2.62048    5.86597
2.62048    5.86597
2.64112    5.86597
2.66175    5.84711
2.68238    5.82825
2.70302    5.84711
2.74429    5.82825
2.76492    5.82825
2.78555    5.82825
2.84745    5.80939
2.86809    5.77166
2.88872    5.77166
2.90936    5.7528
2.97126    5.77166
2.99189    5.7528
3.01252    5.7528
3.03316    5.7528
3.07443    5.7528
3.11569    5.73394
3.15696    5.71508
3.17759    5.73394
3.21886    5.71508
3.2395    5.73394
3.32203    5.71508
3.3633    5.73394
3.40456    5.71508
3.4252    5.73394
3.46647    5.71508
3.549    5.7528
3.59027    5.7528
3.6109    5.7528
3.65217    5.7528
3.69344    5.7528
3.75534    5.7528
3.79661    5.7528
3.83787    5.7528
3.87914    5.73394
3.92041    5.71508
4.02358    5.71508
4.06484    5.69622
4.12675    5.65849
4.16801    5.65849
4.20928    5.63963
4.29182    5.63963
4.35372    5.62077
4.39498    5.60191
4.43625    5.60191
4.49815    5.60191
4.60132    5.58305
4.64259    5.54532
4.70449    5.52646
4.76639    5.54532
4.82829    5.5076
4.93146    5.48874
4.99336    5.5076
5.05526    5.48874
5.09653    5.48874
5.1378    5.48874
5.24097    5.46988
5.28223    5.43215
5.34414    5.43215
5.3854    5.41329
5.4473    5.41329
5.55047    5.39443
5.61237    5.37557
5.67427    5.37557
5.73618    5.35671
5.79808    5.31898
5.92188    5.30012
5.98378    5.30012
6.06632    5.30012
6.12822    5.28126
6.19012    5.2624
6.33455    5.30012
6.39646    5.31898
6.47899    5.31898
6.54089    5.31898
6.62343    5.33785
6.74723    5.37557
6.82976    5.37557
6.9123    5.37557
6.99483    5.37557
7.07737    5.37557
7.24244    5.37557
7.32497    5.37557
7.40751    5.37557
7.49004    5.37557
7.57258    5.37557
7.75828    5.35671
7.86145    5.35671
7.94398    5.35671
8.02652    5.37557
8.10905    5.39443
8.27412    5.41329
8.37729    5.43215
8.45983    5.41329
8.563    5.43215
8.6868    5.41329
8.85187    5.45102
8.9344    5.45102
9.01694    5.45102
9.09947    5.45102
9.18201    5.45102
9.34708    5.45102
9.47088    5.45102
9.55342    5.46988
9.65658    5.46988
9.71849    5.46988
9.86292    5.48874
9.94546    5.52646
10.028    5.54532
10.1312    5.52646
10.2137    5.54532
10.3994    5.52646
10.4819    5.54532
10.5438    5.52646
10.6264    5.54532
10.6883    5.52646
10.8327    5.54532
10.9152    5.52646
10.9771    5.54532
11.0597    5.52646
11.1422    5.54532
11.266    5.54532
11.3485    5.54532
11.4105    5.54532
11.4724    5.56419
11.5343    5.56419
11.6581    5.56419
11.72    5.54532
11.8025    5.52646
11.8644    5.54532
11.9057    5.52646
11.9882    5.54532
12.0295    5.52646
12.0707    5.54532
12.112    5.52646
12.1739    5.52646
12.2564    5.5076
12.2977    5.48874
12.339    5.52646
12.3596    5.52646
12.4009    5.52646
12.4421    5.54532
