1.9602    6.01687
1.9602    5.998
1.98084    5.998
1.9602    5.998
1.98084    5.97914
1.98084    5.97914
1.98084    5.97914
2.00147    5.97914
2.02211    5.97914
2.02211    5.97914
2.02211    5.97914
2.02211    5.97914
2.02211    5.97914
2.04274    5.97914
2.06337    5.97914
2.06337    5.998
2.08401    5.998
2.10464    5.998
2.10464    5.97914
2.14591    5.97914
2.16654    5.97914
2.18718    5.96028
2.20781    5.96028
2.24908    5.94142
2.29034    5.92256
2.31098    5.9037
2.33161    5.88483
2.37288    5.86597
2.41415    5.84711
2.47605    5.80939
2.49668    5.79053
2.53795    5.79053
2.57922    5.77166
2.62048    5.77166
2.70302    5.77166
2.74429    5.77166
2.78555    5.77166
2.82682    5.77166
2.86809    5.7528
2.95062    5.73394
2.99189    5.71508
3.03316    5.71508
3.07443    5.69622
3.11569    5.69622
3.17759    5.65849
3.21886    5.63963
3.26013    5.62077
3.3014    5.62077
3.34266    5.60191
3.44583    5.58305
3.50773    5.58305
3.549    5.58305
3.59027    5.58305
3.63154    5.58305
3.7347    5.58305
3.79661    5.58305
3.83787    5.58305
3.87914    5.58305
3.94104    5.56419
4.04421    5.54532
4.08548    5.54532
4.12675    5.52646
4.18865    5.5076
4.25055    5.48874
4.35372    5.46988
4.43625    5.45102
4.49815    5.45102
4.53942    5.43215
4.60132    5.43215
4.72512    5.43215
4.78702    5.43215
4.82829    5.43215
4.89019    5.43215
4.95209    5.43215
5.05526    5.43215
5.1378    5.43215
5.1997    5.41329
5.24097    5.41329
5.30287    5.41329
5.42667    5.39443
5.50921    5.39443
5.57111    5.39443
5.61237    5.37557
5.67427    5.37557
5.81871    5.35671
5.88061    5.35671
5.96315    5.35671
6.02505    5.35671
6.08695    5.37557
6.23139    5.37557
6.29329    5.37557
6.37582    5.37557
6.43772    5.37557
6.49962    5.37557
6.64406    5.37557
6.70596    5.37557
6.7885    5.37557
6.87103    5.37557
6.95357    5.37557
7.098    5.37557
7.1599    5.35671
7.24244    5.35671
7.30434    5.35671
7.36624    5.35671
7.51068    5.37557
7.57258    5.39443
7.65511    5.39443
7.73765    5.41329
7.79955    5.43215
7.92335    5.45102
8.00589    5.45102
8.06779    5.46988
8.17096    5.46988
8.23286    5.46988
8.39793    5.48874
8.45983    5.46988
8.52173    5.46988
8.6249    5.46988
8.6868    5.46988
8.85187    5.46988
8.9344    5.46988
9.01694    5.46988
9.07884    5.46988
9.14074    5.46988
9.30581    5.5076
9.38835    5.52646
9.47088    5.52646
9.55342    5.54532
9.63595    5.56419
9.78039    5.56419
9.84229    5.56419
9.92482    5.56419
10.028    5.56419
10.0899    5.56419
10.255    5.56419
10.3375    5.56419
10.42    5.54532
10.5026    5.54532
10.5851    5.52646
10.7089    5.5076
10.7914    5.5076
10.8533    5.5076
10.8946    5.5076
10.9771    5.52646
11.1009    5.54532
11.1628    5.56419
11.2454    5.56419
11.3073    5.56419
11.3485    5.56419
11.4517    5.56419
11.5343    5.56419
11.5962    5.56419
11.6168    5.56419
11.6787    5.56419
11.7612    5.56419
11.8025    5.56419
11.8438    5.56419
11.9057    5.56419
11.9676    5.56419
12.0088    5.56419
12.0501    5.56419
12.0914    5.58305
12.112    5.58305
12.1739    5.60191
