2.37288    6.92222
2.37288    6.92222
2.37288    6.92222
2.37288    6.92222
2.37288    6.92222
2.37288    6.94109
2.39351    6.95995
2.39351    6.95995
2.39351    6.95995
2.39351    6.97881
2.39351    6.99767
2.39351    6.99767
2.39351    6.99767
2.41415    7.01653
2.41415    7.03539
2.43478    7.03539
2.43478    7.05426
2.43478    7.05426
2.43478    7.05426
2.45541    7.07312
2.45541    7.07312
2.47605    7.07312
2.47605    7.07312
2.49668    7.09198
2.51731    7.09198
2.53795    7.09198
2.55858    7.09198
2.55858    7.09198
2.57922    7.09198
2.64112    7.09198
2.66175    7.07312
2.68238    7.07312
2.70302    7.05426
2.74429    7.05426
2.80619    7.01653
2.82682    7.01653
2.86809    6.99767
2.88872    6.99767
2.92999    6.97881
2.97126    6.95995
3.01252    6.95995
3.03316    6.95995
3.05379    6.95995
3.09506    6.95995
3.15696    6.95995
3.17759    6.95995
3.21886    6.95995
3.26013    6.97881
3.28076    6.97881
3.34266    6.99767
3.38393    7.01653
3.4252    7.03539
3.44583    7.03539
3.4871    7.03539
3.549    7.05426
3.59027    7.05426
3.6109    7.05426
3.65217    7.05426
3.69344    7.03539
3.75534    7.01653
3.79661    7.01653
3.83787    7.01653
3.87914    7.03539
3.92041    7.05426
4.00294    7.1297
4.02358    7.18629
4.06484    7.22401
4.10611    7.26173
4.14738    7.2806
4.22991    7.33718
4.27118    7.3749
4.33308    7.39377
4.39498    7.39377
4.43625    7.3749
4.53942    7.33718
4.60132    7.29946
4.64259    7.2806
4.68386    7.26173
4.72512    7.24287
4.80766    7.20515
4.84893    7.20515
4.86956    7.20515
4.91083    7.20515
4.93146    7.22401
4.99336    7.22401
5.05526    7.24287
5.09653    7.24287
5.1378    7.24287
5.1997    7.26173
5.30287    7.2806
5.36477    7.2806
5.40604    7.2806
5.4473    7.29946
5.48857    7.29946
5.59174    7.31832
5.63301    7.31832
5.69491    7.31832
5.75681    7.33718
5.81871    7.33718
5.94251    7.33718
6.02505    7.35604
6.08695    7.3749
6.16948    7.39377
6.23139    7.41263
6.35519    7.46921
6.43772    7.48807
6.49962    7.48807
6.58216    7.50694
6.64406    7.50694
6.7885    7.45035
6.8504    7.41263
6.9123    7.35604
6.9742    7.31832
7.0361    7.26173
7.1599    7.1297
7.24244    7.07312
7.30434    7.01653
7.38687    6.95995
7.49004    6.92222
7.67575    6.86564
7.77892    6.86564
7.88208    6.84678
7.98525    6.84678
8.08842    6.82792
8.27412    6.80905
8.37729    6.79019
8.45983    6.77133
8.563    6.75247
8.64553    6.73361
8.83124    6.69588
8.91377    6.65816
9.01694    6.6393
9.12011    6.62044
9.20264    6.58271
9.38835    6.54499
9.49151    6.52613
9.59468    6.50727
9.67722    6.52613
9.78039    6.52613
9.96609    6.52613
10.0693    6.52613
10.1724    6.52613
10.255    6.52613
10.3375    6.52613
10.5232    6.50727
10.6057    6.48841
10.6883    6.48841
10.7914    6.46954
10.874    6.45068
11.039    6.43182
11.1216    6.41296
11.2041    6.3941
11.2866    6.3941
11.3692    6.37524
11.5343    6.37524
11.6168    6.37524
11.6787    6.3941
11.7612    6.3941
11.8231    6.41296
11.9676    6.3941
12.0501    6.3941
12.112    6.37524
12.1945    6.37524
12.2564    6.35637
12.3802    6.33751
12.4421    6.31865
