2.59985    7.48807
2.59985    7.48807
2.59985    7.48807
2.59985    7.48807
2.59985    7.48807
2.59985    7.48807
2.59985    7.50694
2.59985    7.50694
2.59985    7.50694
2.59985    7.50694
2.59985    7.50694
2.59985    7.50694
2.57922    7.50694
2.59985    7.50694
2.57922    7.5258
2.59985    7.5258
2.57922    7.5258
2.59985    7.5258
2.57922    7.5258
2.59985    7.5258
2.57922    7.5258
2.59985    7.5258
2.57922    7.5258
2.59985    7.54466
2.59985    7.54466
2.62048    7.54466
2.64112    7.54466
2.64112    7.54466
2.64112    7.56352
2.68238    7.56352
2.70302    7.56352
2.72365    7.58238
2.72365    7.56352
2.72365    7.58238
2.74429    7.58238
2.78555    7.58238
2.80619    7.58238
2.80619    7.58238
2.80619    7.58238
2.82682    7.58238
2.86809    7.56352
2.88872    7.56352
2.86809    7.56352
2.90936    7.56352
2.92999    7.54466
2.92999    7.54466
2.95062    7.54466
2.97126    7.54466
2.97126    7.54466
3.01252    7.56352
3.03316    7.56352
3.05379    7.56352
3.07443    7.58238
3.09506    7.58238
3.13633    7.60124
3.15696    7.62011
3.19823    7.63897
3.21886    7.65783
3.2395    7.67669
3.3014    7.71441
3.32203    7.73327
3.3633    7.771
3.38393    7.80872
3.40456    7.84644
3.46647    7.90303
3.4871    7.94075
3.52837    7.97848
3.56963    7.99734
3.59027    8.0162
3.63154    8.05392
3.65217    8.07278
3.69344    8.11051
3.71407    8.12937
3.71407    8.14823
3.7347    8.18595
3.75534    8.18595
3.75534    8.18595
3.75534    8.20482
3.77597    8.20482
3.79661    8.18595
3.79661    8.18595
3.79661    8.18595
3.81724    8.18595
3.83787    8.18595
3.83787    8.18595
3.85851    8.18595
3.89977    8.18595
3.89977    8.18595
3.92041    8.20482
3.92041    8.20482
3.92041    8.22368
3.94104    8.22368
3.96168    8.22368
3.94104    8.22368
3.98231    8.24254
4.00294    8.2614
3.98231    8.2614
4.02358    8.28026
4.04421    8.29912
4.04421    8.33685
4.06484    8.35571
4.10611    8.35571
4.12675    8.37457
4.12675    8.37457
4.14738    8.39343
4.18865    8.41229
4.20928    8.39343
4.22991    8.39343
4.27118    8.39343
4.31245    8.39343
4.33308    8.37457
4.35372    8.35571
4.39498    8.35571
4.43625    8.33685
4.49815    8.31799
4.49815    8.29912
4.51879    8.28026
4.58069    8.28026
4.60132    8.2614
4.66322    8.24254
4.68386    8.24254
4.72512    8.22368
4.76639    8.22368
4.80766    8.20482
4.89019    8.18595
4.93146    8.18595
4.97273    8.18595
5.014    8.16709
5.05526    8.14823
5.1378    8.12937
5.17907    8.11051
5.22033    8.11051
5.2616    8.11051
5.28223    8.09165
5.34414    8.05392
5.40604    8.05392
5.4473    8.03506
5.46794    8.03506
5.52984    8.0162
5.59174    7.97848
5.65364    7.95961
5.67427    7.94075
5.73618    7.92189
5.77744    7.88417
5.85998    7.84644
5.90125    7.80872
5.94251    7.78986
5.98378    7.771
6.02505    7.75214
6.12822    7.73327
6.19012    7.71441
6.23139    7.71441
6.27265    7.69555
6.31392    7.69555
6.41709    7.67669
6.49962    7.67669
6.56153    7.67669
6.60279    7.67669
6.66469    7.67669
6.76786    7.67669
6.80913    7.67669
6.8504    7.67669
6.9123    7.67669
6.9742    7.67669
7.05673    7.65783
7.098    7.65783
7.1599    7.63897
7.2218    7.63897
7.26307    7.62011
7.36624    7.60124
7.44878    7.60124
7.51068    7.58238
7.55194    7.58238
7.59321    7.56352
7.69638    7.56352
7.75828    7.56352
7.79955    7.56352
7.84082    7.56352
7.88208    7.56352
7.98525    7.56352
8.04715    7.56352
8.08842    7.56352
8.15032    7.56352
8.21222    7.56352
8.29476    7.58238
8.35666    7.58238
8.41856    7.58238
8.45983    7.58238
8.5011    7.60124
8.58363    7.60124
8.64553    7.60124
8.70743    7.60124
8.7487    7.60124
8.78997    7.58238
8.89314    7.58238
8.95504    7.56352
8.99631    7.56352
9.03757    7.54466
9.09947    7.54466
9.20264    7.5258
9.24391    7.5258
9.28518    7.5258
9.32644    7.5258
9.38835    7.5258
9.47088    7.50694
9.53278    7.5258
9.55342    7.5258
9.61532    7.5258
9.65658    7.5258
9.73912    7.5258
9.80102    7.5258
9.86292    7.54466
9.90419    7.54466
9.94546    7.56352
10.028    7.56352
10.0899    7.58238
10.1518    7.58238
10.1724    7.58238
10.2343    7.58238
10.2962    7.58238
