1.5888    7.771
1.60943    7.771
1.60943    7.771
1.60943    7.771
1.63006    7.771
1.69197    7.771
1.7126    7.771
1.75387    7.771
1.7745    7.771
1.7745    7.75214
1.81577    7.75214
1.8364    7.75214
1.87767    7.75214
1.8983    7.75214
1.91894    7.771
1.9602    7.771
1.98084    7.771
2.00147    7.771
2.02211    7.78986
2.06337    7.82758
2.10464    7.82758
2.12527    7.84644
2.16654    7.84644
2.20781    7.88417
2.26971    7.92189
2.29034    7.94075
2.33161    7.97848
2.37288    7.99734
2.41415    7.99734
2.49668    8.05392
2.53795    8.07278
2.59985    8.07278
2.64112    8.07278
2.68238    8.07278
2.80619    8.09165
2.88872    8.11051
2.95062    8.09165
3.03316    8.11051
3.11569    8.09165
3.26013    8.11051
3.32203    8.09165
3.4252    8.11051
3.4871    8.09165
3.59027    8.12937
3.7347    8.18595
3.85851    8.20482
3.94104    8.24254
4.04421    8.28026
4.10611    8.31799
4.31245    8.35571
4.41562    8.37457
4.49815    8.37457
4.60132    8.39343
4.70449    8.41229
4.86956    8.43116
4.95209    8.46888
5.05526    8.46888
5.17907    8.48774
5.28223    8.46888
5.48857    8.46888
5.59174    8.48774
5.71554    8.46888
5.79808    8.5066
5.88061    8.52546
6.06632    8.54433
6.12822    8.58205
6.23139    8.60091
6.31392    8.60091
6.39646    8.60091
6.56153    8.58205
6.64406    8.60091
6.7266    8.58205
6.80913    8.60091
6.89166    8.58205
7.0361    8.60091
7.13927    8.58205
7.2218    8.58205
7.30434    8.58205
7.38687    8.58205
7.57258    8.54433
7.67575    8.54433
7.73765    8.54433
7.84082    8.54433
7.90272    8.56319
8.06779    8.54433
8.15032    8.56319
8.21222    8.54433
8.27412    8.56319
8.35666    8.54433
8.48046    8.52546
8.54236    8.5066
8.58363    8.5066
8.6249    8.48774
8.6868    8.46888
8.8106    8.45002
8.85187    8.43116
8.91377    8.41229
8.95504    8.37457
9.01694    8.35571
9.16137    8.31799
9.22328    8.29912
9.30581    8.28026
9.36771    8.28026
9.42961    8.28026
9.57405    8.28026
9.63595    8.28026
9.71849    8.2614
9.78039    8.24254
9.82165    8.24254
9.94546    8.22368
10.0074    8.20482
10.0693    8.20482
10.1312    8.20482
10.1931    8.20482
10.2962    8.18595
10.3581    8.16709
10.3994    8.16709
10.4613    8.14823
10.5438    8.11051
10.6676    8.09165
10.7295    8.09165
10.7708    8.09165
10.8121    8.09165
10.874    8.09165
11.0184    8.09165
11.0597    8.09165
11.1216    8.09165
11.1835    8.09165
11.2247    8.07278
11.3279    8.05392
11.3898    8.07278
11.4311    8.05392
11.493    8.07278
11.5549    8.05392
11.6168    8.05392
11.6787    8.05392
11.72    8.05392
11.7612    8.03506
11.8231    8.0162
11.9263    8.0162
11.9676    8.0162
12.0088    8.0162
12.0501    8.0162
12.0914    8.0162
12.1739    8.03506
12.2152    8.0162
12.2564    8.03506
