4.37435    5.45102
4.43625    5.45102
4.49815    5.46988
4.58069    5.45102
4.66322    5.46988
4.68386    5.33785
4.68386    5.35671
4.70449    5.35671
4.76639    5.35671
5.11716    5.52646
5.03463    5.5076
5.05526    5.52646
5.05526    5.62077
5.05526    5.62077
5.61237    5.46988
5.67427    5.46988
5.75681    5.46988
5.83934    5.46988
5.92188    5.46988
6.16948    5.5076
6.23139    5.5076
6.29329    5.48874
6.35519    5.48874
6.41709    5.48874
6.58216    5.41329
6.64406    5.39443
6.70596    5.37557
6.7885    5.35671
6.9742    5.33785
7.098    5.33785
7.18054    5.31898
7.24244    5.31898
7.26307    5.35671
7.32497    5.35671
7.49004    5.33785
7.57258    5.33785
7.65511    5.31898
7.67575    5.28126
7.73765    5.28126
7.92335    5.28126
7.98525    5.2624
8.10905    5.2624
8.19159    5.2624
8.27412    5.2624
8.41856    5.2624
8.5011    5.2624
8.563    5.2624
8.64553    5.28126
8.72807    5.2624
8.8725    5.28126
8.9344    5.24354
8.99631    5.24354
9.07884    5.24354
9.14074    5.24354
9.07884    5.11151
9.16137    5.11151
9.45025    5.2624
9.53278    5.2624
9.61532    5.2624
9.75975    5.2624
9.88356    5.28126
9.96609    5.30012
10.0486    5.30012
10.1312    5.30012
10.2962    5.31898
10.3994    5.31898
10.3994    5.31898
10.4613    5.31898
10.5232    5.33785
10.5438    5.31898
10.647    5.31898
10.7502    5.33785
10.7089    5.30012
10.7708    5.31898
10.7914    5.31898
