11.3485    6.45068
11.3073    6.45068
11.266    6.45068
11.2247    6.45068
11.1835    6.45068
11.1009    6.46954
11.0597    6.46954
10.9978    6.46954
10.9565    6.48841
10.8946    6.48841
10.7502    6.50727
10.6883    6.52613
10.6057    6.52613
10.5232    6.52613
10.3788    6.54499
10.2962    6.54499
10.2137    6.56385
10.1105    6.56385
10.028    6.58271
9.86292    6.58271
9.75975    6.58271
9.67722    6.60158
9.57405    6.62044
9.49151    6.6393
9.30581    6.67702
9.22328    6.69588
9.12011    6.69588
9.03757    6.71475
8.95504    6.71475
8.78997    6.71475
8.70743    6.69588
8.6249    6.69588
8.54236    6.69588
8.45983    6.69588
8.29476    6.67702
8.21222    6.67702
8.12969    6.67702
8.04715    6.67702
7.96462    6.67702
7.79955    6.6393
7.71701    6.62044
7.63448    6.62044
7.57258    6.60158
7.46941    6.58271
7.30434    6.56385
7.2218    6.52613
7.13927    6.50727
7.05673    6.48841
6.9742    6.46954
6.80913    6.45068
6.7266    6.45068
6.62343    6.45068
6.52026    6.45068
6.41709    6.46954
6.23139    6.46954
6.14885    6.46954
6.04568    6.48841
5.96315    6.48841
5.85998    6.48841
5.67427    6.48841
5.59174    6.48841
5.48857    6.48841
5.40604    6.50727
5.3235    6.50727
5.15843    6.52613
5.0759    6.54499
4.99336    6.54499
4.91083    6.54499
4.82829    6.54499
4.68386    6.54499
4.58069    6.54499
4.49815    6.54499
4.41562    6.56385
4.33308    6.56385
4.16801    6.58271
4.08548    6.60158
4.00294    6.62044
3.92041    6.65816
3.83787    6.67702
3.6728    6.71475
3.6109    6.73361
3.52837    6.75247
3.44583    6.77133
3.3633    6.79019
3.17759    6.80905
3.09506    6.82792
2.99189    6.84678
2.90936    6.84678
2.82682    6.86564
2.66175    6.90336
2.57922    6.92222
2.49668    6.94109
2.39351    6.95995
2.29034    6.97881
2.14591    6.99767
2.04274    7.01653
