11.8231    7.1297
11.7819    7.1297
11.72    7.1297
11.6787    7.1297
11.6168    7.14856
11.5136    7.16743
11.4724    7.16743
11.4105    7.18629
11.3485    7.20515
11.2866    7.22401
11.1628    7.26173
11.0803    7.26173
11.0184    7.2806
10.9565    7.2806
10.8121    7.29946
10.7295    7.31832
10.647    7.31832
10.5645    7.31832
10.4613    7.31832
10.2962    7.31832
10.2137    7.29946
10.1105    7.29946
10.0074    7.31832
9.90419    7.33718
9.69785    7.35604
9.57405    7.3749
9.47088    7.39377
9.36771    7.39377
9.28518    7.41263
9.09947    7.41263
8.99631    7.43149
8.89314    7.39377
8.8106    7.39377
8.70743    7.41263
8.54236    7.43149
8.43919    7.41263
8.35666    7.43149
8.27412    7.43149
8.17096    7.43149
8.02652    7.43149
7.92335    7.41263
7.84082    7.41263
7.75828    7.39377
7.65511    7.35604
7.46941    7.33718
7.34561    7.33718
7.2218    7.35604
7.11864    7.33718
6.99483    7.35604
6.95357    7.29946
6.64406    7.3749
6.54089    7.3749
6.45836    7.35604
6.35519    7.31832
6.25202    7.2806
6.16948    7.26173
6.08695    7.24287
5.98378    7.18629
5.88061    7.14856
5.75681    7.07312
5.61237    7.03539
5.48857    6.99767
5.05526    6.99767
4.93146    6.97881
4.70449    6.92222
4.58069    6.92222
4.47752    6.8845
4.35372    6.84678
4.20928    6.80905
4.29182    6.82792
4.16801    6.86564
4.06484    6.86564
