12.4834    6.07345
12.4421    6.07345
12.3802    6.07345
12.339    6.07345
12.2771    6.07345
12.1739    6.05459
12.112    6.05459
12.0501    6.05459
12.0088    6.03573
11.9469    6.03573
11.8438    6.03573
11.8025    6.03573
11.7612    6.03573
11.7406    6.03573
11.72    6.07345
11.6993    6.07345
11.6993    6.07345
11.6993    6.07345
11.6993    6.07345
11.6787    6.07345
11.6581    6.09231
11.6374    6.09231
11.6168    6.09231
11.5962    6.09231
11.5549    6.07345
11.5136    6.07345
11.4724    6.05459
11.4105    6.07345
11.3692    6.07345
11.266    6.11117
11.2041    6.11117
11.1422    6.11117
11.0803    6.11117
11.0184    6.11117
10.8946    6.11117
10.8121    6.11117
10.7502    6.11117
10.6883    6.11117
10.6057    6.11117
10.4819    6.11117
10.3994    6.11117
10.3375    6.13004
10.255    6.13004
10.1931    6.1489
10.0486    6.16776
9.96609    6.18662
9.88356    6.18662
9.82165    6.20548
9.73912    6.20548
9.61532    6.20548
9.53278    6.20548
9.45025    6.22434
9.36771    6.2432
9.30581    6.2432
9.16137    6.26207
9.07884    6.28093
9.01694    6.29979
8.9344    6.31865
8.85187    6.33751
8.6868    6.35637
8.60426    6.37524
8.54236    6.37524
8.45983    6.37524
8.39793    6.35637
8.25349    6.33751
8.17096    6.33751
8.10905    6.33751
8.02652    6.31865
7.90272    6.37524
7.75828    6.35637
7.65511    6.35637
7.59321    6.35637
7.51068    6.35637
7.40751    6.35637
7.26307    6.37524
7.1599    6.35637
7.098    6.37524
6.99483    6.35637
6.95357    6.37524
6.7885    6.33751
6.70596    6.33751
6.62343    6.31865
6.54089    6.31865
6.45836    6.31865
6.29329    6.28093
6.23139    6.26207
6.12822    6.2432
6.06632    6.2432
5.96315    6.2432
5.81871    6.2432
5.71554    6.22434
5.65364    6.20548
5.55047    6.18662
5.46794    6.16776
5.3235    6.1489
5.24097    6.13004
5.15843    6.11117
5.0759    6.11117
4.97273    6.09231
4.80766    6.07345
4.72512    6.05459
4.64259    6.05459
4.56005    6.03573
4.47752    6.01687
4.31245    6.01687
4.22991    6.01687
4.14738    6.01687
4.06484    6.01687
3.98231    6.01687
3.83787    5.97914
3.75534    5.96028
3.6728    5.96028
3.59027    5.94142
3.52837    5.94142
3.3633    5.92256
3.28076    5.92256
3.19823    5.9037
3.13633    5.9037
3.07443    5.88483
2.92999    5.88483
2.84745    5.88483
2.76492    5.88483
2.68238    5.9037
2.62048    5.9037
2.49668    5.9037
2.43478    5.9037
2.37288    5.9037
2.31098    5.9037
2.22844    5.9037
2.10464    5.9037
2.02211    5.9037
1.9602    5.9037
1.8983    5.9037
1.8364    5.88483
1.73323    5.88483
1.67133    5.88483
1.63006    5.9037
