12.6072    6.75247
12.5453    6.73361
12.4421    6.73361
12.3802    6.73361
12.2771    6.73361
12.1326    6.75247
12.0295    6.77133
11.9676    6.77133
11.8644    6.77133
11.8025    6.77133
11.6168    6.79019
11.5549    6.79019
11.4724    6.77133
11.3898    6.77133
11.2454    6.77133
11.1835    6.77133
11.0803    6.77133
11.0184    6.77133
10.874    6.69588
10.6883    6.73361
10.6057    6.77133
10.5026    6.79019
10.42    6.82792
10.3169    6.84678
10.1518    6.8845
10.0693    6.90336
9.98672    6.90336
9.90419    6.92222
9.82165    6.92222
9.65658    6.94109
9.57405    6.94109
9.49151    6.94109
9.40898    6.95995
9.32644    6.95995
9.16137    7.01653
9.07884    7.03539
8.99631    7.07312
8.9344    7.09198
8.85187    7.1297
8.72807    7.18629
8.64553    7.14856
8.58363    7.18629
8.5011    7.20515
8.43919    7.22401
8.33603    7.24287
8.25349    7.24287
8.19159    7.24287
8.12969    7.24287
8.04715    7.22401
7.92335    7.18629
7.82018    7.18629
7.75828    7.18629
7.65511    7.22401
7.57258    7.24287
7.46941    7.26173
7.36624    7.26173
7.2218    7.48807
7.13927    7.50694
7.0361    7.54466
6.9123    7.50694
6.80913    7.5258
6.7266    7.5258
6.62343    7.5258
6.49962    7.54466
6.37582    7.50694
6.31392    7.50694
6.21075    7.50694
6.10758    7.48807
5.75681    7.67669
5.55047    7.75214
5.4473    7.78986
5.36477    7.82758
5.28223    7.86531
5.17907    7.90303
5.014    7.97848
4.93146    8.0162
4.84893    8.05392
4.76639    8.09165
4.68386    8.12937
4.56005    8.14823
4.47752    8.20482
4.39498    8.2614
4.33308    8.28026
4.25055    8.29912
4.10611    8.31799
4.04421    8.31799
4.02358    8.31799
3.94104    8.33685
