12.2771    7.65783
12.2358    7.67669
12.1945    7.67669
12.1533    7.69555
12.112    7.69555
12.0295    7.71441
11.9676    7.71441
11.9057    7.71441
11.8644    7.71441
11.8231    7.71441
11.6993    7.71441
11.6374    7.69555
11.5549    7.69555
11.4724    7.69555
11.3485    7.69555
11.2866    7.69555
11.2247    7.69555
11.1422    7.71441
11.0597    7.71441
10.9359    7.75214
10.8533    7.75214
10.7708    7.771
10.7089    7.771
10.647    7.771
10.4819    7.771
10.42    7.771
10.3581    7.771
10.2756    7.771
10.2137    7.771
10.0899    7.75214
10.0074    7.73327
9.92482    7.73327
9.86292    7.71441
9.75975    7.71441
9.63595    7.73327
9.55342    7.75214
9.47088    7.75214
9.40898    7.75214
9.32644    7.75214
9.20264    7.75214
9.12011    7.73327
9.07884    7.73327
9.01694    7.71441
8.99631    7.71441
8.8725    7.67669
8.8106    7.63897
8.66617    7.63897
8.60426    7.62011
8.563    7.60124
8.45983    7.60124
8.37729    7.58238
8.31539    7.56352
8.27412    7.56352
8.21222    7.54466
8.08842    7.50694
8.02652    7.48807
7.98525    7.48807
7.92335    7.48807
7.86145    7.46921
7.77892    7.39377
7.71701    7.3749
7.65511    7.3749
7.59321    7.35604
7.51068    7.33718
7.36624    7.35604
7.30434    7.33718
7.2218    7.33718
7.13927    7.33718
7.07737    7.33718
6.95357    7.31832
6.87103    7.2806
6.7885    7.26173
6.70596    7.26173
6.60279    7.24287
6.43772    7.20515
6.33455    7.18629
6.27265    7.16743
6.16948    7.14856
6.08695    7.16743
5.92188    7.1297
5.85998    7.11084
5.77744    7.11084
5.71554    7.09198
5.67427    7.05426
5.59174    7.05426
5.52984    7.01653
5.46794    6.97881
5.42667    6.94109
5.3854    6.92222
5.30287    6.86564
5.2616    6.84678
5.22033    6.80905
5.17907    6.77133
5.1378    6.73361
5.0759    6.65816
4.99336    6.6393
4.93146    6.62044
4.86956    6.60158
4.80766    6.60158
4.64259    6.58271
4.56005    6.58271
4.49815    6.56385
4.41562    6.56385
4.35372    6.54499
4.20928    6.54499
4.12675    6.54499
4.10611    6.54499
4.04421    6.54499
3.96168    6.52613
3.81724    6.48841
3.75534    6.48841
3.6728    6.48841
3.6109    6.48841
3.52837    6.50727
3.549    6.54499
3.50773    6.56385
3.44583    6.56385
3.38393    6.58271
3.32203    6.62044
3.26013    6.71475
3.26013    6.73361
3.26013    6.73361
3.26013    6.73361
3.26013    6.73361
3.26013    6.75247
3.26013    6.71475
3.26013    6.75247
3.26013    6.79019
3.26013    6.82792
3.26013    6.79019
3.26013    6.77133
3.26013    6.77133

