12.3802    8.2614
12.3596    8.2614
12.339    8.2614
12.2977    8.24254
12.2564    8.2614
12.1945    8.24254
12.1739    8.28026
12.112    8.28026
12.0707    8.29912
12.0295    8.29912
11.9263    8.31799
11.8644    8.33685
11.8231    8.31799
11.7819    8.33685
11.6993    8.33685
11.6581    8.33685
11.6168    8.33685
11.5755    8.31799
11.5343    8.31799
11.4311    8.29912
11.3485    8.2614
11.2866    8.24254
11.2454    8.24254
11.1835    8.24254
11.039    8.22368
10.9771    8.20482
10.8946    8.22368
10.8121    8.20482
10.7502    8.20482
10.6676    8.20482
10.5851    8.18595
10.5232    8.16709
10.4407    8.16709
10.3788    8.16709
10.2756    8.14823
10.1931    8.11051
10.1312    8.09165
10.0899    8.09165
10.028    8.07278
9.90419    8.03506
9.84229    8.0162
9.80102    8.03506
9.73912    7.99734
9.65658    7.97848
9.53278    7.95961
9.47088    7.92189
9.42961    7.88417
9.36771    7.86531
9.28518    7.78986
9.16137    7.771
9.09947    7.771
9.03757    7.771
8.99631    7.771
8.9344    7.75214
8.83124    7.71441
8.76933    7.69555
8.70743    7.67669
8.66617    7.63897
8.60426    7.62011
8.5011    7.58238
8.43919    7.56352
8.35666    7.54466
8.29476    7.5258
8.23286    7.5258
8.08842    7.56352
8.00589    7.58238
7.94398    7.62011
7.88208    7.65783
7.82018    7.67669
7.67575    7.73327
7.59321    7.73327
7.49004    7.75214
7.40751    7.75214
7.32497    7.75214
7.32497    7.73327
7.26307    7.71441
7.1599    7.73327
7.098    7.71441
6.99483    7.771
6.8504    7.82758
6.74723    7.88417
6.66469    7.88417
6.56153    7.92189
6.45836    7.94075
6.39646    7.88417
6.33455    7.84644
5.98378    7.92189
5.90125    7.92189
5.79808    7.95961
5.63301    7.99734
5.55047    8.0162
5.46794    8.0162
5.36477    8.0162
5.24097    7.99734
5.09653    7.97848
4.99336    7.94075
4.97273    7.86531
4.89019    7.82758
4.80766    7.78986
4.62195    7.69555
4.51879    7.62011
4.45689    7.58238
4.35372    7.58238
4.25055    7.58238
4.14738    7.62011
3.98231    7.65783
3.85851    7.67669
3.75534    7.65783
3.6728    7.65783
3.46647    7.65783
3.3633    7.65783
3.28076    7.65783
3.17759    7.65783
3.07443    7.65783
2.90936    7.65783
2.80619    7.67669
2.68238    7.69555
2.57922    7.73327
2.51731    7.771
2.31098    7.80872
2.22844    7.82758
2.14591    7.84644
