13.0611    7.771
13.0405    7.771
13.0199    7.771
12.9992    7.771
12.958    7.75214
12.9167    7.771
12.8961    7.73327
12.8754    7.73327
12.8342    7.71441
12.8135    7.71441
12.7516    7.67669
12.7104    7.65783
12.6691    7.62011
12.6278    7.60124
12.5453    7.62011
12.4834    7.60124
12.4215    7.62011
12.3596    7.58238
12.3183    7.56352
12.2358    7.58238
12.1739    7.56352
12.112    7.56352
12.0707    7.56352
12.0088    7.56352
11.885    7.56352
11.8231    7.56352
11.7819    7.54466
11.72    7.5258
11.6581    7.5258
11.5549    7.50694
11.4724    7.48807
11.4105    7.48807
11.3485    7.46921
11.266    7.43149
11.2247    7.39377
11.1835    7.39377
10.9771    7.56352
10.9152    7.56352
10.8327    7.56352
10.7089    7.54466
10.6264    7.5258
10.5645    7.54466
10.4819    7.50694
10.42    7.50694
10.2962    7.48807
10.2343    7.50694
10.1724    7.46921
10.1105    7.46921
10.0486    7.46921
9.94546    7.46921
9.88356    7.46921
9.84229    7.46921
9.78039    7.46921
9.73912    7.46921
9.65658    7.46921
9.61532    7.46921
9.55342    7.46921
9.51215    7.46921
9.45025    7.45035
9.34708    7.45035
9.30581    7.45035
9.24391    7.43149
9.18201    7.41263
9.14074    7.41263
9.03757    7.3749
8.97567    7.3749
8.91377    7.35604
8.85187    7.31832
8.83124    7.35604
8.70743    7.31832
8.6249    7.31832
8.563    7.31832
8.5011    7.31832
8.41856    7.29946
8.29476    7.29946
8.21222    7.2806
8.15032    7.26173
8.06779    7.24287
7.98525    7.24287
7.79955    7.20515
7.73765    7.18629
7.65511    7.16743
7.57258    7.14856
7.49004    7.1297
7.32497    7.09198
7.2218    7.07312
7.13927    7.07312
7.05673    7.07312
6.9742    7.05426
6.82976    7.01653
6.76786    6.99767
6.70596    6.99767
6.60279    6.95995
6.54089    6.94109
6.41709    6.86564
6.33455    6.82792
6.27265    6.79019
6.19012    6.77133
6.12822    6.75247
6.00441    6.65816
5.92188    6.65816
5.85998    6.6393
5.75681    6.60158
5.69491    6.58271
5.52984    6.58271
5.50921    6.56385
5.4473    6.54499
5.36477    6.54499
5.30287    6.52613
5.15843    6.50727
5.05526    6.48841
4.99336    6.48841
4.89019    6.46954
4.82829    6.46954
4.66322    6.43182
4.58069    6.41296
4.49815    6.3941
4.41562    6.37524
4.33308    6.37524
4.16801    6.37524
4.08548    6.37524
4.00294    6.37524
3.92041    6.37524
3.85851    6.37524
3.7347    6.3941
3.65217    6.3941
3.56963    6.3941
3.4871    6.3941
3.40456    6.3941
3.26013    6.3941
3.17759    6.3941
3.09506    6.37524
3.03316    6.37524
2.97126    6.37524
2.80619    6.3941
2.70302    6.3941
2.66175    6.3941
2.59985    6.41296
2.51731    6.41296
2.41415    6.43182
2.35224    6.43182
