6.8622	4.3503
6.8594	4.3522
6.8499	4.3571
6.8531	4.3719
6.8474	4.3629
6.8501	4.362
6.8449	4.3625
6.8409	4.3766
6.8448	4.3779
6.8462	4.3762
6.8344	4.3777
6.8446	4.3706
6.8314	4.3878
6.84	4.4048
6.8464	4.4071
6.8375	4.4273
6.8346	4.4279
6.821	4.4335
6.7963	4.4734
6.7908	4.4867
6.7824	4.501
6.7713	4.514
6.7709	4.5119
6.7582	4.5306
6.7402	4.5564
6.7312	4.5615
6.7276	4.5726
6.7152	4.5871
6.718	4.5822
6.7025	4.5959
6.6914	4.6185
6.675	4.626
6.6759	4.6368
6.6742	4.6452
6.6658	4.6427
6.6608	4.6454
6.6756	4.6491
6.6796	4.6532
6.7138	4.6512
6.7363	4.6461
6.7384	4.647
6.7686	4.657
6.8416	4.6666
6.8809	4.6854
6.931	4.6996
6.9719	4.7059
6.9795	4.7127
7.0136	4.7242
7.1114	4.7428
7.1631	4.7377
7.2252	4.745
7.2602	4.7425
7.2553	4.7484
7.306	4.7405
7.3888	4.7308
7.4322	4.7164
7.4823	4.7188
7.5483	4.7165
7.5377	4.7133
7.5983	4.7079
7.6976	4.679
7.7525	4.6639
7.8171	4.6469
7.876	4.6454
7.8758	4.6385
7.9252	4.6491
8.0165	4.6682
8.0808	4.6803
8.1182	4.6969
8.1671	4.7064
8.1665	4.7027
8.2096	4.716
8.3156	4.744
8.3546	4.7697
8.4014	4.7873
8.4504	4.8038
8.4551	4.8074
8.5084	4.8296
8.6052	4.8499
8.6456	4.8478
8.706	4.8807
8.7702	4.881
8.7658	4.8818
8.8166	4.9048
8.925	4.8907
8.9629	4.9142
9.0215	4.9437
9.0867	4.9658
9.0766	4.9596
9.1181	4.9791
9.2012	5.0389
9.2432	5.0652
9.2711	5.0941
9.3024	5.1258
9.3059	5.1292
9.3459	5.1727
9.4247	5.2393
9.4681	5.2661
9.509	5.295
9.5366	5.3257
9.5263	5.329
9.565	5.347
9.6413	5.3872
9.6844	5.4017
9.726	5.4253
9.7816	5.422
9.7648	5.4249
9.807	5.4385
9.8904	5.4441
9.9323	5.4487
9.9812	5.4612
10.0111	5.4796
10.0221	5.4874
10.0598	5.499
10.1168	5.5268
10.1589	5.5664
10.1805	5.5725
10.2228	5.5986
10.217	5.6026
10.2495	5.6271
10.3097	5.6802
10.352	5.7119
10.3644	5.7462
10.4127	5.7757
10.4152	5.7725
10.4322	5.794
10.4967	5.846
10.5362	5.8553
10.5619	5.861
10.5952	5.8686
10.6007	5.8668
10.6202	5.8642
10.6806	5.8679
10.7082	5.8684
10.743	5.8691
10.7778	5.8589
10.7743	5.8598
10.81	5.8525
10.8624	5.8595
10.884	5.8609
10.908	5.8626
10.9276	5.8724
10.9202	5.8721
10.9412	5.8817
10.977	5.9039
10.9833	5.9332
11.0068	5.9491
10.9987	5.959
11.005	5.9678
11.0203	5.9874
11.0343	6.0294
11.0438	6.0456
11.0473	6.065
11.0696	6.0873
11.0642	6.0896
11.0809	6.0978
11.1014	6.1195
11.1158	6.1173
11.1202	6.1213
11.1464	6.1246
11.1349	6.1237
11.1533	6.1237
11.1846	6.123
11.2231	6.122
11.2335	6.1337
11.2321	6.138
11.2303	6.1349
11.2549	6.1448
11.2718	6.1627
11.2809	6.1734
11.2877	6.197
11.2847	6.2108
11.2873	6.2133
11.2786	6.2202
11.2755	6.2559
11.2794	6.2736
11.2728	6.2982
11.2698	6.3159
11.2813	6.3102
11.2807	6.3347
11.2865	6.3473
11.2857	6.3623
11.2952	6.3668
11.3098	6.3611
11.3096	6.3688
11.3176	6.3564
11.3565	6.3592
11.3617	6.3565
11.3735	6.3627
11.402	6.3538
11.3993	6.3526
11.4164	6.3461
11.4321	6.3454
11.4507	6.3486
11.463	6.35
11.4741	6.364
11.4813	6.3493
11.4777	6.351
11.509	6.3698
11.4838	6.3778
11.4889	6.3732
11.4843	6.3837
11.4869	6.3918
11.4934	6.387
11.4824	6.4117
11.4882	6.4187
11.4745	6.4344
11.4783	6.449
11.4755	6.4523
11.4782	6.4584
11.4883	6.4578
11.5042	6.4711
11.5101	6.4804
11.5135	6.4768
11.503	6.4676
11.5269	6.4709
11.5442	6.4568
11.5553	6.4543
11.5535	6.4445
11.5734	6.4437
11.5742	6.439
11.5695	6.4335
11.5739	6.4303
11.5784	6.4426
11.5851	6.4546
11.5882	6.4569
11.5894	6.4592
11.5926	6.4588
11.5913	6.4801
11.5998	6.4982
11.5968	6.508
11.5968	6.5185
11.5975	6.5194
11.6006	6.5478
11.6084	6.5813
11.6019	6.6016
11.6054	6.6147
11.6266	6.633
11.6114	6.6326
11.6172	6.641
11.6271	6.6662
11.6316	6.6728
11.6437	6.6708
11.6456	6.6773
11.6466	6.6752
11.6542	6.6748
11.6772	6.666
11.6875	6.6517
11.7046	6.6486
11.7278	6.6349
11.7263	6.6399
11.7389	6.6265
11.7778	6.6002
11.8009	6.596
11.8217	6.5827
11.8347	6.5854
11.8303	6.5886
11.8583	6.5845
11.8914	6.5969
11.9118	6.5985
11.9345	6.6073
11.9469	6.6163
11.942	6.617
11.9618	6.6247
12.0039	6.6519
12.0184	6.6991
12.0287	6.7057
12.0632	6.7213
12.0617	6.7225
12.0802	6.747
12.1285	6.7531
12.134	6.7669
12.1646	6.7634
12.1902	6.7688
12.184	6.7659
12.2069	6.7586
12.2715	6.7648
12.2985	6.7386
12.3291	6.7292
12.354	6.7019
12.3644	6.7094
12.3882	6.6967
12.4464	6.662
12.477	6.6462
12.5009	6.648
12.5276	6.6334
12.539	6.6299
12.5646	6.6248
12.6189	6.6139
12.6599	6.6182
12.6785	6.6158
12.6966	6.6101
12.697	6.6155
12.7304	6.6311
12.7872	6.6344
12.8145	6.6447
12.8525	6.6541
12.8642	6.6553
12.871	6.6577
12.9027	6.6519
12.9608	6.6622
12.9798	6.6683
13.0039	6.663
13.0335	6.6595
13.0328	6.6517
13.0606	6.6446
13.1009	6.618
13.1073	6.6037
13.1256	6.5829
