7.46941    9.37424
7.49004    9.37424
7.53131    9.37424
7.55194    9.37424
7.55194    9.35538
7.57258    9.35538
7.61385    9.35538
7.65511    9.35538
7.69638    9.35538
7.71701    9.35538
7.73765    9.35538
7.77892    9.35538
7.86145    9.37424
7.88208    9.37424
7.90272    9.37424
7.94398    9.37424
7.96462    9.37424
8.00589    9.37424
8.04715    9.37424
8.06779    9.35538
8.10905    9.35538
8.15032    9.33651
8.21222    9.31765
8.23286    9.29879
8.27412    9.27993
8.31539    9.27993
8.33603    9.26107
8.39793    9.24221
8.43919    9.22335
8.48046    9.22335
8.5011    9.22335
8.52173    9.20448
8.60426    9.18562
8.64553    9.18562
8.6868    9.18562
8.72807    9.18562
8.7487    9.16676
8.8106    9.16676
8.8725    9.16676
8.89314    9.16676
8.95504    9.16676
8.97567    9.1479
9.07884    9.1479
9.09947    9.1479
9.14074    9.1479
9.18201    9.1479
9.22328    9.1479
9.28518    9.12904
9.30581    9.12904
9.34708    9.11018
9.38835    9.11018
9.42961    9.09131
9.49151    9.07245
9.51215    9.05359
9.55342    9.03473
9.59468    9.01587
9.63595    8.99701
9.69785    8.97814
9.71849    8.95928
9.75975    8.95928
9.80102    8.94042
9.82165    8.94042
9.88356    8.92156
9.92482    8.92156
9.96609    8.9027
10.0074    8.9027
10.028    8.88384
10.0899    8.86497
10.1518    8.86497
10.1724    8.84611
10.2137    8.84611
10.255    8.82725
10.3375    8.82725
10.3581    8.80839
10.3788    8.80839
10.42    8.78953
10.4613    8.78953
10.5232    8.7518
10.5438    8.73294
10.5851    8.71408
10.6057    8.69522
10.6264    8.67636
10.6883    8.63863
10.7089    8.61977
10.7502    8.60091
10.7708    8.58205
10.7914    8.56319
10.8533    8.5066
10.874    8.48774
10.9152    8.46888
10.9359    8.45002
10.9565    8.43116
11.0184    8.41229
11.039    8.39343
11.0803    8.37457
11.1009    8.35571
11.1216    8.33685
11.1835    8.31799
11.1835    8.29912
11.2041    8.28026
11.2454    8.2614
11.2866    8.2614
11.3485    8.22368
11.3485    8.22368
11.3692    8.20482
11.4105    8.18595
11.4311    8.18595
11.4724    8.14823
11.493    8.12937
11.5136    8.11051
11.5136    8.09165
11.5343    8.07278
11.5755    8.03506
11.5755    8.0162
11.5755    7.99734
11.5962    7.97848
11.5755    7.95961
11.5962    7.92189
11.5962    7.90303
11.5962    7.88417
11.5962    7.86531
11.6168    7.84644
11.6374    7.80872
11.6374    7.78986
11.6581    7.771
11.6787    7.75214
11.6787    7.75214
11.6993    7.71441
11.7406    7.71441
11.7406    7.69555
11.7612    7.67669
11.7612    7.67669
11.7819    7.65783
11.8231    7.63897
11.8438    7.63897
11.8231    7.62011
11.8644    7.62011
11.885    7.60124
11.885    7.58238
11.885    7.56352
11.885    7.56352
11.9057    7.56352
11.9469    7.54466
11.9469    7.54466
11.9469    7.5258
11.9676    7.5258
11.9469    7.5258
11.9676    7.50694
11.9676    7.48807
11.9676    7.48807
11.9676    7.46921
11.9676    7.46921
11.9676    7.45035
11.9676    7.43149
11.9676    7.41263
11.9676    7.39377
11.9676    7.3749
11.9676    7.33718
11.9676    7.31832
11.9676    7.31832
11.9676    7.29946
11.9676    7.2806
11.9676    7.24287
11.9676    7.22401
11.9676    7.22401
11.9882    7.20515
12.0088    7.20515
12.0088    7.18629
12.0088    7.18629
12.0295    7.18629
12.0501    7.16743
12.0501    7.16743
12.0707    7.16743
12.112    7.16743
12.1326    7.16743
12.1326    7.14856
12.1533    7.14856
12.1945    7.14856
12.2152    7.14856
12.2152    7.14856
12.2358    7.1297
12.2771    7.1297
12.3183    7.1297
12.3596    7.14856
12.3802    7.14856
12.4009    7.14856
12.4215    7.14856
12.4628    7.14856
12.4834    7.14856
12.5247    7.14856
12.5453    7.14856
12.5659    7.14856
12.6278    7.14856
12.6485    7.14856
12.6897    7.14856
12.7104    7.14856
12.731    7.14856
12.8135    7.14856
