7.30434    6.18662
7.30434    6.18662
7.32497    6.20548
7.36624    6.20548
7.36624    6.20548
7.38687    6.22434
7.38687    6.22434
7.40751    6.2432
7.42814    6.26207
7.42814    6.28093
7.42814    6.29979
7.44878    6.31865
7.46941    6.33751
7.46941    6.35637
7.49004    6.37524
7.51068    6.37524
7.51068    6.3941
7.53131    6.41296
7.57258    6.41296
7.57258    6.43182
7.59321    6.43182
7.59321    6.43182
7.63448    6.43182
7.65511    6.43182
7.69638    6.43182
7.73765    6.43182
7.75828    6.43182
7.79955    6.41296
7.84082    6.41296
7.86145    6.41296
7.92335    6.41296
7.92335    6.41296
7.98525    6.41296
8.02652    6.41296
8.04715    6.41296
8.06779    6.41296
8.10905    6.41296
8.17096    6.41296
8.19159    6.41296
8.23286    6.41296
8.27412    6.43182
8.29476    6.43182
8.35666    6.43182
8.41856    6.45068
8.43919    6.45068
8.48046    6.45068
8.52173    6.46954
8.58363    6.46954
8.60426    6.46954
8.66617    6.46954
8.6868    6.46954
8.72807    6.46954
8.78997    6.45068
8.8106    6.45068
8.8725    6.43182
8.89314    6.43182
8.9344    6.41296
9.01694    6.3941
9.05821    6.37524
9.09947    6.35637
9.14074    6.35637
9.18201    6.33751
9.26454    6.31865
9.30581    6.31865
9.34708    6.31865
9.38835    6.31865
9.40898    6.31865
9.47088    6.31865
9.53278    6.31865
9.55342    6.31865
9.59468    6.31865
9.63595    6.31865
9.71849    6.33751
9.75975    6.33751
9.80102    6.33751
9.84229    6.35637
9.88356    6.35637
9.94546    6.35637
9.96609    6.35637
10.0074    6.35637
10.0486    6.35637
10.0899    6.35637
10.1518    6.35637
10.1724    6.35637
10.2343    6.35637
10.255    6.35637
10.2962    6.35637
10.3581    6.33751
10.3788    6.33751
10.4407    6.35637
10.4613    6.35637
10.5026    6.35637
10.5645    6.37524
10.5851    6.37524
10.6264    6.37524
10.647    6.3941
10.6676    6.3941
10.7295    6.41296
10.7502    6.43182
10.7914    6.45068
10.8121    6.46954
10.8327    6.46954
10.8946    6.50727
10.8946    6.50727
10.9152    6.52613
10.9565    6.52613
10.9978    6.54499
11.039    6.54499
11.0597    6.56385
11.0803    6.56385
11.1216    6.56385
11.1422    6.56385
11.1835    6.58271
11.2041    6.58271
11.2454    6.58271
11.2866    6.58271
11.3073    6.58271
11.3485    6.58271
11.3692    6.60158
11.4105    6.60158
11.4311    6.62044
11.4517    6.62044
11.5136    6.6393
11.5136    6.6393
11.5343    6.65816
11.5755    6.67702
11.5962    6.67702
11.6374    6.71475
11.6581    6.71475
11.6993    6.73361
11.72    6.73361
11.7406    6.75247
11.8025    6.77133
11.8231    6.77133
11.8644    6.77133
11.885    6.77133
11.9057    6.77133
11.9882    6.77133
12.0088    6.75247
12.0295    6.75247
12.0707    6.73361
12.112    6.73361
12.1739    6.71475
12.1945    6.69588
12.2358    6.69588
12.2564    6.69588
12.2564    6.69588
12.3183    6.69588
12.3596    6.69588
12.4009    6.69588
12.4215    6.69588
12.4421    6.69588
12.5247    6.69588
12.5453    6.69588
12.5659    6.71475
12.6072    6.71475
12.6485    6.71475
12.7104    6.71475
