7.84082    5.77166
7.84082    5.77166
7.84082    5.77166
7.84082    5.77166
7.84082    5.7528
7.84082    5.7528
7.86145    5.7528
7.88208    5.73394
7.88208    5.73394
7.90272    5.73394
7.92335    5.71508
7.92335    5.69622
7.94398    5.67736
7.96462    5.67736
7.96462    5.65849
7.98525    5.63963
8.00589    5.62077
8.02652    5.60191
8.04715    5.60191
8.06779    5.60191
8.08842    5.58305
8.08842    5.58305
8.12969    5.56419
8.17096    5.56419
8.19159    5.56419
8.23286    5.56419
8.27412    5.58305
8.33603    5.58305
8.35666    5.60191
8.39793    5.60191
8.43919    5.62077
8.45983    5.62077
8.5011    5.62077
8.54236    5.62077
8.563    5.62077
8.6249    5.63963
8.64553    5.63963
8.72807    5.63963
8.76933    5.63963
8.8106    5.63963
8.85187    5.62077
8.89314    5.62077
8.97567    5.62077
9.01694    5.60191
9.05821    5.60191
9.09947    5.60191
9.14074    5.60191
9.22328    5.62077
9.26454    5.62077
9.30581    5.62077
9.34708    5.62077
9.38835    5.63963
9.45025    5.63963
9.47088    5.65849
9.53278    5.67736
9.55342    5.67736
9.61532    5.69622
9.67722    5.73394
9.73912    5.7528
9.75975    5.77166
9.82165    5.79053
9.84229    5.80939
9.94546    5.82825
9.96609    5.84711
10.028    5.86597
10.0486    5.86597
10.1105    5.88483
10.1724    5.9037
10.2343    5.9037
10.2756    5.92256
10.3169    5.92256
10.3581    5.94142
10.4613    5.94142
10.5232    5.96028
10.5438    5.97914
10.6057    5.998
10.6264    6.01687
10.7089    6.05459
10.7502    6.07345
10.7914    6.07345
10.8121    6.09231
10.8327    6.11117
10.9152    6.16776
10.9565    6.18662
10.9771    6.22434
10.9978    6.2432
11.039    6.26207
11.1009    6.31865
11.1216    6.33751
11.1628    6.35637
11.1835    6.37524
11.2041    6.3941
11.2866    6.43182
11.3279    6.45068
11.3485    6.46954
11.3692    6.48841
11.4105    6.50727
11.493    6.52613
11.5343    6.54499
11.5755    6.54499
11.6168    6.56385
11.6581    6.56385
11.72    6.60158
11.7406    6.62044
11.7819    6.6393
11.8231    6.6393
11.8438    6.65816
11.9057    6.67702
11.9469    6.67702
11.9882    6.69588
12.0295    6.69588
12.0501    6.71475
12.112    6.73361
12.1533    6.73361
12.1945    6.73361
12.2358    6.75247
12.2564    6.75247
12.3183    6.77133
12.3802    6.77133
12.4009    6.77133
12.4421    6.77133
12.4834    6.75247
12.5659    6.73361
12.6072    6.71475
12.6485    6.69588
