7.26307    5.67736
7.26307    5.67736
7.28371    5.67736
7.30434    5.67736
7.30434    5.67736
7.30434    5.67736
7.32497    5.67736
7.36624    5.69622
7.36624    5.67736
7.36624    5.69622
7.36624    5.67736
7.38687    5.71508
7.36624    5.71508
7.38687    5.71508
7.38687    5.71508
7.38687    5.73394
7.38687    5.71508
7.40751    5.73394
7.44878    5.71508
7.44878    5.71508
7.46941    5.71508
7.46941    5.71508
7.49004    5.69622
7.53131    5.67736
7.55194    5.67736
7.55194    5.67736
7.55194    5.65849
7.59321    5.62077
7.61385    5.62077
7.63448    5.60191
7.65511    5.62077
7.67575    5.60191
7.71701    5.60191
7.73765    5.60191
7.77892    5.60191
7.82018    5.60191
7.84082    5.60191
7.88208    5.62077
7.92335    5.62077
7.96462    5.62077
8.00589    5.62077
8.02652    5.63963
8.10905    5.65849
8.15032    5.65849
8.19159    5.65849
8.21222    5.65849
8.23286    5.65849
8.29476    5.67736
8.31539    5.69622
8.37729    5.65849
8.39793    5.65849
8.43919    5.65849
8.52173    5.65849
8.563    5.65849
8.60426    5.65849
8.6249    5.65849
8.64553    5.65849
8.72807    5.65849
8.76933    5.65849
8.8106    5.67736
8.85187    5.69622
8.89314    5.67736
8.95504    5.69622
8.99631    5.69622
9.01694    5.69622
9.07884    5.71508
9.12011    5.73394
9.18201    5.73394
9.24391    5.73394
9.26454    5.73394
9.32644    5.73394
9.34708    5.73394
9.45025    5.73394
9.47088    5.73394
9.53278    5.73394
9.55342    5.73394
9.61532    5.73394
9.67722    5.73394
9.73912    5.73394
9.75975    5.73394
9.82165    5.73394
9.84229    5.73394
9.94546    5.7528
9.96609    5.77166
10.028    5.77166
10.0486    5.77166
10.1105    5.79053
10.1724    5.80939
10.2137    5.80939
10.255    5.82825
10.2962    5.84711
10.3375    5.84711
10.3994    5.86597
10.42    5.88483
10.4819    5.88483
10.5026    5.88483
10.5438    5.9037
10.6264    5.92256
10.6676    5.92256
10.6883    5.92256
10.7089    5.94142
10.7708    5.96028
10.8121    5.97914
10.8533    5.998
10.874    5.998
10.9152    6.01687
10.9565    6.03573
11.0184    6.05459
11.0184    6.07345
11.0597    6.07345
11.0803    6.09231
11.1216    6.13004
11.1628    6.16776
11.1835    6.18662
11.2041    6.18662
11.2454    6.20548
11.266    6.2432
11.2866    6.28093
11.3279    6.29979
11.3485    6.29979
11.3485    6.31865
11.3692    6.33751
11.4105    6.35637
11.4311    6.37524
11.4311    6.37524
11.4517    6.3941
11.493    6.41296
11.5343    6.41296
11.5549    6.35637
11.5755    6.37524
11.5962    6.37524
11.5962    6.3941
11.6168    6.41296
11.6374    6.41296
11.6374    6.43182
11.6374    6.43182
11.6581    6.45068
11.6787    6.46954
11.6787    6.46954
11.6787    6.48841
11.6787    6.50727
11.6787    6.50727
11.6993    6.54499
11.72    6.54499
11.72    6.56385
11.72    6.58271
11.7406    6.58271
11.7819    6.60158
11.7819    6.62044
11.8025    6.62044
11.8025    6.6393
11.8231    6.6393
11.8644    6.65816
11.885    6.65816
11.885    6.67702
11.9057    6.67702
11.9263    6.69588
11.9469    6.71475
11.9882    6.71475
12.0088    6.71475
12.0088    6.73361
12.0295    6.73361
12.0707    6.75247
12.0914    6.75247
12.0914    6.75247
12.112    6.77133
12.1533    6.77133
12.1945    6.77133
12.2152    6.77133
12.2358    6.77133
12.2771    6.77133
12.2977    6.77133
12.339    6.75247
12.3596    6.75247
12.4009    6.73361
12.4215    6.73361
12.4421    6.71475
12.504    6.71475
12.5247    6.71475
12.5659    6.69588
12.5866    6.69588
12.6072    6.69588
12.6691    6.67702
12.6897    6.67702
12.731    6.65816
