7.53131    5.30012
7.51068    5.30012
7.46941    5.28126
7.42814    5.2624
7.40751    5.2624
7.40751    5.2624
7.38687    5.24354
7.32497    5.24354
7.32497    5.22468
7.30434    5.22468
7.28371    5.22468
7.28371    5.22468
7.26307    5.22468
7.2218    5.24354
7.2218    5.24354
7.2218    5.2624
7.20117    5.2624
7.20117    5.28126
7.20117    5.30012
7.20117    5.31898
7.20117    5.31898
7.20117    5.33785
7.20117    5.37557
7.20117    5.37557
7.20117    5.39443
7.18054    5.41329
7.18054    5.41329
7.1599    5.43215
7.1599    5.45102
7.1599    5.46988
7.1599    5.48874
7.13927    5.48874
7.11864    5.52646
7.11864    5.54532
7.11864    5.56419
7.098    5.56419
7.07737    5.58305
7.07737    5.60191
7.07737    5.62077
7.07737    5.63963
7.07737    5.63963
7.098    5.63963
7.098    5.65849
7.11864    5.65849
7.13927    5.65849
7.1599    5.65849
7.20117    5.65849
7.24244    5.65849
7.28371    5.65849
7.30434    5.65849
7.32497    5.63963
7.38687    5.63963
7.42814    5.62077
7.46941    5.62077
7.51068    5.62077
7.53131    5.62077
7.57258    5.62077
7.63448    5.62077
7.65511    5.62077
7.69638    5.63963
7.71701    5.63963
7.73765    5.63963
7.79955    5.65849
7.82018    5.67736
7.86145    5.67736
7.90272    5.69622
7.94398    5.71508
7.98525    5.73394
8.02652    5.7528
8.04715    5.7528
8.06779    5.77166
8.10905    5.77166
8.17096    5.77166
8.19159    5.77166
8.23286    5.77166
8.25349    5.77166
8.27412    5.77166
8.35666    5.7528
8.39793    5.73394
8.43919    5.73394
8.48046    5.71508
8.52173    5.71508
8.58363    5.69622
8.60426    5.69622
8.64553    5.69622
8.6868    5.69622
8.70743    5.69622
8.76933    5.67736
8.8106    5.67736
8.85187    5.67736
8.8725    5.69622
8.89314    5.69622
8.97567    5.71508
9.01694    5.71508
9.05821    5.73394
9.09947    5.7528
9.12011    5.7528
9.16137    5.7528
9.20264    5.77166
9.22328    5.77166
9.28518    5.77166
9.30581    5.77166
9.38835    5.77166
9.40898    5.7528
9.42961    5.7528
9.49151    5.7528
9.51215    5.73394
9.59468    5.73394
9.63595    5.71508
9.65658    5.71508
9.67722    5.71508
9.71849    5.71508
9.78039    5.71508
9.80102    5.71508
9.84229    5.71508
9.88356    5.71508
9.90419    5.73394
9.94546    5.7528
9.96609    5.7528
10.028    5.77166
10.028    5.79053
10.0486    5.80939
10.1105    5.82825
10.1312    5.84711
10.1724    5.84711
10.1931    5.86597
10.1931    5.86597
10.2343    5.88483
10.255    5.88483
10.2962    5.88483
10.3169    5.88483
10.3169    5.88483
10.3581    5.88483
10.3994    5.88483
10.42    5.88483
10.4613    5.88483
10.5026    5.88483
10.5438    5.88483
10.5645    5.88483
10.5851    5.88483
10.6057    5.88483
10.6264    5.88483
10.6676    5.9037
10.6883    5.9037
10.6883    5.92256
10.7089    5.92256
10.7295    5.94142
10.7502    5.96028
10.7708    5.97914
10.7708    5.998
10.7914    6.01687
10.8121    6.03573
10.8121    6.07345
10.8121    6.07345
10.8327    6.09231
10.8533    6.11117
10.8533    6.13004
10.874    6.1489
10.8946    6.1489
10.874    6.16776
10.8946    6.16776
10.8946    6.16776
10.9152    6.18662
10.9359    6.18662
10.9152    6.18662
10.9359    6.18662
10.9359    6.18662
10.9565    6.18662
10.9771    6.18662
10.9771    6.18662
10.9771    6.16776
10.9978    6.16776
11.039    6.1489
11.039    6.1489
11.0597    6.1489
11.0597    6.13004
11.0597    6.13004
11.0803    6.11117
11.1216    6.11117
11.1216    6.11117
11.1422    6.11117
11.1422    6.11117
11.1422    6.11117
11.1628    6.11117
11.1835    6.13004
11.1628    6.13004
11.1835    6.1489
11.1835    6.16776
11.1835    6.18662
11.1835    6.20548
11.1835    6.20548
11.1835    6.22434
11.1628    6.26207
11.1835    6.28093
11.1628    6.28093
11.1835    6.29979
11.1628    6.31865
11.1835    6.33751
11.1628    6.33751
11.1835    6.35637
11.1628    6.35637
11.1835    6.35637
11.1835    6.37524
11.1835    6.37524
11.1835    6.37524
11.1835    6.37524
11.1835    6.37524
11.2041    6.37524
11.2247    6.37524
11.2247    6.37524
11.2247    6.37524
11.2247    6.35637
11.2454    6.35637
11.266    6.35637
11.266    6.35637
11.2866    6.33751
11.3073    6.33751
11.3073    6.31865
11.3073    6.31865
11.3279    6.31865
11.3485    6.29979
11.3485    6.29979
11.3485    6.29979
11.3692    6.28093
11.3898    6.28093
11.3692    6.28093
11.3898    6.28093
11.3898    6.28093
11.3898    6.28093
11.3898    6.28093
11.3898    6.28093
11.4105    6.28093
11.4311    6.29979
11.4105    6.29979
11.4311    6.29979
11.4105    6.29979
11.4311    6.31865
11.4105    6.33751
11.4105    6.33751
11.4105    6.35637
11.4105    6.35637
11.4105    6.37524
11.4105    6.3941
11.3898    6.41296
11.3692    6.43182
11.3898    6.43182
11.3692    6.45068
11.3692    6.46954
11.3692    6.48841
11.3692    6.48841
11.3692    6.48841
11.3692    6.48841
11.3692    6.50727
11.3692    6.50727
11.3692    6.50727
11.3692    6.52613
11.3692    6.52613
11.3692    6.52613
11.3692    6.52613
11.3898    6.52613
11.3692    6.52613
11.3898    6.52613
11.3898    6.52613
11.4105    6.52613
11.4311    6.52613
11.4311    6.52613
11.4517    6.52613
11.5136    6.50727
11.5136    6.50727
11.5343    6.50727
11.5549    6.50727
11.5549    6.50727
11.5755    6.50727
11.6168    6.50727
11.6374    6.50727
11.6374    6.50727
11.6581    6.50727
11.6993    6.50727
11.72    6.52613
11.72    6.52613
11.72    6.52613
11.7406    6.54499
11.7612    6.56385
11.7612    6.58271
11.7612    6.60158
11.7819    6.62044
11.8025    6.62044
11.8025    6.6393
11.8025    6.65816
11.8025    6.65816
11.8231    6.67702
11.8438    6.67702
11.8438    6.69588
11.8644    6.69588
11.885    6.69588
11.885    6.69588
11.885    6.69588
11.9057    6.69588
11.9469    6.69588
11.9469    6.69588
11.9676    6.69588
11.9676    6.71475
11.9882    6.71475
12.0088    6.73361
12.0088    6.75247
12.0088    6.75247
12.0295    6.75247
12.0707    6.77133
12.0914    6.77133
12.0914    6.77133
12.112    6.77133
12.1326    6.77133
12.1533    6.75247
12.1945    6.73361
12.2358    6.73361
12.2564    6.71475
12.2771    6.71475
12.3596    6.69588
12.4009    6.67702
12.4215    6.65816
12.4421    6.6393
12.4834    6.6393
12.5247    6.62044
12.5659    6.60158
12.5866    6.60158
12.5866    6.60158
12.6072    6.60158
12.6691    6.60158
12.6897    6.60158
12.731    6.60158
12.7516    6.60158
12.7723    6.62044
12.8342    6.6393
12.8548    6.65816
12.8961    6.65816
