6.74723    6.28093
6.74723    6.29979
6.74723    6.29979
6.76786    6.31865
6.76786    6.35637
6.76786    6.37524
6.76786    6.37524
6.7885    6.41296
6.7885    6.41296
6.80913    6.43182
6.80913    6.45068
6.82976    6.45068
6.8504    6.45068
6.87103    6.45068
6.89166    6.45068
6.89166    6.45068
6.9123    6.43182
6.95357    6.45068
6.95357    6.41296
6.9742    6.41296
6.99483    6.3941
7.01547    6.41296
7.0361    6.37524
7.05673    6.37524
7.07737    6.37524
7.098    6.35637
7.11864    6.37524
7.13927    6.35637
7.1599    6.37524
7.18054    6.35637
7.20117    6.37524
7.2218    6.37524
7.28371    6.3941
7.30434    6.41296
7.32497    6.41296
7.36624    6.41296
7.38687    6.43182
7.44878    6.46954
7.46941    6.48841
7.49004    6.48841
7.51068    6.48841
7.53131    6.48841
7.59321    6.50727
7.61385    6.50727
7.65511    6.50727
7.67575    6.50727
7.71701    6.50727
7.77892    6.46954
7.79955    6.45068
7.84082    6.41296
7.86145    6.3941
7.90272    6.3941
7.96462    6.35637
8.00589    6.33751
8.02652    6.29979
8.06779    6.29979
8.08842    6.28093
8.15032    6.28093
8.19159    6.28093
8.21222    6.26207
8.25349    6.2432
8.27412    6.2432
8.35666    6.2432
8.37729    6.2432
8.41856    6.2432
8.45983    6.2432
8.5011    6.2432
8.563    6.2432
8.60426    6.2432
8.64553    6.2432
8.66617    6.2432
8.70743    6.2432
8.76933    6.22434
8.8106    6.20548
8.83124    6.22434
8.8725    6.20548
8.91377    6.20548
8.97567    6.18662
9.01694    6.16776
9.05821    6.16776
9.09947    6.16776
9.12011    6.1489
9.20264    6.11117
9.24391    6.11117
9.28518    6.11117
9.30581    6.11117
9.34708    6.11117
9.40898    6.11117
9.45025    6.11117
9.49151    6.11117
9.51215    6.11117
9.55342    6.13004
9.61532    6.1489
9.65658    6.1489
9.69785    6.16776
9.71849    6.18662
9.75975    6.18662
9.82165    6.22434
9.86292    6.22434
9.88356    6.2432
9.92482    6.26207
9.94546    6.26207
10.0074    6.26207
10.0486    6.26207
10.0693    6.26207
10.0899    6.28093
10.1312    6.29979
10.1724    6.28093
10.2137    6.28093
10.2343    6.28093
10.255    6.28093
10.2962    6.28093
10.3375    6.26207
10.3581    6.2432
10.3788    6.26207
10.42    6.2432
10.4407    6.26207
10.4819    6.2432
10.5026    6.26207
10.5232    6.2432
10.5232    6.26207
10.5438    6.26207
10.5645    6.28093
10.5851    6.29979
10.6057    6.29979
10.6057    6.31865
10.6264    6.33751
10.647    6.35637
10.6676    6.3941
10.6676    6.41296
10.6883    6.41296
10.7089    6.43182
10.7295    6.46954
10.7295    6.46954
10.7502    6.46954
10.7708    6.48841
10.7708    6.46954
10.8121    6.50727
10.8121    6.50727
10.8327    6.50727
10.8533    6.50727
10.8533    6.50727
10.8946    6.48841
10.8946    6.46954
10.9152    6.48841
10.9359    6.46954
10.9359    6.48841
10.9771    6.46954
10.9771    6.48841
10.9978    6.46954
10.9978    6.48841
11.0184    6.46954
11.039    6.48841
11.039    6.46954
11.0597    6.48841
11.0597    6.48841
11.0803    6.48841
11.0803    6.50727
11.1009    6.52613
11.1009    6.52613
11.1009    6.54499
11.1216    6.56385
11.1216    6.58271
11.1422    6.62044
11.1422    6.6393
11.1628    6.62044
11.1628    6.65816
11.1835    6.67702
11.1835    6.67702
11.1835    6.67702
11.2041    6.69588
11.2041    6.71475
11.2041    6.71475
11.2247    6.71475
11.2247    6.71475
11.2247    6.71475
11.2247    6.73361
11.2454    6.73361
11.2454    6.73361
11.2454    6.73361
11.266    6.73361
11.266    6.73361
11.266    6.71475
11.266    6.69588
11.2866    6.71475
11.2866    6.69588
11.2866    6.69588
11.3073    6.69588
11.3073    6.69588
11.3073    6.67702
11.3279    6.65816
11.3279    6.67702
11.3279    6.67702
11.3279    6.67702
11.3279    6.67702
11.3279    6.67702
11.3279    6.69588
11.3279    6.71475
11.3279    6.71475
11.3485    6.71475
11.3485    6.73361
11.3485    6.75247
11.3485    6.75247
11.3485    6.77133
11.3485    6.79019
11.3485    6.79019
11.3692    6.79019
11.3692    6.80905
11.3692    6.82792
11.3692    6.80905
11.3692    6.82792
11.3692    6.80905
11.3898    6.82792
11.3898    6.80905
11.3898    6.82792
11.3898    6.80905
11.3898    6.82792
11.4105    6.79019
11.4105    6.79019
11.4105    6.79019
11.4311    6.77133
11.4311    6.77133
11.4517    6.75247
11.4517    6.73361
11.4517    6.75247
11.4724    6.73361
11.4724    6.73361
11.493    6.73361
11.493    6.73361
11.493    6.73361
11.493    6.73361
11.5136    6.73361
11.5136    6.73361
11.5343    6.73361
11.5343    6.73361
11.5343    6.73361
11.5549    6.75247
11.5549    6.75247
11.5755    6.75247
11.5755    6.75247
11.5755    6.75247
11.5962    6.77133
11.5962    6.79019
11.6168    6.77133
11.6168    6.79019
11.6374    6.77133
11.6374    6.79019
11.6787    6.77133
11.6787    6.77133
11.6993    6.77133
11.72    6.77133
11.72    6.75247
11.7612    6.71475
11.7819    6.71475
11.8025    6.69588
11.8231    6.71475
11.8231    6.69588
11.8644    6.71475
11.885    6.69588
11.885    6.71475
11.9057    6.71475
11.9057    6.71475
11.9263    6.73361
11.9469    6.75247
11.9676    6.75247
11.9676    6.75247
11.9882    6.75247
12.0088    6.77133
12.0295    6.79019
12.0501    6.77133
12.0707    6.79019
12.0914    6.77133
12.1326    6.79019
12.1533    6.77133
12.1945    6.79019
12.2152    6.77133
12.2564    6.79019
12.3183    6.77133
12.3802    6.79019
12.4215    6.77133
12.4628    6.79019
12.504    6.77133
12.5866    6.77133
12.6278    6.77133
12.6691    6.75247
12.6897    6.73361
12.731    6.75247
12.7929    6.73361
