6.93293    5.03606
6.93293    5.03606
6.9123    5.0172
6.9123    5.0172
6.9123    4.99834
6.9123    4.99834
6.89166    4.97947
6.87103    4.96061
6.87103    4.94175
6.8504    4.92289
6.8504    4.90403
6.8504    4.88517
6.82976    4.84744
6.80913    4.82858
6.80913    4.80972
6.80913    4.79086
6.7885    4.772
6.7885    4.75313
6.7885    4.75313
6.76786    4.75313
6.76786    4.73427
6.76786    4.73427
6.76786    4.73427
6.76786    4.73427
6.76786    4.73427
6.76786    4.73427
6.76786    4.73427
6.76786    4.71541
6.76786    4.71541
6.7885    4.71541
6.7885    4.71541
6.7885    4.71541
6.80913    4.71541
6.82976    4.71541
6.8504    4.71541
6.8504    4.73427
6.87103    4.73427
6.9123    4.73427
6.93293    4.75313
6.95357    4.75313
6.99483    4.75313
7.01547    4.772
7.07737    4.79086
7.098    4.80972
7.13927    4.82858
7.1599    4.84744
7.18054    4.84744
7.24244    4.88517
7.26307    4.90403
7.28371    4.90403
7.30434    4.92289
7.34561    4.92289
7.38687    4.94175
7.40751    4.94175
7.42814    4.96061
7.46941    4.96061
7.49004    4.97947
7.55194    4.99834
7.57258    4.99834
7.61385    4.99834
7.63448    5.0172
7.67575    5.0172
7.73765    5.0172
7.77892    5.0172
7.79955    5.03606
7.82018    5.03606
7.86145    5.03606
7.90272    5.05492
7.94398    5.07378
7.96462    5.07378
7.98525    5.09264
8.00589    5.09264
8.06779    5.11151
8.08842    5.11151
8.12969    5.13037
8.15032    5.13037
8.17096    5.14923
8.23286    5.16809
8.27412    5.16809
8.29476    5.18695
8.33603    5.18695
8.35666    5.18695
8.41856    5.18695
8.43919    5.18695
8.48046    5.18695
8.5011    5.18695
8.54236    5.18695
8.60426    5.18695
8.64553    5.18695
8.6868    5.18695
8.70743    5.18695
8.7487    5.16809
8.8106    5.16809
8.85187    5.16809
8.8725    5.16809
8.91377    5.18695
8.9344    5.18695
8.99631    5.20581
9.01694    5.20581
9.03757    5.22468
9.07884    5.22468
9.09947    5.22468
9.16137    5.24354
9.18201    5.2624
9.22328    5.2624
9.24391    5.28126
9.26454    5.30012
9.32644    5.31898
9.34708    5.31898
9.38835    5.33785
9.40898    5.33785
9.42961    5.35671
9.47088    5.35671
9.49151    5.35671
9.53278    5.35671
9.55342    5.37557
9.57405    5.37557
9.63595    5.37557
9.65658    5.39443
9.67722    5.39443
9.71849    5.39443
9.73912    5.39443
9.80102    5.39443
9.82165    5.41329
9.84229    5.41329
9.88356    5.41329
9.90419    5.43215
9.94546    5.45102
9.96609    5.46988
9.98672    5.46988
10.0074    5.48874
10.0486    5.48874
10.0693    5.5076
10.0899    5.52646
10.1105    5.54532
10.1312    5.54532
10.1518    5.56419
10.1724    5.58305
10.1931    5.58305
10.2137    5.60191
10.2343    5.60191
10.255    5.60191
10.2962    5.62077
10.3169    5.62077
10.3375    5.62077
10.3581    5.62077
10.3788    5.62077
10.42    5.62077
10.4407    5.62077
10.4613    5.62077
10.4819    5.62077
10.5232    5.62077
10.5645    5.62077
10.5851    5.60191
10.6057    5.60191
10.6264    5.60191
10.647    5.60191
10.6883    5.62077
10.6883    5.62077
10.7089    5.63963
10.7295    5.63963
10.7295    5.63963
10.7708    5.65849
10.7708    5.65849
10.7914    5.67736
10.7914    5.67736
10.8121    5.69622
10.8327    5.71508
10.8327    5.71508
10.8533    5.73394
10.8533    5.73394
10.8533    5.73394
10.874    5.7528
10.8946    5.7528
10.8946    5.7528
10.9152    5.7528
10.9152    5.7528
10.9359    5.7528
10.9565    5.7528
10.9565    5.73394
10.9771    5.73394
10.9771    5.73394
10.9978    5.71508
11.0184    5.71508
11.0184    5.71508
11.039    5.69622
11.039    5.69622
11.0597    5.67736
11.0803    5.67736
11.0803    5.67736
11.1009    5.67736
11.1009    5.67736
11.1009    5.67736
11.1216    5.67736
11.1216    5.67736
11.1216    5.67736
11.1422    5.67736
11.1422    5.67736
11.1422    5.67736
11.1628    5.69622
11.1628    5.69622
11.1628    5.69622
11.1835    5.69622
11.1835    5.69622
11.1835    5.71508
11.1835    5.71508
11.1835    5.71508
11.2041    5.73394
11.2041    5.73394
11.2041    5.7528
11.2041    5.7528
11.2041    5.7528
11.2247    5.79053
11.2247    5.79053
11.2247    5.80939
11.2247    5.80939
11.2247    5.82825
11.2247    5.84711
11.2247    5.86597
11.2247    5.86597
11.2247    5.88483
11.2247    5.88483
11.2247    5.9037
11.2247    5.9037
11.2247    5.92256
11.2454    5.92256
11.2454    5.94142
11.2454    5.94142
11.2454    5.94142
11.266    5.96028
11.266    5.96028
11.266    5.96028
11.2866    5.96028
11.2866    5.96028
11.3073    5.97914
11.3073    5.97914
11.3279    5.97914
11.3485    5.97914
11.3485    5.97914
11.3692    5.97914
11.3692    5.97914
11.3692    5.97914
11.3898    5.97914
11.4105    5.97914
11.4105    5.97914
11.4105    5.97914
11.4311    5.97914
11.4311    5.97914
11.4311    5.97914
11.4517    5.97914
11.4517    5.97914
11.4517    5.97914
11.4517    5.97914
11.4517    5.998
11.4724    5.998
11.4724    5.998
11.4724    5.998
11.493    5.998
11.493    6.01687
11.493    6.01687
11.493    6.01687
11.493    6.03573
11.493    6.03573
11.493    6.03573
11.493    6.05459
11.493    6.05459
11.493    6.05459
11.4724    6.07345
11.4724    6.07345
11.4724    6.07345
11.4724    6.09231
11.4724    6.09231
11.4724    6.09231
11.4724    6.11117
11.4724    6.11117
11.4724    6.11117
11.4724    6.11117
11.4724    6.13004
11.4724    6.13004
11.4724    6.1489
11.493    6.1489
11.493    6.1489
11.5136    6.16776
11.5136    6.16776
11.5343    6.18662
11.5343    6.18662
11.5549    6.18662
11.5755    6.20548
11.5755    6.20548
11.5962    6.22434
11.5962    6.22434
11.6168    6.22434
11.6374    6.2432
11.6374    6.26207
11.6374    6.26207
11.6581    6.26207
11.6581    6.28093
11.6581    6.29979
11.6581    6.31865
11.6787    6.31865
11.6787    6.33751
11.6787    6.33751
11.6787    6.35637
11.6787    6.37524
11.6787    6.3941
11.6787    6.3941
11.6993    6.41296
11.6993    6.43182
11.6993    6.45068
11.6993    6.45068
11.72    6.46954
11.72    6.46954
11.7406    6.48841
11.7406    6.48841
11.7612    6.50727
11.7612    6.50727
11.7819    6.52613
11.8025    6.54499
11.8025    6.54499
11.8231    6.54499
11.8231    6.56385
11.8438    6.56385
11.8644    6.56385
11.8644    6.56385
11.8644    6.56385
11.885    6.56385
11.885    6.56385
11.9057    6.58271
11.9057    6.58271
11.9057    6.58271
11.9263    6.58271
11.9263    6.58271
11.9469    6.58271
11.9676    6.58271
11.9676    6.58271
11.9676    6.58271
11.9882    6.58271
11.9882    6.60158
11.9882    6.60158
12.0088    6.60158
12.0088    6.60158
12.0088    6.60158
12.0295    6.62044
12.0295    6.62044
12.0295    6.62044
12.0501    6.62044
12.0501    6.6393
12.0707    6.6393
12.0707    6.65816
12.0707    6.65816
12.0914    6.67702
12.0914    6.69588
12.0914    6.71475
12.112    6.71475
12.112    6.73361
12.112    6.73361
12.1326    6.73361
12.1533    6.75247
12.1739    6.75247
12.1739    6.77133
12.1945    6.77133
12.1945    6.77133
12.2358    6.77133
12.2564    6.77133
12.2564    6.77133
12.2771    6.77133
12.2977    6.77133
12.339    6.77133
12.3802    6.77133
12.4009    6.77133
12.4215    6.77133
12.4421    6.77133
12.4834    6.77133
12.5247    6.77133
12.5453    6.77133
12.5659    6.77133
12.6072    6.77133
12.6485    6.75247
12.6691    6.75247
12.7104    6.75247
12.731    6.73361
12.7516    6.73361
12.8135    6.73361
12.8342    6.71475
12.8754    6.71475
12.8961    6.71475
