7.59321    4.67769
7.59321    4.67769
7.59321    4.67769
7.59321    4.67769
7.59321    4.67769
7.59321    4.67769
7.59321    4.67769
7.61385    4.67769
7.63448    4.67769
7.61385    4.65883
7.63448    4.65883
7.61385    4.65883
7.63448    4.65883
7.61385    4.65883
7.63448    4.65883
7.61385    4.65883
7.63448    4.65883
7.63448    4.65883
7.63448    4.67769
7.63448    4.67769
7.65511    4.67769
7.67575    4.67769
7.67575    4.69655
7.67575    4.71541
7.69638    4.71541
7.71701    4.73427
7.71701    4.73427
7.73765    4.75313
7.75828    4.772
7.75828    4.79086
7.75828    4.80972
7.77892    4.80972
7.82018    4.84744
7.82018    4.84744
7.84082    4.8663
7.82018    4.88517
7.86145    4.90403
7.88208    4.92289
7.88208    4.94175
7.90272    4.94175
7.94398    4.96061
7.96462    4.96061
7.98525    4.96061
8.02652    4.96061
8.04715    4.97947
8.06779    4.97947
8.10905    4.97947
8.17096    4.96061
8.19159    4.96061
8.23286    4.96061
8.25349    4.96061
8.27412    4.94175
8.33603    4.94175
8.35666    4.94175
8.39793    4.94175
8.43919    4.94175
8.45983    4.96061
8.5011    4.96061
8.52173    4.97947
8.58363    4.97947
8.58363    4.97947
8.6249    4.97947
8.6868    4.99834
8.7487    5.0172
8.7487    5.0172
8.78997    5.03606
8.83124    5.03606
8.89314    5.05492
8.95504    5.07378
8.97567    5.07378
9.01694    5.09264
9.05821    5.09264
9.12011    5.09264
9.14074    5.09264
9.18201    5.09264
9.22328    5.09264
9.26454    5.09264
9.32644    5.09264
9.36771    5.09264
9.38835    5.09264
9.45025    5.09264
9.47088    5.09264
9.55342    5.09264
9.59468    5.11151
9.63595    5.11151
9.67722    5.11151
9.69785    5.13037
9.75975    5.14923
9.80102    5.16809
9.84229    5.16809
9.86292    5.18695
9.88356    5.20581
9.96609    5.22468
10.0074    5.24354
10.028    5.2624
10.0486    5.28126
10.0899    5.30012
10.1518    5.33785
10.1724    5.35671
10.2137    5.37557
10.2343    5.37557
10.255    5.39443
10.3375    5.43215
10.3581    5.43215
10.3788    5.45102
10.42    5.45102
10.4407    5.46988
10.4819    5.46988
10.5026    5.48874
10.5438    5.48874
10.5645    5.5076
10.5851    5.5076
10.647    5.54532
10.647    5.54532
10.6676    5.56419
10.7089    5.58305
10.7295    5.58305
10.7502    5.62077
10.7708    5.63963
10.7708    5.63963
10.7914    5.65849
10.8327    5.67736
10.8533    5.71508
10.8533    5.73394
10.874    5.7528
10.8946    5.77166
10.8946    5.77166
10.9359    5.80939
10.9565    5.82825
10.9771    5.82825
10.9771    5.84711
10.9978    5.84711
11.0597    5.88483
11.0597    5.88483
11.0803    5.9037
11.1216    5.9037
11.1422    5.92256
11.1628    5.92256
11.2041    5.92256
11.2247    5.92256
11.2247    5.94142
11.2454    5.94142
11.3073    5.96028
11.3073    5.96028
11.3073    5.96028
11.3279    5.97914
11.3485    5.998
11.3692    6.01687
11.3898    6.01687
11.3898    6.03573
11.3898    6.05459
11.3898    6.05459
11.4105    6.09231
11.4311    6.09231
11.4105    6.11117
11.4311    6.13004
11.4311    6.1489
11.4311    6.16776
11.4311    6.18662
11.4517    6.20548
11.4724    6.20548
11.4517    6.22434
11.4724    6.2432
11.4724    6.26207
11.4724    6.26207
11.493    6.26207
11.5136    6.28093
11.5136    6.28093
11.5136    6.28093
11.5343    6.28093
11.5549    6.28093
11.5343    6.28093
11.5755    6.28093
11.5962    6.28093
11.5755    6.28093
11.5962    6.28093
11.5962    6.28093
11.5962    6.29979
11.6168    6.29979
11.6374    6.29979
11.6168    6.29979
11.6374    6.29979
11.6374    6.31865
11.6374    6.31865
11.6374    6.33751
11.6374    6.33751
11.6374    6.33751
11.6374    6.35637
11.6374    6.37524
11.6374    6.37524
11.6374    6.3941
11.6374    6.3941
11.6374    6.41296
11.6374    6.43182
11.6374    6.43182
11.6374    6.45068
11.6374    6.45068
11.6374    6.46954
11.6374    6.48841
11.6374    6.48841
11.6374    6.50727
11.6374    6.50727
11.6581    6.52613
11.6787    6.54499
11.6581    6.54499
11.6787    6.54499
11.6787    6.56385
11.6787    6.56385
11.6787    6.56385
11.6993    6.58271
11.72    6.58271
11.72    6.58271
11.7406    6.58271
11.7612    6.58271
11.7612    6.58271
11.7612    6.58271
11.7819    6.58271
11.8025    6.60158
11.8025    6.60158
11.8231    6.60158
11.8438    6.62044
11.8438    6.62044
11.8438    6.6393
11.8644    6.65816
11.885    6.65816
11.885    6.67702
11.885    6.67702
11.885    6.69588
11.9057    6.71475
11.9263    6.73361
11.9263    6.73361
11.9469    6.75247
11.9882    6.77133
11.9882    6.77133
12.0088    6.79019
12.0088    6.79019
12.0295    6.79019
12.0914    6.80905
12.0914    6.80905
12.112    6.80905
12.1533    6.82792
12.1739    6.82792
12.1945    6.82792
12.2358    6.82792
12.2771    6.82792
12.2977    6.82792
12.3183    6.82792
12.3802    6.82792
12.4009    6.82792
12.4421    6.82792
12.4834    6.82792
12.504    6.82792
12.5453    6.82792
12.5659    6.82792
12.6278    6.82792
12.6278    6.82792
12.6485    6.82792
12.731    6.80905
12.7516    6.80905
