8.39793    4.8663
8.39793    4.8663
8.39793    4.88517
8.39793    4.90403
8.37729    4.88517
8.37729    4.92289
8.37729    4.92289
8.37729    4.92289
8.37729    4.92289
8.37729    4.92289
8.37729    4.92289
8.37729    4.90403
8.37729    4.88517
8.37729    4.88517
8.37729    4.88517
8.37729    4.88517
8.37729    4.8663
8.37729    4.82858
8.37729    4.80972
8.35666    4.80972
8.35666    4.79086
8.35666    4.772
8.31539    4.75313
8.31539    4.73427
8.29476    4.73427
8.29476    4.73427
8.29476    4.73427
8.29476    4.71541
8.29476    4.69655
8.29476    4.71541
8.31539    4.69655
8.33603    4.69655
8.37729    4.69655
8.39793    4.69655
8.41856    4.67769
8.43919    4.65883
8.45983    4.67769
8.52173    4.63996
8.54236    4.63996
8.563    4.63996
8.60426    4.63996
8.6249    4.63996
8.6868    4.63996
8.70743    4.6211
8.72807    4.63996
8.7487    4.6211
8.78997    4.63996
8.83124    4.6211
8.8725    4.63996
8.89314    4.63996
8.9344    4.63996
8.95504    4.63996
9.01694    4.65883
9.03757    4.67769
9.07884    4.67769
9.09947    4.67769
9.12011    4.67769
9.18201    4.67769
9.22328    4.67769
9.24391    4.67769
9.28518    4.67769
9.30581    4.67769
9.36771    4.67769
9.40898    4.67769
9.45025    4.67769
9.49151    4.67769
9.53278    4.65883
9.59468    4.67769
9.65658    4.65883
9.69785    4.67769
9.71849    4.65883
9.75975    4.67769
9.82165    4.67769
9.86292    4.69655
9.88356    4.71541
9.92482    4.71541
9.94546    4.73427
9.98672    4.772
10.028    4.80972
10.0486    4.82858
10.0693    4.82858
10.0899    4.84744
10.1312    4.92289
10.1518    4.94175
10.1724    4.94175
10.2137    4.96061
10.2343    4.97947
10.2962    4.99834
10.3375    5.0172
10.3581    5.0172
10.3994    5.03606
10.42    5.05492
10.5026    5.05492
10.5438    5.07378
10.5851    5.09264
10.6057    5.09264
10.647    5.09264
10.7089    5.11151
10.7502    5.14923
10.7914    5.16809
10.8121    5.16809
10.8533    5.16809
10.8946    5.20581
10.9152    5.20581
10.9359    5.22468
10.9565    5.2624
10.9771    5.28126
11.0184    5.30012
11.039    5.33785
11.0597    5.37557
11.0803    5.39443
11.0803    5.41329
11.1216    5.46988
11.1422    5.46988
11.1628    5.48874
11.2041    5.52646
11.2247    5.54532
11.2866    5.56419
11.3073    5.60191
11.3279    5.60191
11.3692    5.62077
11.3898    5.62077
11.4517    5.63963
11.493    5.67736
11.5136    5.69622
11.5549    5.69622
11.5755    5.71508
11.6168    5.77166
11.6374    5.77166
11.6581    5.79053
11.6581    5.82825
11.6787    5.84711
11.6993    5.88483
11.6993    5.9037
11.6993    5.94142
11.6993    5.96028
11.6993    5.97914
11.6993    6.03573
11.6993    6.03573
11.6993    6.05459
11.6993    6.09231
11.6993    6.11117
11.72    6.13004
11.7406    6.1489
11.7406    6.1489
11.7612    6.16776
11.7819    6.18662
11.8025    6.18662
11.8231    6.20548
11.8438    6.2432
11.8644    6.2432
11.885    6.26207
11.9057    6.26207
11.9263    6.28093
11.9263    6.29979
11.9469    6.29979
11.9469    6.31865
11.9676    6.35637
11.9676    6.35637
11.9676    6.37524
11.9676    6.37524
11.9676    6.37524
11.9469    6.41296
11.9263    6.41296
11.9263    6.43182
11.9057    6.46954
11.9057    6.48841
11.885    6.50727
11.8644    6.52613
11.8438    6.54499
11.8438    6.56385
11.8438    6.56385
11.8231    6.58271
11.8231    6.60158
11.8231    6.60158
11.8231    6.60158
11.8438    6.60158
11.8438    6.60158
11.8644    6.60158
11.8644    6.60158
11.885    6.58271
11.885    6.60158
11.9057    6.58271
11.9263    6.60158
11.9263    6.58271
11.9469    6.60158
11.9469    6.58271
11.9469    6.60158
11.9469    6.60158
11.9469    6.60158
11.9469    6.62044
11.9469    6.6393
11.9469    6.6393
11.9469    6.6393
11.9469    6.65816
11.9469    6.67702
11.9469    6.67702
11.9469    6.69588
11.9469    6.71475
11.9469    6.71475
11.9676    6.71475
11.9676    6.71475
11.9882    6.71475
12.0088    6.71475
12.0295    6.71475
12.0501    6.71475
12.0707    6.71475
12.0914    6.69588
12.112    6.71475
12.1326    6.67702
12.1533    6.67702
12.1533    6.67702
12.1945    6.65816
12.1945    6.67702
12.2152    6.65816
12.2358    6.65816
12.2564    6.65816
12.2771    6.65816
12.3183    6.65816
12.339    6.65816
12.3596    6.65816
12.3802    6.65816
12.4421    6.65816
12.4834    6.65816
12.5247    6.65816
12.5659    6.65816
12.6072    6.65816
12.6897    6.65816
12.731    6.65816
12.7723    6.67702
12.7929    6.65816
12.8342    6.65816
12.8961    6.65816
12.9167    6.6393
12.9373    6.62044
12.9786    6.62044
