8.15032    4.20615
8.15032    4.20615
8.12969    4.22501
8.10905    4.20615
8.10905    4.22501
8.10905    4.20615
8.08842    4.22501
8.06779    4.20615
8.06779    4.22501
8.06779    4.20615
8.04715    4.22501
8.02652    4.20615
8.00589    4.20615
7.98525    4.20615
7.98525    4.20615
7.98525    4.20615
7.96462    4.18729
7.92335    4.16842
7.92335    4.16842
7.90272    4.16842
7.92335    4.16842
7.90272    4.16842
7.90272    4.14956
7.90272    4.1307
7.90272    4.14956
7.90272    4.1307
7.90272    4.14956
7.92335    4.1307
7.90272    4.1307
7.92335    4.1307
7.92335    4.1307
7.94398    4.1307
7.98525    4.1307
7.98525    4.11184
8.00589    4.09298
8.00589    4.11184
8.00589    4.09298
8.04715    4.11184
8.04715    4.09298
8.06779    4.11184
8.08842    4.09298
8.08842    4.11184
8.10905    4.09298
8.12969    4.11184
8.12969    4.11184
8.12969    4.11184
8.12969    4.11184
8.15032    4.11184
8.17096    4.11184
8.17096    4.1307
8.17096    4.14956
8.17096    4.1307
8.19159    4.16842
8.23286    4.16842
8.23286    4.18729
8.25349    4.16842
8.25349    4.20615
8.27412    4.22501
8.29476    4.22501
8.29476    4.24387
8.31539    4.26273
8.33603    4.26273
8.35666    4.30046
8.37729    4.31932
8.37729    4.33818
8.39793    4.33818
8.43919    4.35704
8.45983    4.39476
8.45983    4.39476
8.48046    4.41363
8.52173    4.39476
8.54236    4.41363
8.563    4.41363
8.60426    4.41363
8.6249    4.43249
8.6249    4.45135
8.64553    4.43249
8.70743    4.45135
8.72807    4.45135
8.76933    4.45135
8.78997    4.45135
8.8106    4.45135
8.8725    4.45135
8.8725    4.47021
8.89314    4.48907
8.9344    4.47021
8.95504    4.48907
8.99631    4.48907
9.01694    4.50793
9.05821    4.5268
9.07884    4.5268
9.07884    4.54566
9.12011    4.58338
9.14074    4.60224
9.18201    4.58338
9.20264    4.6211
9.20264    4.63996
9.22328    4.65883
9.26454    4.69655
9.26454    4.71541
9.28518    4.71541
9.28518    4.73427
9.32644    4.772
9.34708    4.79086
9.36771    4.772
9.38835    4.80972
9.40898    4.80972
9.42961    4.82858
9.47088    4.80972
9.49151    4.84744
9.49151    4.84744
9.51215    4.84744
9.57405    4.84744
9.57405    4.84744
9.59468    4.84744
9.63595    4.84744
9.65658    4.84744
9.67722    4.84744
9.71849    4.84744
9.73912    4.84744
9.75975    4.84744
9.78039    4.82858
9.82165    4.82858
9.82165    4.82858
9.84229    4.82858
9.88356    4.82858
9.90419    4.82858
9.90419    4.82858
9.92482    4.82858
9.94546    4.84744
9.94546    4.8663
9.96609    4.84744
9.98672    4.88517
9.98672    4.88517
9.98672    4.88517
10.0074    4.90403
10.028    4.90403
10.028    4.92289
10.028    4.94175
10.028    4.94175
10.0486    4.96061
10.0693    4.99834
10.0693    5.0172
10.0693    5.0172
10.0693    5.03606
10.0899    5.05492
10.1105    5.05492
10.1105    5.07378
10.1105    5.09264
10.1105    5.09264
10.1312    5.09264
10.1518    5.09264
10.1518    5.11151
10.1724    5.13037
10.1931    5.11151
10.1931    5.13037
10.1931    5.11151
10.2137    5.13037
10.255    5.13037
10.255    5.13037
10.2756    5.13037
10.2756    5.13037
10.2962    5.13037
10.3169    5.13037
10.3169    5.13037
10.3375    5.13037
10.3581    5.11151
10.3788    5.13037
10.3994    5.11151
10.3994    5.13037
10.3994    5.11151
10.42    5.13037
10.4613    5.11151
10.4613    5.13037
10.4613    5.11151
10.4819    5.13037
10.4613    5.11151
10.5026    5.13037
10.5026    5.11151
10.5026    5.13037
10.5232    5.11151
10.5026    5.13037
10.5232    5.11151
10.5232    5.13037
10.5232    5.11151
10.5232    5.13037
10.5232    5.11151
10.5232    5.13037
10.5232    5.11151
10.5232    5.13037
10.5232    5.11151
10.5232    5.13037
10.5232    5.11151
10.5438    5.13037
10.5438    5.11151
10.5645    5.13037
10.5438    5.11151
10.5645    5.13037
10.5438    5.11151
10.5645    5.13037
10.5438    5.13037
10.5645    5.13037
10.5438    5.13037
10.5645    5.13037
10.5438    5.13037
10.5645    5.14923
10.5438    5.16809
10.5645    5.14923
10.5438    5.16809
10.5645    5.16809
10.5438    5.16809
10.5645    5.16809
10.5438    5.16809
10.5645    5.16809
10.5438    5.16809
10.5645    5.16809
10.5438    5.16809
10.5645    5.16809
10.5438    5.16809
10.5645    5.16809
10.5438    5.16809
10.5645    5.16809
10.5438    5.16809
10.5645    5.16809
10.5438    5.16809
10.5645    5.16809
10.5438    5.18695
10.5645    5.20581
10.5438    5.18695
10.5645    5.20581
10.5438    5.18695
10.5645    5.20581
10.5438    5.20581
10.5645    5.20581
10.5645    5.22468
10.5645    5.24354
10.5645    5.24354
10.5645    5.2624
10.5645    5.28126
10.5645    5.28126
10.5645    5.28126
10.5645    5.30012
10.5645    5.33785
10.5645    5.35671
10.5645    5.35671
10.5645    5.35671
10.5645    5.37557
10.5645    5.41329
10.5645    5.41329
10.5645    5.43215
10.5645    5.41329
10.5645    5.43215
10.5645    5.43215
10.5645    5.43215
10.5645    5.45102
10.5645    5.46988
10.5645    5.45102
10.5645    5.46988
10.5645    5.45102
10.5645    5.46988
10.5645    5.46988
10.5645    5.46988
10.5438    5.46988
10.5645    5.46988
10.5438    5.48874
10.5645    5.5076
10.5438    5.48874
10.5645    5.5076
10.5438    5.5076
10.5645    5.5076
10.5438    5.5076
10.5645    5.5076
10.5438    5.5076
10.5645    5.5076
10.5438    5.5076
10.5645    5.5076
10.5438    5.5076
10.5645    5.5076
10.5645    5.5076
10.5645    5.52646
10.5645    5.52646
10.5645    5.52646
10.5851    5.52646
10.6057    5.52646
10.6057    5.52646
10.6057    5.52646
10.6057    5.52646
10.6264    5.52646
10.647    5.52646
10.647    5.52646
10.647    5.52646
10.6676    5.52646
10.7089    5.52646
10.7089    5.52646
10.7295    5.52646
10.7295    5.52646
10.7295    5.52646
10.7502    5.54532
10.7914    5.52646
10.7914    5.54532
10.8121    5.52646
10.7914    5.54532
10.8327    5.52646
10.8327    5.56419
10.8533    5.56419
10.8327    5.56419
10.8533    5.56419
10.8533    5.56419
10.8533    5.56419
10.874    5.56419
10.8946    5.56419
10.874    5.56419
10.8946    5.56419
10.8946    5.56419
10.8946    5.56419
10.8946    5.56419
10.8946    5.56419
10.8946    5.56419
10.8946    5.56419
10.8946    5.56419
10.8946    5.56419
10.8946    5.56419
10.8946    5.56419
10.8946    5.56419
10.8946    5.56419
10.8946    5.56419
10.8946    5.58305
10.8946    5.56419
10.8946    5.58305
10.8946    5.58305
10.8946    5.58305
10.8946    5.60191
10.8946    5.62077
10.8946    5.62077
10.8946    5.63963
10.8946    5.65849
10.8946    5.65849
10.8946    5.67736
10.8946    5.69622
10.8946    5.69622
10.8946    5.71508
10.8946    5.73394
10.8946    5.73394
10.8946    5.7528
10.8946    5.77166
10.8946    5.77166
10.874    5.77166
10.8946    5.79053
10.874    5.82825
10.8946    5.82825
10.874    5.84711
10.8946    5.82825
10.874    5.86597
10.8946    5.86597
10.874    5.88483
10.8946    5.86597
10.874    5.88483
10.8946    5.88483
10.8946    5.88483
10.8946    5.9037
10.8946    5.92256
10.9152    5.9037
10.9359    5.92256
10.9359    5.92256
10.9359    5.92256
10.9565    5.92256
10.9771    5.92256
10.9771    5.92256
10.9978    5.92256
11.0184    5.92256
11.0184    5.92256
11.039    5.92256
11.0803    5.94142
11.1009    5.96028
11.0803    5.94142
11.1216    5.96028
11.1216    5.94142
11.1422    5.96028
11.1422    5.96028
11.1422    5.96028
11.1422    5.96028
11.1628    5.96028
11.1835    5.96028
11.1628    5.96028
11.1835    5.96028
11.1835    5.96028
11.1835    5.96028
11.1835    5.96028
11.2041    5.96028
11.2247    5.96028
11.2041    5.96028
11.2247    5.96028
11.2247    5.96028
11.2247    5.96028
11.2247    5.96028
11.2247    5.96028
11.2247    5.96028
11.2247    5.96028
11.2454    5.96028
11.266    5.96028
11.2454    5.96028
11.266    5.97914
11.266    5.998
11.266    5.998
11.266    5.998
11.266    5.998
11.2866    6.01687
11.2866    6.03573
11.2866    6.01687
11.2866    6.03573
11.2866    6.03573
11.266    6.03573
11.2454    6.07345
11.266    6.09231
11.2454    6.11117
11.266    6.09231
11.2454    6.13004
11.2454    6.1489
11.2454    6.1489
11.2454    6.1489
11.2454    6.16776
11.2454    6.18662
11.2454    6.20548
11.2454    6.22434
11.2247    6.20548
11.2041    6.22434
11.2247    6.22434
11.2041    6.22434
11.2247    6.2432
11.2041    6.26207
11.2247    6.2432
11.2041    6.26207
11.2247    6.26207
11.2247    6.26207
11.2247    6.26207
11.2454    6.28093
11.266    6.29979
11.266    6.29979
11.2866    6.29979
11.3279    6.29979
11.3279    6.29979
11.3485    6.29979
11.3692    6.29979
11.4105    6.29979
11.4311    6.31865
11.4311    6.33751
11.4311    6.31865
11.4517    6.33751
11.493    6.33751
11.493    6.33751
11.5136    6.33751
11.5136    6.35637
11.5136    6.37524
11.5343    6.37524
11.5549    6.37524
11.5343    6.37524
11.5549    6.37524
11.5549    6.3941
11.5343    6.43182
11.5549    6.43182
11.5343    6.43182
11.5549    6.45068
11.5343    6.45068
11.5343    6.46954
11.5343    6.48841
11.5343    6.48841
11.5136    6.48841
11.493    6.50727
11.493    6.54499
11.493    6.54499
11.493    6.56385
11.493    6.56385
11.5136    6.60158
11.493    6.60158
11.5136    6.62044
11.5136    6.65816
11.5343    6.65816
11.5755    6.69588
11.5962    6.69588
11.5962    6.71475
11.6168    6.71475
11.6581    6.71475
11.72    6.73361
11.7406    6.77133
11.7819    6.77133
11.8025    6.79019
11.8231    6.77133
11.885    6.82792
11.9057    6.80905
11.9469    6.84678
11.9676    6.86564
11.9882    6.86564
12.0501    6.8845
12.0707    6.92222
12.112    6.92222
12.1533    6.94109
12.1739    6.94109
12.2152    6.95995
12.2564    6.99767
12.2977    7.01653
12.3183    7.01653
12.3802    7.01653
12.4421    7.01653
12.4834    7.01653
12.5247    7.01653
12.5659    7.01653
12.5866    6.99767
12.6485    6.99767
12.6897    6.99767
12.731    6.97881
12.7516    6.94109
12.7723    6.92222
12.8342    6.92222
