5.57111    6.2432
5.59174    6.22434
5.61237    6.18662
5.63301    6.16776
5.63301    6.13004
5.65364    6.11117
5.67427    6.09231
5.69491    6.03573
5.71554    6.01687
5.73618    5.998
5.75681    5.97914
5.77744    5.96028
5.79808    5.92256
5.81871    5.9037
5.83934    5.9037
5.85998    5.88483
5.88061    5.86597
5.92188    5.84711
5.94251    5.84711
5.96315    5.84711
5.98378    5.82825
6.00441    5.82825
6.04568    5.80939
6.06632    5.80939
6.08695    5.80939
6.10758    5.79053
6.12822    5.77166
6.14885    5.7528
6.16948    5.73394
6.19012    5.71508
6.21075    5.69622
6.23139    5.67736
6.25202    5.63963
6.27265    5.62077
6.29329    5.60191
6.31392    5.58305
6.33455    5.56419
6.37582    5.54532
6.39646    5.52646
6.41709    5.5076
6.43772    5.5076
6.45836    5.48874
6.52026    5.48874
6.54089    5.46988
6.56153    5.46988
6.60279    5.46988
6.62343    5.46988
6.68533    5.45102
6.70596    5.45102
6.74723    5.45102
6.76786    5.45102
6.80913    5.43215
6.87103    5.41329
6.9123    5.41329
6.93293    5.39443
6.9742    5.39443
7.01547    5.37557
7.07737    5.35671
7.11864    5.33785
7.13927    5.33785
7.18054    5.33785
7.20117    5.33785
7.26307    5.33785
7.30434    5.33785
7.32497    5.33785
7.36624    5.33785
7.38687    5.33785
7.44878    5.33785
7.46941    5.35671
7.51068    5.35671
7.53131    5.35671
7.55194    5.35671
7.59321    5.35671
7.61385    5.35671
7.63448    5.35671
7.65511    5.35671
7.67575    5.35671
7.71701    5.35671
7.75828    5.35671
7.77892    5.35671
7.79955    5.35671
7.82018    5.35671
7.86145    5.37557
7.88208    5.37557
7.90272    5.39443
7.92335    5.39443
7.96462    5.41329
8.00589    5.43215
8.02652    5.43215
8.04715    5.45102
8.08842    5.45102
8.10905    5.46988
8.15032    5.46988
8.19159    5.48874
8.21222    5.48874
8.23286    5.48874
8.27412    5.48874
8.33603    5.48874
8.35666    5.48874
8.39793    5.48874
8.41856    5.48874
8.45983    5.48874
8.52173    5.48874
8.563    5.48874
8.58363    5.48874
8.6249    5.48874
8.64553    5.48874
8.70743    5.48874
8.72807    5.5076
8.7487    5.5076
8.78997    5.5076
8.8106    5.52646
8.8725    5.54532
8.89314    5.56419
8.91377    5.56419
8.9344    5.58305
8.95504    5.60191
9.01694    5.62077
9.03757    5.63963
9.05821    5.63963
9.07884    5.65849
9.09947    5.65849
9.16137    5.67736
9.18201    5.67736
9.20264    5.67736
9.22328    5.67736
9.26454    5.67736
9.30581    5.67736
9.32644    5.67736
9.36771    5.67736
9.38835    5.67736
9.40898    5.67736
9.45025    5.67736
9.47088    5.67736
9.49151    5.67736
9.51215    5.67736
9.53278    5.69622
9.57405    5.69622
9.59468    5.69622
9.59468    5.71508
9.61532    5.73394
9.63595    5.73394
9.67722    5.7528
9.67722    5.7528
9.69785    5.77166
9.71849    5.77166
9.71849    5.77166
9.75975    5.77166
9.75975    5.77166
9.78039    5.77166
9.80102    5.77166
9.82165    5.77166
9.84229    5.7528
9.86292    5.7528
9.86292    5.73394
9.88356    5.73394
9.88356    5.71508
9.90419    5.69622
9.92482    5.69622
9.94546    5.67736
9.94546    5.67736
9.96609    5.65849
9.98672    5.63963
9.98672    5.63963
10.0074    5.63963
10.0074    5.63963
10.028    5.63963
10.0486    5.63963
10.0486    5.63963
10.0693    5.63963
10.0693    5.65849
10.0899    5.65849
10.1105    5.67736
10.1105    5.69622
10.1105    5.71508
10.1312    5.71508
10.1312    5.73394
10.1518    5.7528
10.1518    5.77166
10.1518    5.77166
10.1724    5.79053
10.1724    5.79053
10.1931    5.80939
10.1931    5.80939
10.2137    5.80939
10.2137    5.80939
10.2343    5.82825
10.255    5.82825
10.255    5.82825
10.2756    5.82825
10.2756    5.82825
10.2962    5.82825
10.3169    5.80939
10.3375    5.80939
10.3375    5.80939
10.3581    5.80939
10.3581    5.80939
10.3788    5.80939
10.3788    5.80939
10.3994    5.80939
10.3994    5.80939
10.3994    5.80939
10.42    5.80939
10.42    5.80939
10.42    5.80939
10.42    5.82825
10.42    5.82825
10.42    5.82825
10.42    5.84711
10.42    5.84711
10.42    5.84711
10.42    5.86597
10.42    5.86597
10.42    5.86597
10.42    5.88483
10.42    5.88483
10.42    5.88483
10.42    5.9037
10.42    5.9037
10.42    5.9037
10.42    5.9037
10.42    5.9037
10.4407    5.9037
10.4407    5.92256
10.4407    5.92256
10.4613    5.92256
10.4613    5.92256
10.4819    5.92256
10.5026    5.9037
10.5026    5.9037
10.5232    5.9037
10.5438    5.9037
10.5645    5.88483
10.5851    5.88483
10.5851    5.88483
10.6057    5.88483
10.6264    5.88483
10.647    5.86597
10.647    5.86597
10.6676    5.86597
10.6676    5.86597
10.6883    5.86597
10.7089    5.86597
10.7089    5.84711
10.7089    5.84711
10.7295    5.84711
10.7295    5.84711
10.7502    5.86597
10.7502    5.86597
10.7708    5.86597
10.7708    5.86597
10.7708    5.86597
10.7708    5.88483
10.7914    5.88483
10.7914    5.9037
10.7914    5.9037
10.7914    5.92256
10.7914    5.92256
10.7914    5.94142
10.7914    5.94142
10.7914    5.94142
10.7914    5.96028
10.8121    5.96028
10.8121    5.97914
10.8121    5.97914
10.8121    5.97914
10.8327    5.97914
10.8327    5.97914
10.8533    5.97914
10.8533    5.97914
10.8533    5.97914
10.874    5.97914
10.874    5.97914
10.8946    5.97914
10.8946    5.97914
10.9152    5.97914
10.9152    5.96028
10.9359    5.96028
10.9359    5.96028
10.9565    5.96028
10.9565    5.96028
10.9565    5.96028
10.9771    5.96028
10.9771    5.96028
10.9978    5.96028
10.9978    5.97914
10.9978    5.97914
11.0184    5.97914
11.0184    5.998
11.0184    5.998
11.0184    5.998
11.039    6.01687
11.039    6.01687
11.039    6.03573
11.039    6.03573
11.039    6.05459
11.039    6.05459
11.0597    6.05459
11.0597    6.07345
11.0597    6.07345
11.0803    6.07345
11.0803    6.07345
11.1009    6.07345
11.1009    6.07345
11.1216    6.07345
11.1216    6.07345
11.1422    6.07345
11.1628    6.07345
11.1628    6.07345
11.1835    6.07345
11.1835    6.07345
11.2041    6.07345
11.2247    6.07345
11.2247    6.07345
11.2454    6.07345
11.2454    6.07345
11.266    6.07345
11.266    6.07345
11.2866    6.07345
11.2866    6.07345
11.2866    6.09231
11.3073    6.09231
11.3073    6.09231
11.3073    6.11117
11.3073    6.11117
11.3073    6.13004
11.3073    6.13004
11.3279    6.1489
11.3279    6.16776
11.3279    6.16776
11.3279    6.18662
11.3279    6.18662
11.3279    6.20548
11.3279    6.22434
11.3279    6.22434
11.3279    6.22434
11.3485    6.22434
11.3485    6.2432
11.3692    6.2432
11.3692    6.2432
11.3692    6.26207
11.3692    6.26207
11.3898    6.26207
11.4105    6.26207
11.4105    6.26207
11.4311    6.26207
11.4311    6.26207
11.4517    6.26207
11.4724    6.26207
11.4724    6.26207
11.493    6.26207
11.5136    6.26207
11.5343    6.26207
11.5343    6.26207
11.5549    6.26207
11.5549    6.26207
11.5755    6.26207
11.5962    6.26207
11.5962    6.26207
11.6168    6.26207
11.6168    6.26207
11.6374    6.26207
11.6374    6.26207
11.6581    6.26207
11.6581    6.28093
11.6787    6.28093
11.6787    6.28093
11.6993    6.29979
11.6993    6.29979
11.6993    6.31865
11.72    6.31865
11.72    6.33751
11.72    6.35637
11.72    6.35637
11.72    6.37524
11.72    6.37524
11.72    6.3941
11.72    6.41296
11.72    6.41296
11.7406    6.43182
11.7406    6.43182
11.7406    6.43182
11.7406    6.45068
11.7612    6.45068
11.7612    6.46954
11.7612    6.46954
11.7819    6.48841
11.8025    6.48841
11.8025    6.50727
11.8231    6.50727
11.8438    6.50727
11.8438    6.50727
11.885    6.52613
11.9057    6.52613
11.9057    6.54499
11.9263    6.54499
11.9263    6.56385
11.9469    6.58271
11.9676    6.58271
11.9882    6.60158
11.9882    6.60158
12.0088    6.62044
12.0295    6.6393
12.0295    6.6393
12.0501    6.65816
12.0501    6.65816
12.0707    6.67702
12.0914    6.69588
12.112    6.69588
12.112    6.69588
12.1326    6.71475
12.1533    6.71475
12.1945    6.71475
12.2152    6.71475
12.2564    6.71475
12.2771    6.71475
12.3183    6.71475
12.3802    6.69588
12.4215    6.69588
12.4628    6.67702
12.504    6.67702
12.5247    6.65816
12.6072    6.65816
12.6278    6.65816
12.6691    6.6393
12.6897    6.6393
12.731    6.6393
12.7723    6.62044
12.7929    6.62044
12.8342    6.60158
12.8548    6.60158
12.8961    6.58271
