7.0361    9.77033
7.0361    9.77033
7.05673    9.75147
7.05673    9.73261
7.05673    9.71375
7.07737    9.71375
7.098    9.69489
7.098    9.65716
7.11864    9.6383
7.13927    9.61944
7.13927    9.60058
7.1599    9.58172
7.20117    9.56285
7.2218    9.56285
7.2218    9.56285
7.24244    9.54399
7.28371    9.54399
7.32497    9.54399
7.34561    9.52513
7.36624    9.52513
7.40751    9.52513
7.42814    9.52513
7.49004    9.54399
7.53131    9.54399
7.57258    9.54399
7.61385    9.54399
7.63448    9.54399
7.67575    9.54399
7.71701    9.54399
7.73765    9.54399
7.77892    9.54399
7.82018    9.52513
7.86145    9.50627
7.90272    9.48741
7.92335    9.48741
7.94398    9.46855
7.98525    9.44968
8.04715    9.43082
8.06779    9.41196
8.12969    9.3931
8.15032    9.37424
8.19159    9.35538
8.25349    9.35538
8.27412    9.33651
8.31539    9.33651
8.35666    9.33651
8.39793    9.33651
8.43919    9.33651
8.48046    9.31765
8.52173    9.31765
8.54236    9.31765
8.563    9.31765
8.64553    9.31765
8.6868    9.31765
8.72807    9.31765
8.76933    9.31765
8.8106    9.31765
8.8725    9.29879
8.89314    9.29879
8.9344    9.27993
8.95504    9.27993
8.97567    9.26107
9.03757    9.24221
9.05821    9.22335
9.09947    9.20448
9.12011    9.20448
9.14074    9.18562
9.20264    9.1479
9.22328    9.12904
9.26454    9.11018
9.30581    9.09131
9.32644    9.09131
9.36771    9.07245
9.40898    9.05359
9.45025    9.05359
9.47088    9.05359
9.51215    9.05359
9.57405    9.03473
9.59468    9.03473
9.63595    9.01587
9.67722    9.01587
9.71849    9.01587
9.78039    9.01587
9.80102    8.99701
9.84229    8.99701
9.88356    8.99701
9.92482    8.99701
10.028    9.11018
10.0486    9.09131
10.0693    9.09131
10.1105    9.07245
10.1312    9.05359
10.1724    9.01587
10.2137    8.99701
10.2343    8.97814
10.255    8.95928
10.2962    8.94042
10.3375    8.9027
10.3788    8.88384
10.3994    8.86497
10.42    8.84611
10.4407    8.82725
10.5026    8.78953
10.5232    8.78953
10.5645    8.77067
10.5851    8.77067
10.6057    8.7518
10.6676    8.73294
10.7089    8.73294
10.7295    8.71408
10.7708    8.71408
10.7914    8.69522
10.8533    8.67636
10.8946    8.67636
10.9152    8.6575
10.9565    8.6575
10.9771    8.63863
11.0184    8.61977
11.039    8.60091
11.0597    8.60091
11.0803    8.58205
11.1009    8.56319
11.1422    8.54433
11.1628    8.5066
11.1628    8.5066
11.1835    8.48774
11.2041    8.46888
11.2247    8.41229
11.2454    8.39343
11.266    8.37457
11.266    8.35571
11.2866    8.33685
11.3073    8.29912
11.3279    8.28026
11.3485    8.2614
11.3692    8.24254
11.3692    8.24254
11.4105    8.22368
11.4311    8.20482
11.4311    8.18595
11.4517    8.18595
11.4724    8.16709
11.5136    8.14823
11.5343    8.12937
11.5549    8.12937
11.5755    8.11051
11.5962    8.11051
11.6168    8.09165
11.6374    8.07278
11.6581    8.07278
11.6581    8.05392
11.6787    8.05392
11.6993    8.03506
11.6993    8.03506
11.72    8.0162
11.72    8.0162
11.72    8.0162
11.7406    7.99734
11.7406    7.99734
11.7406    7.97848
11.7406    7.97848
11.7406    7.95961
11.7406    7.94075
11.7406    7.94075
11.7406    7.92189
11.7406    7.92189
11.7406    7.90303
11.72    7.88417
11.72    7.86531
11.72    7.84644
11.6993    7.84644
11.6993    7.82758
11.6993    7.80872
11.6787    7.78986
11.6787    7.78986
11.6787    7.771
11.6787    7.75214
11.6787    7.73327
11.6787    7.73327
11.6787    7.71441
11.6787    7.71441
11.6787    7.69555
11.6787    7.69555
11.6993    7.67669
11.6993    7.67669
11.6993    7.67669
11.72    7.65783
11.7406    7.65783
11.7406    7.63897
11.7406    7.63897
11.7612    7.63897
11.7612    7.63897
11.7819    7.62011
11.7819    7.62011
11.8025    7.62011
11.8025    7.60124
11.8025    7.60124
11.8231    7.60124
11.8231    7.58238
11.8231    7.58238
11.8231    7.58238
11.8231    7.56352
11.8231    7.56352
11.8231    7.54466
11.8231    7.54466
11.8231    7.54466
11.8231    7.5258
11.8231    7.50694
11.8231    7.50694
11.8231    7.48807
11.72    7.60124
11.72    7.58238
11.72    7.54466
11.72    7.54466
11.72    7.5258
11.72    7.5258
11.72    7.5258
11.72    7.50694
11.72    7.48807
11.72    7.48807
11.72    7.48807
11.7406    7.46921
11.7406    7.43149
11.7612    7.43149
11.7612    7.41263
11.7612    7.41263
11.7819    7.41263
11.7819    7.39377
11.7819    7.3749
11.7819    7.39377
11.7819    7.35604
11.7819    7.35604
11.7819    7.33718
11.7819    7.33718
11.7819    7.33718
11.7819    7.31832
11.7819    7.29946
11.7819    7.2806
11.7819    7.26173
11.7819    7.26173
11.7819    7.26173
11.7819    7.24287
11.8025    7.20515
11.8025    7.20515
11.8231    7.20515
11.8644    7.18629
11.885    7.18629
11.9057    7.16743
11.9263    7.14856
11.9469    7.16743
11.9469    7.14856
11.9676    7.14856
12.0088    7.14856
12.0295    7.14856
12.0501    7.14856
12.0914    7.14856
12.112    7.14856
12.1533    7.14856
12.1739    7.14856
12.2152    7.16743
12.2358    7.14856
12.2564    7.16743
12.2977    7.14856
12.339    7.18629
12.3596    7.18629
12.4009    7.18629
12.4215    7.18629
12.4834    7.20515
12.5247    7.18629
12.5659    7.20515
12.5866    7.18629
12.6278    7.20515
12.6897    7.20515
12.731    7.22401
12.7723    7.24287
12.7929    7.24287
12.8135    7.24287
12.8754    7.26173
12.8961    7.2806
12.9373    7.2806
12.958    7.29946
