4.82829    6.8845
4.82829    6.8845
4.80766    6.8845
4.78702    6.8845
4.78702    6.8845
4.78702    6.8845
4.78702    6.8845
4.76639    6.8845
4.76639    6.8845
4.76639    6.8845
4.76639    6.8845
4.76639    6.8845
4.78702    6.8845
4.78702    6.8845
4.78702    6.86564
4.80766    6.84678
4.80766    6.86564
4.82829    6.84678
4.84893    6.84678
4.86956    6.84678
4.89019    6.82792
4.91083    6.80905
4.95209    6.80905
4.97273    6.80905
4.99336    6.79019
5.014    6.77133
5.03463    6.79019
5.0759    6.75247
5.11716    6.75247
5.1378    6.75247
5.15843    6.75247
5.17907    6.75247
5.24097    6.73361
5.28223    6.75247
5.30287    6.73361
5.34414    6.75247
5.36477    6.73361
5.42667    6.73361
5.4473    6.73361
5.46794    6.73361
5.50921    6.73361
5.52984    6.71475
5.57111    6.67702
5.61237    6.65816
5.63301    6.65816
5.65364    6.6393
5.69491    6.60158
5.73618    6.56385
5.75681    6.54499
5.77744    6.52613
5.81871    6.50727
5.83934    6.50727
5.88061    6.46954
5.92188    6.46954
5.94251    6.45068
5.98378    6.43182
6.00441    6.43182
6.08695    6.41296
6.10758    6.37524
6.14885    6.37524
6.19012    6.37524
6.23139    6.35637
6.31392    6.37524
6.35519    6.35637
6.39646    6.37524
6.41709    6.35637
6.45836    6.35637
6.52026    6.35637
6.56153    6.35637
6.60279    6.35637
6.62343    6.33751
6.66469    6.31865
6.74723    6.31865
6.7885    6.31865
6.82976    6.29979
6.8504    6.28093
6.89166    6.28093
6.9742    6.26207
7.01547    6.22434
7.05673    6.22434
7.07737    6.20548
7.11864    6.20548
7.18054    6.20548
7.2218    6.18662
7.26307    6.16776
7.28371    6.18662
7.32497    6.1489
7.38687    6.1489
7.42814    6.13004
7.46941    6.1489
7.51068    6.13004
7.55194    6.1489
7.61385    6.13004
7.65511    6.1489
7.67575    6.13004
7.71701    6.1489
7.73765    6.13004
7.79955    6.1489
7.84082    6.13004
7.88208    6.13004
7.92335    6.13004
7.96462    6.13004
8.02652    6.11117
8.06779    6.09231
8.10905    6.09231
8.15032    6.09231
8.19159    6.07345
8.25349    6.05459
8.29476    6.07345
8.31539    6.05459
8.35666    6.07345
8.37729    6.05459
8.45983    6.07345
8.5011    6.05459
8.52173    6.07345
8.563    6.07345
8.58363    6.07345
8.66617    6.09231
8.6868    6.13004
8.72807    6.13004
8.7487    6.13004
8.78997    6.1489
8.85187    6.13004
8.8725    6.1489
8.91377    6.13004
8.9344    6.1489
8.95504    6.1489
9.01694    6.1489
9.05821    6.13004
9.07884    6.1489
9.12011    6.13004
9.14074    6.1489
9.18201    6.13004
9.22328    6.1489
9.24391    6.1489
9.26454    6.1489
9.28518    6.16776
9.32644    6.18662
9.34708    6.18662
9.36771    6.18662
9.38835    6.20548
9.40898    6.22434
9.45025    6.2432
9.47088    6.26207
9.49151    6.26207
9.49151    6.26207
9.51215    6.28093
9.55342    6.29979
9.57405    6.29979
9.59468    6.29979
9.61532    6.31865
9.63595    6.33751
9.65658    6.31865
9.67722    6.33751
9.69785    6.31865
9.71849    6.33751
9.73912    6.31865
9.78039    6.33751
9.80102    6.31865
9.82165    6.33751
9.84229    6.31865
9.84229    6.33751
9.88356    6.31865
9.90419    6.33751
9.90419    6.33751
9.92482    6.33751
9.94546    6.33751
9.96609    6.33751
9.96609    6.35637
9.96609    6.37524
9.98672    6.37524
9.98672    6.37524
10.0074    6.3941
10.028    6.41296
10.028    6.41296
10.0486    6.41296
10.0486    6.41296
10.0693    6.43182
10.0899    6.45068
10.0899    6.43182
10.1105    6.45068
10.1105    6.43182
10.1312    6.43182
10.1518    6.43182
10.1724    6.41296
10.1724    6.3941
10.1931    6.3941
10.2137    6.37524
10.2343    6.35637
10.2343    6.37524
10.255    6.33751
10.255    6.33751
10.2756    6.31865
10.2962    6.33751
10.2962    6.31865
10.3169    6.31865
10.3169    6.31865
10.3375    6.31865
10.3375    6.31865
10.3375    6.31865
10.3375    6.31865
10.3375    6.31865
10.3375    6.31865
10.3375    6.31865
10.3375    6.31865
10.3375    6.31865
10.3375    6.33751
10.3375    6.31865
10.3375    6.33751
10.3375    6.33751
10.3169    6.33751
10.3169    6.33751
10.3169    6.35637
10.3169    6.37524
10.3169    6.37524
10.3169    6.37524
10.3169    6.37524
10.3169    6.3941
10.3169    6.41296
10.3169    6.3941
10.3169    6.41296
10.3169    6.41296
10.3169    6.41296
10.3169    6.41296
10.3169    6.41296
10.3375    6.3941
10.3375    6.41296
10.3375    6.3941
10.3581    6.3941
10.3581    6.3941
10.3581    6.3941
10.3788    6.3941
10.3994    6.37524
10.3994    6.35637
10.3994    6.37524
10.42    6.35637
10.42    6.35637
10.4407    6.35637
10.4407    6.35637
10.4407    6.35637
10.4407    6.35637
10.4613    6.35637
10.4613    6.35637
10.4613    6.35637
10.4613    6.35637
10.4613    6.37524
10.4613    6.35637
10.4613    6.37524
10.4613    6.37524
10.4613    6.37524
10.4613    6.37524
10.4613    6.3941
10.4613    6.41296
10.4613    6.41296
10.4613    6.41296
10.4613    6.43182
10.4613    6.45068
10.4613    6.45068
10.4613    6.45068
10.4613    6.46954
10.4613    6.48841
10.4613    6.46954
10.4613    6.50727
10.4819    6.50727
10.4819    6.50727
10.4819    6.50727
10.4819    6.50727
10.5026    6.50727
10.5026    6.50727
10.5232    6.50727
10.5232    6.48841
10.5232    6.46954
10.5438    6.46954
10.5438    6.46954
10.5645    6.46954
10.5645    6.46954
10.5645    6.45068
10.5851    6.43182
10.5851    6.43182
10.6057    6.43182
10.6057    6.43182
10.6057    6.43182
10.6264    6.41296
10.6264    6.3941
10.647    6.41296
10.647    6.3941
10.647    6.41296
10.6676    6.3941
10.6676    6.41296
10.6676    6.41296
10.6676    6.41296
10.6676    6.41296
10.6883    6.43182
10.6883    6.45068
10.6883    6.45068
10.6883    6.45068
10.6883    6.46954
10.7089    6.48841
10.7089    6.48841
10.7089    6.48841
10.7089    6.50727
10.7089    6.52613
10.7295    6.52613
10.7295    6.52613
10.7295    6.52613
10.7295    6.52613
10.7502    6.54499
10.7502    6.56385
10.7502    6.54499
10.7502    6.56385
10.7708    6.54499
10.7708    6.56385
10.7708    6.54499
10.7914    6.54499
10.7914    6.54499
10.7914    6.54499
10.8121    6.52613
10.8121    6.50727
10.8327    6.50727
10.8327    6.50727
10.8327    6.50727
10.8533    6.48841
10.8533    6.46954
10.8533    6.46954
10.874    6.46954
10.874    6.46954
10.874    6.46954
10.8946    6.46954
10.8946    6.46954
10.8946    6.46954
10.8946    6.46954
10.9152    6.46954
10.9152    6.46954
10.9152    6.48841
10.9152    6.46954
10.9152    6.48841
10.9152    6.48841
10.9359    6.50727
10.9359    6.52613
10.9359    6.52613
10.9359    6.52613
10.9359    6.54499
10.9565    6.58271
10.9565    6.60158
10.9771    6.60158
10.9771    6.60158
10.9978    6.62044
10.9978    6.6393
10.9978    6.6393
10.9978    6.6393
11.0184    6.6393
11.0184    6.6393
11.0184    6.6393
11.0184    6.6393
11.0184    6.6393
11.0184    6.6393
11.0184    6.6393
11.039    6.6393
11.039    6.6393
11.039    6.62044
11.039    6.6393
11.039    6.62044
11.0597    6.62044
11.0597    6.62044
11.0597    6.62044
11.0597    6.62044
11.0597    6.6393
11.0803    6.6393
11.0803    6.6393
11.0803    6.65816
11.0803    6.69588
11.0803    6.71475
11.1009    6.73361
11.1009    6.77133
11.1009    6.79019
11.1009    6.79019
11.1009    6.80905
11.1216    6.84678
11.1216    6.84678
11.1216    6.86564
11.1216    6.84678
11.1216    6.86564
11.1216    6.84678
11.1422    6.86564
11.1422    6.84678
11.1422    6.86564
11.1422    6.84678
11.1422    6.86564
11.1422    6.84678
11.1422    6.84678
11.1422    6.84678
11.1422    6.84678
11.1422    6.84678
11.1422    6.84678
11.1422    6.82792
11.1422    6.80905
11.1628    6.82792
11.1628    6.80905
11.1628    6.82792
11.1628    6.80905
11.1628    6.82792
11.1628    6.80905
11.1628    6.80905
11.1628    6.80905
11.1628    6.80905
11.1628    6.80905
11.1628    6.80905
11.1628    6.80905
11.1628    6.80905
11.1628    6.80905
11.1628    6.80905
11.1628    6.80905
11.1835    6.82792
11.1835    6.80905
11.1835    6.82792
11.1835    6.82792
11.1835    6.82792
11.2041    6.84678
11.2041    6.8845
11.2041    6.8845
11.2247    6.90336
11.2247    6.8845
11.2454    6.92222
11.2454    6.92222
11.2454    6.94109
11.266    6.92222
11.266    6.94109
11.2866    6.94109
11.3073    6.94109
11.3279    6.94109
11.3279    6.94109
11.3485    6.94109
11.3898    6.94109
11.4105    6.92222
11.4311    6.94109
11.4311    6.92222
11.4517    6.92222
11.4724    6.92222
11.493    6.92222
11.493    6.94109
11.493    6.92222
11.5136    6.94109
11.5136    6.94109
11.5136    6.95995
11.5136    6.97881
11.5136    6.97881
11.5343    6.99767
11.5343    7.03539
11.5343    7.05426
11.5549    7.05426
11.5549    7.05426
11.5549    7.05426
11.5549    7.07312
11.5549    7.09198
11.5549    7.07312
11.5343    7.09198
11.5343    7.07312
11.5343    7.07312
11.5136    7.07312
11.5136    7.07312
11.5343    7.07312
11.5343    7.07312
11.5549    7.07312
11.5755    7.07312
11.5962    7.07312
11.6374    7.07312
11.6581    7.07312
11.72    7.09198
11.7612    7.07312
11.8025    7.09198
11.8438    7.09198
11.885    7.11084
11.9676    7.14856
12.0088    7.14856
12.0501    7.16743
12.112    7.14856
12.1533    7.16743
12.2358    7.14856
12.2771    7.14856
12.339    7.1297
12.3802    7.11084
12.4215    7.11084
12.504    7.07312
12.5659    7.05426
12.6072    7.01653
12.6485    7.01653
12.6897    6.99767
12.7723    6.97881
12.8135    6.94109
12.8548    6.92222
12.8961    6.92222
12.958    6.90336
