5.73618    7.07312
5.73618    7.05426
5.71554    7.03539
5.71554    7.01653
5.69491    6.99767
5.69491    6.97881
5.69491    6.97881
5.69491    6.95995
5.69491    6.94109
5.69491    6.94109
5.71554    6.92222
5.71554    6.92222
5.73618    6.90336
5.75681    6.8845
5.77744    6.8845
5.79808    6.8845
5.81871    6.86564
5.88061    6.86564
5.90125    6.86564
5.92188    6.84678
5.94251    6.84678
5.96315    6.82792
6.02505    6.80905
6.04568    6.79019
6.06632    6.79019
6.10758    6.77133
6.12822    6.75247
6.19012    6.71475
6.21075    6.69588
6.23139    6.67702
6.25202    6.65816
6.27265    6.6393
6.31392    6.62044
6.33455    6.62044
6.37582    6.60158
6.39646    6.60158
6.41709    6.60158
6.47899    6.58271
6.49962    6.58271
6.52026    6.58271
6.54089    6.58271
6.56153    6.58271
6.62343    6.60158
6.64406    6.60158
6.66469    6.60158
6.68533    6.60158
6.70596    6.60158
6.76786    6.58271
6.7885    6.58271
6.80913    6.58271
6.82976    6.58271
6.8504    6.58271
6.9123    6.56385
6.93293    6.56385
6.95357    6.54499
6.99483    6.54499
7.01547    6.52613
7.07737    6.50727
7.098    6.50727
7.13927    6.48841
7.1599    6.48841
7.18054    6.46954
7.24244    6.45068
7.28371    6.43182
7.30434    6.43182
7.34561    6.43182
7.36624    6.41296
7.42814    6.41296
7.46941    6.41296
7.49004    6.41296
7.53131    6.41296
7.55194    6.3941
7.61385    6.3941
7.65511    6.3941
7.69638    6.3941
7.71701    6.3941
7.75828    6.41296
7.82018    6.41296
7.84082    6.41296
7.86145    6.41296
7.90272    6.41296
7.92335    6.41296
7.98525    6.41296
8.02652    6.3941
8.04715    6.3941
8.08842    6.3941
8.10905    6.37524
8.17096    6.37524
8.21222    6.35637
8.25349    6.35637
8.27412    6.33751
8.31539    6.33751
8.37729    6.31865
8.39793    6.29979
8.43919    6.29979
8.45983    6.29979
8.5011    6.29979
8.563    6.29979
8.60426    6.29979
8.6249    6.29979
8.66617    6.29979
8.70743    6.29979
8.76933    6.29979
8.8106    6.29979
8.85187    6.29979
8.89314    6.31865
8.9344    6.31865
8.99631    6.33751
9.01694    6.33751
9.05821    6.33751
9.07884    6.33751
9.12011    6.33751
9.18201    6.33751
9.22328    6.33751
9.26454    6.33751
9.28518    6.31865
9.32644    6.31865
9.38835    6.29979
9.42961    6.29979
9.47088    6.29979
9.49151    6.28093
9.53278    6.28093
9.59468    6.26207
9.61532    6.26207
9.65658    6.26207
9.67722    6.26207
9.69785    6.26207
9.75975    6.28093
9.78039    6.28093
9.80102    6.28093
9.82165    6.28093
9.84229    6.28093
9.88356    6.29979
9.92482    6.31865
9.94546    6.31865
9.96609    6.33751
9.98672    6.35637
10.028    6.37524
10.0486    6.37524
10.0693    6.3941
10.0693    6.3941
10.0899    6.3941
10.1105    6.41296
10.1312    6.41296
10.1518    6.41296
10.1724    6.43182
10.1931    6.43182
10.2137    6.43182
10.2343    6.43182
10.2343    6.41296
10.255    6.41296
10.255    6.41296
10.2962    6.41296
10.2962    6.3941
10.3169    6.3941
10.3375    6.3941
10.3581    6.37524
10.3788    6.37524
10.3994    6.37524
10.42    6.37524
10.4407    6.37524
10.4407    6.37524
10.4613    6.37524
10.4819    6.37524
10.4819    6.37524
10.5026    6.37524
10.5026    6.3941
10.5026    6.3941
10.5026    6.41296
10.5232    6.41296
10.5232    6.41296
10.5232    6.43182
10.5232    6.45068
10.5232    6.45068
10.5232    6.46954
10.5232    6.46954
10.5232    6.48841
10.5438    6.50727
10.5438    6.50727
10.5438    6.50727
10.5438    6.52613
10.5438    6.52613
10.5438    6.54499
10.5438    6.54499
10.5438    6.54499
10.5438    6.54499
10.5645    6.56385
10.5645    6.56385
10.5645    6.56385
10.5645    6.56385
10.5645    6.56385
10.5645    6.56385
10.5645    6.56385
10.5645    6.56385
10.5645    6.54499
10.5645    6.54499
10.5645    6.54499
10.5645    6.52613
10.5645    6.52613
10.5851    6.52613
10.5851    6.52613
10.5851    6.50727
10.5851    6.50727
10.5851    6.48841
10.5851    6.48841
10.5851    6.48841
10.6057    6.46954
10.6057    6.46954
10.6057    6.45068
10.6057    6.45068
10.6264    6.45068
10.6264    6.45068
10.6264    6.43182
10.6264    6.43182
10.647    6.43182
10.647    6.43182
10.647    6.41296
10.647    6.41296
10.6676    6.41296
10.6676    6.41296
10.6676    6.41296
10.6676    6.41296
10.6676    6.41296
10.6883    6.41296
10.6883    6.41296
10.6883    6.41296
10.6883    6.41296
10.7089    6.43182
10.7089    6.43182
10.7089    6.43182
10.7089    6.43182
10.7295    6.43182
10.7295    6.45068
10.7295    6.45068
10.7295    6.45068
10.7295    6.45068
10.7502    6.46954
10.7502    6.48841
10.7502    6.48841
10.7502    6.50727
10.7502    6.50727
10.7502    6.50727
10.7708    6.52613
10.7708    6.52613
10.7708    6.54499
10.7708    6.54499
10.7708    6.54499
10.7914    6.56385
10.7914    6.56385
10.7914    6.56385
10.7914    6.56385
10.7914    6.56385
10.7914    6.56385
10.8121    6.56385
10.8121    6.54499
10.8121    6.54499
10.8121    6.54499
10.8121    6.52613
10.8327    6.52613
10.8327    6.52613
10.8327    6.50727
10.8327    6.50727
10.8533    6.50727
10.8533    6.48841
10.8533    6.48841
10.874    6.48841
10.874    6.48841
10.874    6.48841
10.8946    6.46954
10.8946    6.46954
10.8946    6.46954
10.9152    6.46954
10.9152    6.45068
10.9359    6.45068
10.9359    6.45068
10.9359    6.45068
10.9565    6.45068
10.9565    6.45068
10.9565    6.45068
10.9771    6.45068
10.9771    6.45068
10.9771    6.45068
10.9978    6.45068
10.9978    6.45068
11.0184    6.45068
11.0184    6.46954
11.039    6.46954
11.039    6.48841
11.0597    6.48841
11.0597    6.50727
11.0597    6.50727
11.0803    6.52613
11.0803    6.54499
11.1009    6.58271
11.1009    6.60158
11.1216    6.62044
11.1216    6.6393
11.1422    6.65816
11.1628    6.67702
11.1628    6.67702
11.1835    6.69588
11.1835    6.69588
11.1835    6.69588
11.2041    6.71475
11.2041    6.71475
11.2041    6.71475
11.2041    6.71475
11.2247    6.71475
11.2247    6.71475
11.2247    6.71475
11.2247    6.69588
11.2247    6.69588
11.2247    6.67702
11.2247    6.67702
11.2454    6.67702
11.2454    6.67702
11.2454    6.65816
11.2454    6.65816
11.266    6.65816
11.266    6.65816
11.266    6.65816
11.266    6.65816
11.2866    6.6393
11.2866    6.6393
11.2866    6.65816
11.2866    6.65816
11.3073    6.65816
11.3073    6.67702
11.3073    6.67702
11.3279    6.67702
11.3279    6.69588
11.3279    6.69588
11.3485    6.71475
11.3485    6.71475
11.3485    6.73361
11.3692    6.73361
11.3692    6.73361
11.3898    6.75247
11.3898    6.75247
11.3898    6.75247
11.4105    6.77133
11.4105    6.77133
11.4311    6.77133
11.4311    6.77133
11.4311    6.79019
11.4517    6.79019
11.4517    6.79019
11.4517    6.79019
11.4724    6.79019
11.4724    6.79019
11.4724    6.79019
11.4724    6.79019
11.493    6.80905
11.493    6.80905
11.5136    6.80905
11.5136    6.80905
11.5136    6.80905
11.5343    6.80905
11.5343    6.80905
11.5343    6.80905
11.5343    6.80905
11.5549    6.80905
11.5755    6.80905
11.5755    6.80905
11.5755    6.80905
11.5962    6.80905
11.5962    6.80905
11.6168    6.80905
11.6374    6.80905
11.6374    6.79019
11.6581    6.79019
11.6581    6.79019
11.6787    6.77133
11.6993    6.75247
11.72    6.75247
11.72    6.75247
11.7406    6.75247
11.7612    6.75247
11.7819    6.75247
11.8025    6.75247
11.8231    6.75247
11.8438    6.75247
11.885    6.77133
11.9263    6.79019
11.9469    6.79019
11.9676    6.80905
12.0088    6.82792
12.0707    6.86564
12.112    6.8845
12.1326    6.90336
12.1739    6.92222
12.1945    6.94109
12.2564    6.95995
12.2771    6.95995
12.3183    6.97881
12.339    6.97881
12.3802    6.99767
12.4215    6.99767
12.4628    6.99767
12.504    6.99767
12.5453    6.99767
12.5659    6.99767
12.6485    6.99767
12.6897    6.99767
12.731    6.99767
12.7723    6.99767
