6.35519    6.99767
6.35519    7.01653
6.33455    7.01653
6.33455    7.03539
6.33455    7.05426
6.31392    7.03539
6.29329    7.05426
6.33455    7.07312
6.33455    7.09198
6.33455    7.07312
6.35519    7.07312
6.35519    7.07312
6.35519    7.07312
6.35519    7.07312
6.35519    7.07312
6.37582    7.07312
6.39646    7.07312
6.39646    7.05426
6.39646    7.03539
6.41709    7.03539
6.43772    7.03539
6.43772    7.03539
6.45836    7.01653
6.49962    6.99767
6.52026    6.99767
6.52026    6.99767
6.52026    6.99767
6.54089    6.97881
6.56153    6.95995
6.56153    6.95995
6.56153    6.95995
6.58216    6.95995
6.60279    6.95995
6.60279    6.95995
6.60279    6.95995
6.60279    6.95995
6.62343    6.95995
6.66469    6.95995
6.66469    6.95995
6.68533    6.95995
6.68533    6.97881
6.68533    6.95995
6.7266    6.99767
6.74723    6.99767
6.7885    7.01653
6.80913    6.99767
6.80913    7.03539
6.82976    7.05426
6.87103    7.05426
6.89166    7.05426
6.66469    7.16743
6.68533    7.18629
6.7266    7.22401
6.74723    7.24287
6.76786    7.22401
6.80913    7.24287
6.82976    7.24287
6.89166    7.26173
6.9123    7.2806
6.95357    7.26173
6.99483    7.2806
7.01547    7.26173
7.07737    7.26173
7.11864    7.26173
7.13927    7.26173
7.18054    7.26173
7.20117    7.26173
7.26307    7.26173
7.30434    7.26173
7.32497    7.26173
7.36624    7.26173
7.38687    7.26173
7.44878    7.26173
7.49004    7.26173
7.53131    7.26173
7.57258    7.26173
7.61385    7.26173
7.67575    7.2806
7.71701    7.26173
7.75828    7.2806
7.79955    7.2806
7.82018    7.2806
7.90272    7.2806
7.92335    7.2806
7.96462    7.29946
8.00589    7.31832
8.04715    7.29946
8.10905    7.31832
8.15032    7.31832
8.19159    7.31832
8.23286    7.31832
8.27412    7.31832
8.33603    7.31832
8.37729    7.31832
8.41856    7.31832
8.43919    7.31832
8.48046    7.33718
8.54236    7.35604
8.58363    7.33718
8.6249    7.35604
8.64553    7.35604
8.6868    7.35604
8.76933    7.35604
8.78997    7.3749
8.83124    7.39377
8.8725    7.3749
8.89314    7.39377
8.95504    7.39377
8.99631    7.39377
9.01694    7.39377
9.05821    7.39377
9.07884    7.39377
9.14074    7.41263
9.18201    7.41263
9.20264    7.41263
9.22328    7.41263
9.26454    7.41263
9.30581    7.41263
9.32644    7.41263
9.34708    7.41263
9.36771    7.41263
9.40898    7.41263
9.45025    7.41263
9.47088    7.41263
9.49151    7.41263
9.51215    7.41263
9.53278    7.41263
9.57405    7.43149
9.57405    7.43149
9.59468    7.43149
9.61532    7.45035
9.61532    7.46921
9.65658    7.46921
9.65658    7.46921
9.67722    7.48807
9.69785    7.50694
9.69785    7.50694
9.71849    7.50694
9.73912    7.50694
9.73912    7.5258
9.75975    7.54466
9.75975    7.5258
9.78039    7.54466
9.80102    7.54466
9.82165    7.54466
9.82165    7.54466
9.84229    7.54466
9.86292    7.5258
9.86292    7.54466
9.88356    7.5258
9.88356    7.54466
9.90419    7.5258
9.92482    7.54466
9.92482    7.5258
9.92482    7.5258
9.94546    7.5258
9.94546    7.5258
9.96609    7.5258
9.96609    7.5258
9.96609    7.5258
9.98672    7.5258
9.98672    7.5258
9.98672    7.5258
9.98672    7.5258
9.98672    7.5258
10.0074    7.5258
10.0074    7.5258
10.0074    7.50694
10.0074    7.48807
10.0074    7.50694
10.028    7.48807
10.028    7.50694
10.028    7.48807
10.028    7.50694
10.028    7.48807
10.028    7.50694
10.0486    7.48807
10.0486    7.50694
10.0486    7.48807
10.0693    7.50694
10.0693    7.48807
10.0693    7.50694
10.0899    7.48807
10.0899    7.50694
10.1105    7.50694
10.1105    7.50694
10.1105    7.50694
10.1312    7.50694
10.1518    7.5258
10.1518    7.54466
10.1724    7.5258
10.1724    7.54466
10.1931    7.5258
10.1931    7.54466
10.2137    7.5258
10.2137    7.54466
10.2343    7.5258
10.255    7.54466
10.255    7.5258
10.255    7.5258
10.2756    7.5258
10.2756    7.5258
10.2962    7.5258
10.2962    7.5258
10.2962    7.5258
10.3169    7.5258
10.3169    7.5258
10.3169    7.5258
10.3375    7.5258
10.3375    7.5258
10.3375    7.5258
10.3375    7.5258
10.3375    7.5258
10.3375    7.5258
10.3375    7.5258
10.3375    7.5258
10.3375    7.5258
10.3581    7.5258
10.3581    7.5258
10.3581    7.50694
10.3581    7.48807
10.3581    7.50694
10.3581    7.48807
10.3581    7.50694
10.3581    7.48807
10.3581    7.48807
10.3788    7.48807
10.3788    7.48807
10.3788    7.48807
10.3788    7.48807
10.3788    7.48807
10.3788    7.48807
10.3994    7.48807
10.3994    7.48807
10.3994    7.48807
10.3994    7.48807
10.3994    7.48807
10.42    7.48807
10.42    7.48807
10.42    7.48807
10.42    7.48807
10.42    7.48807
10.4407    7.50694
10.4407    7.48807
10.4613    7.50694
10.4613    7.50694
10.4819    7.50694
10.5026    7.5258
10.5026    7.54466
10.5232    7.54466
10.5232    7.56352
10.5438    7.58238
10.5438    7.58238
10.5645    7.60124
10.5645    7.62011
10.5851    7.62011
10.5851    7.62011
10.6057    7.63897
10.6057    7.65783
10.6264    7.65783
10.6264    7.65783
10.6264    7.65783
10.647    7.65783
10.647    7.65783
10.647    7.65783
10.647    7.65783
10.647    7.65783
10.6676    7.63897
10.6676    7.65783
10.6676    7.63897
10.6676    7.63897
10.6676    7.63897
10.6883    7.62011
10.6883    7.60124
10.6883    7.62011
10.6883    7.60124
10.6883    7.62011
10.7089    7.60124
10.7089    7.60124
10.7295    7.60124
10.7295    7.60124
10.7502    7.60124
10.7708    7.60124
10.7914    7.60124
10.8121    7.60124
10.8121    7.60124
10.8327    7.60124
10.8533    7.60124
10.874    7.60124
10.874    7.60124
10.874    7.60124
10.8946    7.60124
10.9152    7.60124
10.9152    7.60124
10.9359    7.60124
10.9359    7.60124
10.9359    7.60124
10.9565    7.60124
10.9565    7.60124
10.9771    7.60124
10.9771    7.60124
10.9771    7.60124
10.9978    7.60124
10.9978    7.60124
10.9978    7.60124
11.0184    7.58238
11.0184    7.56352
11.0184    7.56352
11.0184    7.56352
11.0184    7.56352
11.039    7.54466
11.039    7.5258
11.039    7.5258
11.039    7.50694
11.0597    7.48807
11.0597    7.48807
11.0803    7.48807
11.0803    7.46921
11.1009    7.43149
11.1216    7.43149
11.1216    7.43149
11.1422    7.41263
11.1628    7.41263
11.1835    7.41263
11.1835    7.39377
11.2041    7.3749
11.2041    7.39377
11.2247    7.35604
11.2247    7.33718
11.2454    7.35604
11.2454    7.31832
11.2454    7.31832
11.266    7.2806
11.266    7.26173
11.266    7.26173
11.266    7.26173
11.266    7.24287
11.266    7.20515
11.266    7.20515
11.266    7.18629
11.2866    7.20515
11.2866    7.18629
11.2866    7.18629
11.2866    7.18629
11.3073    7.18629
11.3073    7.18629
11.3073    7.18629
11.3073    7.18629
11.3073    7.18629
11.3073    7.18629
11.3279    7.18629
11.3279    7.18629
11.3279    7.18629
11.3279    7.18629
11.3485    7.18629
11.3485    7.18629
11.3485    7.18629
11.3485    7.18629
11.3692    7.18629
11.3692    7.20515
11.3692    7.18629
11.3692    7.20515
11.3692    7.18629
11.3692    7.20515
11.3692    7.20515
11.3898    7.20515
11.3898    7.20515
11.3898    7.20515
11.3898    7.20515
11.4105    7.20515
11.4105    7.20515
11.4105    7.20515
11.4311    7.20515
11.4311    7.20515
11.4517    7.18629
11.4517    7.20515
11.4724    7.18629
11.4724    7.18629
11.493    7.18629
11.493    7.18629
11.493    7.16743
11.5136    7.14856
11.5343    7.16743
11.5549    7.14856
11.5549    7.16743
11.5755    7.14856
11.5962    7.16743
11.6374    7.14856
11.6581    7.16743
11.6787    7.14856
11.6993    7.16743
11.72    7.16743
11.7612    7.18629
11.7819    7.20515
11.8025    7.18629
11.8231    7.20515
11.8438    7.20515
11.885    7.20515
11.9057    7.20515
11.9263    7.20515
11.9469    7.20515
11.9676    7.20515
12.0088    7.20515
12.0295    7.20515
12.0707    7.20515
12.0914    7.20515
12.112    7.20515
12.1739    7.20515
12.1945    7.20515
12.2358    7.20515
12.2564    7.20515
12.2977    7.20515
12.339    7.22401
12.3802    7.24287
12.4009    7.22401
12.4421    7.24287
12.4628    7.24287
12.5247    7.24287
12.5453    7.24287
12.5866    7.24287
12.6072    7.24287
12.6278    7.26173
12.6897    7.26173
12.7104    7.26173
12.731    7.26173
12.7723    7.26173
