6.04568    7.50694
6.04568    7.50694
6.04568    7.5258
6.04568    7.54466
6.04568    7.54466
6.04568    7.54466
6.04568    7.54466
6.06632    7.56352
6.06632    7.58238
6.06632    7.56352
6.08695    7.58238
6.08695    7.56352
6.12822    7.58238
6.12822    7.56352
6.14885    7.56352
6.14885    7.56352
6.16948    7.56352
6.19012    7.56352
6.21075    7.56352
6.21075    7.56352
6.23139    7.56352
6.23139    7.56352
6.25202    7.54466
6.27265    7.5258
6.27265    7.54466
6.29329    7.5258
6.29329    7.54466
6.31392    7.54466
6.33455    7.54466
6.33455    7.54466
6.35519    7.56352
6.35519    7.58238
6.39646    7.58238
6.39646    7.58238
6.41709    7.60124
6.43772    7.62011
6.43772    7.62011
6.47899    7.63897
6.47899    7.67669
6.49962    7.69555
6.52026    7.67669
6.54089    7.71441
6.58216    7.73327
6.60279    7.71441
6.62343    7.75214
6.64406    7.75214
6.66469    7.75214
6.7266    7.771
6.74723    7.75214
6.76786    7.771
6.80913    7.75214
6.82976    7.69555
6.89166    7.69555
6.89166    7.69555
6.93293    7.69555
6.9742    7.69555
6.99483    7.69555
7.07737    7.69555
7.098    7.69555
7.11864    7.69555
7.1599    7.69555
7.20117    7.69555
7.26307    7.69555
7.28371    7.69555
7.32497    7.71441
7.36624    7.73327
7.38687    7.71441
7.44878    7.73327
7.49004    7.73327
7.53131    7.73327
7.55194    7.75214
7.57258    7.771
7.65511    7.771
7.69638    7.78986
7.73765    7.80872
7.75828    7.78986
7.77892    7.80872
7.86145    7.80872
7.90272    7.80872
7.94398    7.80872
7.98525    7.80872
8.00589    7.80872
8.06779    7.78986
8.12969    7.80872
8.15032    7.78986
8.19159    7.78986
8.23286    7.78986
8.29476    7.78986
8.31539    7.78986
8.37729    7.78986
8.39793    7.78986
8.43919    7.78986
8.52173    7.78986
8.54236    7.78986
8.563    7.78986
8.6249    7.78986
8.64553    7.78986
8.72807    7.80872
8.76933    7.78986
8.78997    7.80872
8.8106    7.80872
8.85187    7.80872
8.9344    7.82758
8.95504    7.84644
8.97567    7.82758
9.01694    7.84644
9.05821    7.82758
9.12011    7.84644
9.14074    7.82758
9.18201    7.82758
9.22328    7.82758
9.24391    7.82758
9.28518    7.80872
9.32644    7.78986
9.34708    7.80872
9.40898    7.78986
9.40898    7.80872
9.47088    7.78986
9.51215    7.80872
9.53278    7.78986
9.53278    7.80872
9.55342    7.80872
9.61532    7.80872
9.61532    7.80872
9.63595    7.82758
9.65658    7.84644
9.65658    7.84644
9.69785    7.84644
9.69785    7.86531
9.71849    7.88417
9.73912    7.86531
9.73912    7.88417
9.75975    7.86531
9.80102    7.88417
9.82165    7.86531
9.82165    7.88417
9.82165    7.86531
9.86292    7.86531
9.86292    7.84644
9.88356    7.82758
9.92482    7.82758
9.94546    7.82758
9.96609    7.80872
9.98672    7.78986
9.98672    7.80872
10.0074    7.78986
10.028    7.78986
10.0486    7.78986
10.0693    7.78986
10.0693    7.78986
10.0899    7.78986
10.1105    7.78986
10.1312    7.78986
10.1518    7.78986
10.1518    7.78986
10.1724    7.78986
10.1931    7.78986
10.2137    7.80872
10.2343    7.78986
10.2343    7.80872
10.255    7.80872
10.2756    7.80872
10.2962    7.80872
10.3169    7.80872
10.3169    7.80872
10.3169    7.78986
10.3375    7.80872
10.3788    7.78986
10.3788    7.78986
10.3994    7.771
10.3788    7.75214
10.42    7.75214
10.4407    7.73327
10.42    7.71441
10.4613    7.71441
10.4613    7.71441
10.4819    7.69555
10.4819    7.65783
10.4819    7.65783
10.5026    7.65783
10.5232    7.63897
10.5232    7.65783
10.5438    7.63897
10.5645    7.65783
10.5438    7.63897
10.5851    7.65783
10.5851    7.63897
10.6057    7.65783
10.5851    7.65783
10.6057    7.65783
10.6057    7.65783
10.6057    7.67669
10.6264    7.69555
10.647    7.67669
10.6264    7.69555
10.647    7.69555
10.647    7.69555
10.647    7.69555
10.6676    7.69555
10.6883    7.69555
10.6676    7.69555
10.6883    7.69555
10.6883    7.69555
10.6883    7.69555
10.6883    7.67669
10.6883    7.69555
10.6883    7.67669
10.6883    7.65783
10.6883    7.63897
10.7089    7.63897
10.7295    7.63897
10.7089    7.62011
10.7295    7.58238
10.7089    7.56352
10.7295    7.56352
10.7295    7.56352
10.7295    7.54466
10.7295    7.50694
10.7295    7.48807
10.7295    7.50694
10.7502    7.48807
10.7708    7.48807
10.7502    7.46921
10.7708    7.45035
10.7502    7.46921
10.7708    7.45035
10.7708    7.45035
10.7708    7.45035
10.7708    7.45035
10.7708    7.45035
10.7708    7.45035
10.7708    7.45035
10.7708    7.45035
10.7914    7.45035
10.8121    7.45035
10.7914    7.45035
10.8121    7.45035
10.8121    7.46921
10.8121    7.45035
10.8121    7.46921
10.8327    7.46921
10.8533    7.46921
10.8533    7.46921
10.8533    7.48807
10.8533    7.50694
10.874    7.48807
10.8946    7.50694
10.8946    7.50694
10.8946    7.50694
10.8946    7.50694
10.8946    7.50694
10.9152    7.50694
10.9359    7.50694
10.9152    7.50694
10.9359    7.50694
10.9359    7.50694
10.9359    7.50694
10.9359    7.48807
10.9359    7.48807
10.9359    7.48807
10.9565    7.46921
10.9771    7.45035
10.9565    7.43149
10.9771    7.41263
10.9565    7.41263
10.9771    7.41263
10.9771    7.39377
10.9771    7.3749
10.9771    7.3749
10.9978    7.3749
11.0184    7.3749
10.9978    7.3749
11.039    7.35604
11.039    7.33718
11.0597    7.35604
11.039    7.33718
11.0803    7.35604
11.1009    7.33718
11.0803    7.35604
11.1009    7.35604
11.1009    7.35604
11.1009    7.35604
11.1216    7.3749
11.1628    7.39377
11.1835    7.3749
11.1628    7.39377
11.1835    7.3749
11.2041    7.39377
11.2247    7.3749
11.2247    7.39377
11.2247    7.3749
11.2247    7.3749
11.2454    7.35604
11.266    7.33718
11.266    7.33718
11.266    7.33718
11.266    7.31832
11.2866    7.2806
11.3073    7.26173
11.3073    7.26173
11.3073    7.24287
11.3279    7.20515
11.3485    7.18629
11.3485    7.18629
11.3692    7.18629
11.3898    7.16743
11.3898    7.14856
11.4105    7.14856
11.4311    7.14856
11.4311    7.14856
11.4517    7.14856
11.4724    7.14856
11.4724    7.14856
11.493    7.14856
11.5136    7.16743
11.5136    7.14856
11.5343    7.16743
11.5755    7.14856
11.5755    7.16743
11.5962    7.14856
11.5962    7.16743
11.5962    7.14856
11.6168    7.14856
11.6374    7.14856
11.6374    7.1297
11.6374    7.11084
11.6374    7.1297
11.6581    7.11084
11.6787    7.11084
11.6787    7.11084
11.6787    7.11084
11.6993    7.11084
11.7406    7.1297
11.7406    7.11084
11.7612    7.1297
11.7612    7.1297
11.7612    7.1297
11.8025    7.14856
11.8231    7.16743
11.8438    7.16743
11.8438    7.18629
11.8644    7.20515
11.9057    7.20515
11.9263    7.20515
11.9469    7.22401
11.9676    7.24287
11.9882    7.22401
12.0295    7.24287
12.0501    7.22401
12.0501    7.24287
12.0707    7.22401
12.112    7.24287
12.1326    7.20515
12.1326    7.20515
12.1533    7.20515
12.1739    7.18629
12.1739    7.20515
12.2152    7.18629
12.2358    7.18629
12.2564    7.18629
12.2564    7.18629
12.2771    7.18629
12.339    7.18629
12.3596    7.18629
12.3802    7.18629
12.4009    7.18629
12.4421    7.20515
12.4834    7.20515
12.5247    7.20515
12.5453    7.20515
12.5453    7.20515
12.5866    7.22401
12.6278    7.24287
12.6691    7.22401
12.6897    7.24287
12.731    7.22401
12.7723    7.24287
