4.74576    9.6383
4.74576    9.65716
4.76639    9.65716
4.76639    9.67602
4.76639    9.69489
4.76639    9.69489
4.78702    9.69489
4.80766    9.71375
4.80766    9.73261
4.80766    9.73261
4.82829    9.73261
4.82829    9.73261
4.84893    9.75147
4.84893    9.75147
4.86956    9.75147
4.89019    9.75147
4.89019    9.75147
4.93146    9.75147
4.95209    9.75147
4.97273    9.73261
4.99336    9.71375
5.014    9.71375
5.0759    9.69489
5.09653    9.67602
5.1378    9.67602
5.15843    9.65716
5.1997    9.61944
5.2616    9.58172
5.30287    9.56285
5.34414    9.56285
5.3854    9.56285
5.40604    9.54399
5.48857    9.50627
5.50921    9.48741
5.55047    9.50627
5.59174    9.46855
5.61237    9.46855
5.69491    9.44968
5.73618    9.44968
5.75681    9.44968
5.79808    9.44968
5.83934    9.43082
5.92188    9.41196
5.98378    9.43082
6.02505    9.41196
6.06632    9.43082
6.10758    9.41196
6.16948    9.41196
6.21075    9.41196
6.23139    9.3931
6.27265    9.37424
6.29329    9.37424
6.35519    9.35538
6.39646    9.33651
6.41709    9.33651
6.45836    9.31765
6.49962    9.27993
6.56153    9.24221
6.60279    9.22335
6.64406    9.22335
6.66469    9.20448
6.70596    9.16676
6.76786    9.1479
6.80913    9.1479
6.82976    9.12904
6.87103    9.11018
6.9123    9.11018
6.9742    9.09131
6.99483    9.07245
7.0361    9.09131
7.05673    9.07245
7.098    9.07245
7.1599    9.07245
7.20117    9.07245
7.24244    9.07245
7.28371    9.07245
7.30434    9.07245
7.36624    9.07245
7.40751    9.07245
7.42814    9.07245
7.44878    9.05359
7.46941    9.03473
7.53131    9.03473
7.55194    9.03473
7.57258    9.01587
7.61385    8.99701
7.63448    8.99701
7.69638    8.95928
7.71701    8.94042
7.75828    8.9027
7.77892    8.88384
7.79955    8.88384
7.86145    8.84611
7.90272    8.82725
7.92335    8.78953
7.94398    8.77067
7.98525    8.78953
8.04715    8.7518
8.06779    8.73294
8.08842    8.7518
8.12969    8.73294
8.15032    8.73294
8.21222    8.73294
8.25349    8.73294
8.29476    8.73294
8.31539    8.73294
8.35666    8.73294
8.41856    8.73294
8.43919    8.73294
8.45983    8.73294
8.5011    8.71408
8.52173    8.69522
8.563    8.69522
8.60426    8.69522
8.6249    8.69522
8.64553    8.67636
8.6868    8.6575
8.7487    8.63863
8.76933    8.60091
8.78997    8.60091
8.83124    8.58205
8.8725    8.58205
8.9344    8.56319
8.95504    8.52546
8.99631    8.5066
9.01694    8.5066
9.05821    8.5066
9.12011    8.48774
9.14074    8.45002
9.18201    8.45002
9.20264    8.45002
9.24391    8.43116
9.28518    8.45002
9.32644    8.43116
9.34708    8.43116
9.38835    8.43116
9.40898    8.43116
9.47088    8.45002
9.51215    8.43116
9.55342    8.45002
9.57405    8.45002
9.59468    8.45002
9.65658    8.45002
9.67722    8.43116
9.69785    8.45002
9.73912    8.43116
9.75975    8.45002
9.80102    8.41229
9.82165    8.41229
9.84229    8.39343
9.88356    8.39343
9.90419    8.39343
9.94546    8.37457
9.98672    8.33685
10.0074    8.31799
10.028    8.33685
10.0486    8.29912
10.1105    8.28026
10.1312    8.28026
10.1518    8.28026
10.1724    8.28026
10.1931    8.28026
10.2343    8.2614
10.255    8.24254
10.2756    8.2614
10.2962    8.24254
10.3169    8.2614
10.3581    8.2614
10.3788    8.2614
10.3994    8.2614
10.42    8.28026
10.4407    8.29912
10.5026    8.29912
10.5232    8.29912
10.5438    8.29912
10.5645    8.29912
10.5645    8.31799
10.6057    8.31799
10.6057    8.31799
10.6264    8.31799
10.647    8.31799
10.647    8.31799
10.6676    8.29912
10.6883    8.28026
10.6883    8.28026
10.6883    8.28026
10.7089    8.2614
10.7089    8.22368
10.7295    8.22368
10.7295    8.20482
10.7295    8.20482
10.7295    8.20482
10.7502    8.18595
10.7502    8.16709
10.7708    8.18595
10.7708    8.16709
10.7708    8.18595
10.7914    8.14823
10.7914    8.14823
10.8121    8.14823
10.8121    8.14823
10.8121    8.14823
10.8327    8.14823
10.8533    8.14823
10.8533    8.14823
10.8533    8.14823
10.874    8.14823
10.874    8.14823
10.8946    8.14823
10.8946    8.14823
10.9152    8.16709
10.9152    8.18595
10.9359    8.16709
10.9359    8.18595
10.9565    8.18595
10.9565    8.18595
10.9565    8.18595
10.9771    8.18595
10.9771    8.18595
10.9771    8.18595
10.9978    8.18595
10.9978    8.18595
10.9978    8.18595
10.9978    8.18595
10.9978    8.18595
10.9978    8.18595
10.9978    8.18595
10.9978    8.16709
10.9978    8.18595
10.9978    8.16709
10.9978    8.16709
10.9978    8.16709
10.9978    8.14823
10.9978    8.12937
10.9978    8.12937
10.9771    8.12937
10.9771    8.12937
10.9771    8.11051
10.9771    8.09165
10.9771    8.09165
10.9771    8.09165
10.9771    8.07278
10.9565    8.03506
10.9565    8.03506
10.9565    8.0162
10.9565    8.03506
10.9565    7.99734
10.9565    7.99734
10.9565    7.97848
10.9565    7.97848
10.9565    7.97848
10.9565    7.97848
10.9565    7.95961
10.9565    7.95961
10.9565    7.94075
10.9771    7.95961
10.9771    7.94075
10.9771    7.95961
10.9978    7.94075
10.9978    7.95961
11.0184    7.94075
11.0184    7.95961
11.039    7.95961
11.039    7.95961
11.0597    7.95961
11.0597    7.95961
11.0803    7.95961
11.1009    7.95961
11.1009    7.95961
11.1216    7.97848
11.1216    7.97848
11.1216    7.99734
11.1422    7.97848
11.1422    7.99734
11.1422    7.97848
11.1422    7.97848
11.1628    7.97848
11.1628    7.97848
11.1628    7.97848
11.1628    7.97848
11.1628    7.95961
11.1628    7.94075
11.1628    7.95961
11.1628    7.94075
11.1628    7.94075
11.1628    7.94075
11.1628    7.94075
11.1628    7.94075
11.1628    7.94075
11.1628    7.94075
11.1628    7.92189
11.1628    7.90303
11.1628    7.90303
11.1628    7.90303
11.1628    7.90303
11.1628    7.90303
11.1628    7.90303
11.1628    7.88417
11.1422    7.86531
11.1422    7.88417
11.1422    7.86531
11.1422    7.86531
11.1422    7.86531
11.1422    7.84644
11.1422    7.82758
11.1216    7.82758
11.1216    7.82758
11.1216    7.80872
11.1216    7.78986
11.1216    7.80872
11.1216    7.78986
11.1216    7.78986
11.1422    7.78986
11.1422    7.771
11.1628    7.75214
11.1628    7.771
11.1628    7.75214
11.1835    7.771
11.2041    7.75214
11.2041    7.771
11.2041    7.75214
11.2247    7.771
11.2454    7.73327
11.2454    7.73327
11.266    7.73327
11.266    7.73327
11.2866    7.73327
11.3073    7.73327
11.3073    7.73327
11.3073    7.73327
11.3279    7.71441
11.3279    7.73327
11.3485    7.71441
11.3485    7.73327
11.3485    7.71441
11.3485    7.73327
11.3692    7.71441
11.3692    7.71441
11.3692    7.71441
11.3692    7.69555
11.3692    7.67669
11.3692    7.67669
11.3692    7.67669
11.3692    7.65783
11.3692    7.63897
11.3692    7.63897
11.3692    7.63897
11.3692    7.62011
11.3692    7.58238
11.3485    7.58238
11.3485    7.56352
11.3485    7.58238
11.3485    7.54466
11.3485    7.5258
11.3485    7.54466
11.3485    7.5258
11.3485    7.5258
11.3485    7.50694
11.3485    7.48807
11.3485    7.50694
11.3485    7.48807
11.3485    7.48807
11.3485    7.48807
11.3485    7.48807
11.3485    7.48807
11.3692    7.48807
11.3692    7.48807
11.3692    7.48807
11.3898    7.48807
11.3898    7.48807
11.3898    7.48807
11.4105    7.48807
11.4105    7.48807
11.4311    7.48807
11.4311    7.48807
11.4517    7.48807
11.4517    7.48807
11.4724    7.46921
11.4724    7.45035
11.493    7.46921
11.493    7.45035
11.5136    7.46921
11.5136    7.45035
11.5343    7.46921
11.5343    7.45035
11.5549    7.46921
11.5549    7.45035
11.5755    7.46921
11.5962    7.45035
11.5962    7.45035
11.5962    7.45035
11.5962    7.45035
11.6168    7.45035
11.6168    7.45035
11.6168    7.43149
11.6168    7.41263
11.6168    7.43149
11.6374    7.39377
11.6374    7.39377
11.6374    7.3749
11.6374    7.39377
11.6374    7.35604
11.6374    7.33718
11.6374    7.33718
11.6374    7.33718
11.6374    7.31832
11.6374    7.29946
11.6374    7.2806
11.6374    7.26173
11.6374    7.26173
11.6374    7.24287
11.6374    7.22401
11.6374    7.22401
11.6374    7.22401
11.6374    7.20515
11.6374    7.18629
11.6581    7.20515
11.6581    7.18629
11.6581    7.20515
11.6787    7.18629
11.6787    7.20515
11.6787    7.18629
11.6993    7.22401
11.72    7.22401
11.72    7.22401
11.7406    7.22401
11.7406    7.22401
11.7612    7.22401
11.7819    7.22401
11.7819    7.22401
11.8025    7.22401
11.8231    7.22401
11.8438    7.20515
11.8644    7.18629
11.8644    7.18629
11.885    7.16743
11.885    7.14856
11.9057    7.1297
11.9057    7.11084
11.9263    7.11084
11.9263    7.11084
11.9469    7.09198
11.9676    7.07312
11.9882    7.07312
11.9882    7.07312
12.0088    7.05426
12.0295    7.03539
12.0707    7.03539
12.0914    7.03539
12.1326    7.03539
12.1533    7.03539
12.1945    7.01653
12.2771    6.99767
12.339    7.01653
12.3802    6.99767
12.4421    7.01653
12.4834    6.99767
12.5866    6.99767
12.6485    7.01653
12.6897    6.99767
12.731    7.01653
12.7723    6.99767
12.8548    6.99767
12.8961    6.99767
12.9373    6.99767
12.9786    6.99767
13.0199    6.99767
