5.59174    8.94042
5.61237    8.94042
5.61237    8.94042
5.63301    8.94042
5.67427    8.92156
5.69491    8.92156
5.71554    8.9027
5.77744    8.86497
5.79808    8.84611
5.83934    8.82725
5.85998    8.80839
5.88061    8.77067
5.94251    8.71408
5.96315    8.69522
6.00441    8.67636
6.02505    8.6575
6.04568    8.63863
6.10758    8.61977
6.10758    8.61977
6.12822    8.61977
6.16948    8.60091
6.19012    8.60091
6.23139    8.60091
6.25202    8.60091
6.29329    8.60091
6.31392    8.60091
6.31392    8.61977
6.35519    8.63863
6.37582    8.63863
6.41709    8.6575
6.43772    8.67636
6.45836    8.67636
6.52026    8.69522
6.52026    8.71408
6.54089    8.73294
6.58216    8.73294
6.60279    8.7518
6.64406    8.7518
6.68533    8.7518
6.70596    8.77067
6.74723    8.77067
6.7885    8.77067
6.8504    8.77067
6.87103    8.77067
6.9123    8.77067
6.95357    8.77067
6.99483    8.77067
7.05673    8.77067
7.07737    8.77067
7.11864    8.77067
7.1599    8.78953
7.18054    8.78953
7.2218    8.78953
7.26307    8.80839
7.28371    8.80839
7.34561    8.82725
7.36624    8.82725
7.42814    8.84611
7.44878    8.86497
7.49004    8.86497
7.53131    8.88384
7.55194    8.9027
7.59321    8.94042
7.63448    8.94042
7.65511    8.95928
7.69638    8.97814
7.73765    8.97814
7.79955    8.97814
7.82018    8.99701
7.86145    8.99701
7.88208    8.97814
7.90272    8.97814
7.98525    8.97814
8.02652    8.95928
8.06779    8.95928
8.10905    8.95928
8.12969    8.94042
8.19159    8.92156
8.25349    8.92156
8.25349    8.92156
8.29476    8.92156
8.31539    8.92156
8.39793    8.92156
8.43919    8.92156
8.48046    8.92156
8.5011    8.92156
8.52173    8.92156
8.6249    8.92156
8.64553    8.92156
8.6868    8.94042
8.72807    8.94042
8.76933    8.94042
8.83124    8.94042
8.85187    8.94042
8.89314    8.94042
8.9344    8.94042
8.97567    8.94042
9.03757    8.92156
9.05821    8.92156
9.09947    8.9027
9.14074    8.88384
9.16137    8.88384
9.22328    8.84611
9.28518    8.82725
9.30581    8.82725
9.34708    8.80839
9.38835    8.80839
9.45025    8.78953
9.47088    8.78953
9.51215    8.78953
9.55342    8.77067
9.57405    8.77067
9.63595    8.77067
9.67722    8.77067
9.71849    8.77067
9.73912    8.77067
9.75975    8.77067
9.84229    8.78953
9.88356    8.78953
9.90419    8.78953
9.92482    8.80839
9.96609    8.80839
10.028    8.78953
10.028    8.78953
10.0693    8.78953
10.0899    8.77067
10.1312    8.77067
10.1724    8.7518
10.1931    8.73294
10.2137    8.73294
10.255    8.71408
10.2756    8.69522
10.2962    8.6575
10.3375    8.63863
10.3788    8.61977
10.3994    8.60091
10.42    8.60091
10.4819    8.56319
10.4819    8.56319
10.5232    8.54433
10.5438    8.54433
10.5851    8.52546
10.647    8.5066
10.647    8.5066
10.6676    8.48774
10.7295    8.48774
10.7295    8.48774
10.7914    8.46888
10.8327    8.46888
10.874    8.46888
10.8946    8.46888
10.8946    8.45002
10.9359    8.43116
10.9565    8.43116
10.9978    8.41229
11.0184    8.41229
11.0184    8.39343
11.0597    8.35571
11.0803    8.33685
11.1009    8.31799
11.1009    8.29912
11.1216    8.28026
11.1628    8.24254
11.1835    8.22368
11.1835    8.20482
11.1835    8.18595
11.2041    8.16709
11.2454    8.12937
11.266    8.11051
11.266    8.11051
11.2866    8.09165
11.3073    8.09165
11.3279    8.07278
11.3692    8.07278
11.3692    8.07278
11.3898    8.07278
11.3898    8.09165
11.4105    8.09165
11.4517    8.09165
11.4724    8.11051
11.4724    8.11051
11.4724    8.11051
11.5136    8.12937
11.5136    8.12937
11.5343    8.12937
11.5549    8.12937
11.5549    8.11051
11.5549    8.09165
11.5549    8.09165
11.5549    8.07278
11.5549    8.07278
11.5549    8.05392
11.5549    8.0162
11.5549    8.0162
11.5549    7.99734
11.5343    7.97848
11.5549    7.95961
11.5343    7.92189
11.5343    7.90303
11.5343    7.88417
11.5343    7.86531
11.5343    7.84644
11.5343    7.82758
11.5343    7.80872
11.5343    7.78986
11.5343    7.78986
11.5343    7.771
11.5343    7.771
11.5343    7.771
11.5343    7.771
11.5343    7.771
11.5549    7.771
11.5549    7.771
11.5549    7.78986
11.5549    7.78986
11.5755    7.78986
11.5962    7.80872
11.6168    7.82758
11.6374    7.82758
11.6374    7.84644
11.6581    7.84644
11.6993    7.86531
11.72    7.86531
11.72    7.86531
11.7406    7.86531
11.7612    7.86531
11.7612    7.86531
11.7819    7.86531
11.8025    7.86531
11.8025    7.86531
11.8025    7.86531
11.8231    7.84644
11.8438    7.84644
11.8438    7.82758
11.8438    7.82758
11.8438    7.80872
11.8438    7.80872
11.8438    7.78986
11.8438    7.771
11.8438    7.75214
11.8438    7.75214
11.8231    7.73327
11.8231    7.69555
11.8231    7.67669
11.8231    7.65783
11.8025    7.63897
11.7819    7.62011
11.7819    7.58238
11.7819    7.56352
11.7819    7.54466
11.7612    7.5258
11.7406    7.50694
11.7612    7.46921
11.7406    7.45035
11.7612    7.43149
11.7406    7.41263
11.7612    7.39377
11.7612    7.3749
11.7612    7.35604
11.7612    7.35604
11.7819    7.33718
11.8025    7.33718
11.8231    7.31832
11.8438    7.29946
11.8438    7.29946
11.8644    7.2806
11.885    7.26173
11.9057    7.24287
11.9263    7.22401
11.9263    7.20515
11.9263    7.18629
11.9469    7.18629
11.9882    7.14856
12.0088    7.1297
12.0088    7.11084
12.0088    7.11084
12.0295    7.09198
12.0914    7.07312
12.0914    7.07312
12.112    7.07312
12.1533    7.07312
12.1739    7.07312
12.2152    7.07312
12.2358    7.07312
12.2771    7.07312
12.3183    7.07312
12.339    7.07312
12.3802    7.09198
12.4009    7.11084
12.4421    7.11084
12.4628    7.1297
12.4834    7.1297
12.5453    7.14856
12.5659    7.14856
12.6072    7.16743
12.6278    7.16743
12.6278    7.18629
12.6897    7.18629
