5.83934    7.97848
5.83934    7.99734
5.83934    8.0162
5.85998    8.03506
5.83934    8.03506
5.85998    8.05392
5.85998    8.07278
5.88061    8.09165
5.92188    8.11051
5.94251    8.11051
5.94251    8.12937
5.96315    8.12937
6.02505    8.16709
6.04568    8.16709
6.08695    8.18595
6.10758    8.18595
6.10758    8.20482
6.16948    8.22368
6.21075    8.22368
6.23139    8.24254
6.23139    8.24254
6.25202    8.24254
6.33455    8.2614
6.37582    8.2614
6.39646    8.28026
6.41709    8.28026
6.45836    8.28026
6.52026    8.29912
6.54089    8.29912
6.58216    8.29912
6.62343    8.31799
6.64406    8.31799
6.68533    8.33685
6.70596    8.33685
6.76786    8.33685
6.76786    8.33685
6.80913    8.33685
6.87103    8.31799
6.9123    8.31799
6.95357    8.31799
6.99483    8.29912
7.0361    8.29912
7.098    8.28026
7.11864    8.2614
7.1599    8.2614
7.20117    8.2614
7.2218    8.2614
7.26307    8.24254
7.30434    8.24254
7.32497    8.24254
7.38687    8.24254
7.40751    8.22368
7.49004    8.22368
7.53131    8.22368
7.57258    8.22368
7.61385    8.22368
7.65511    8.24254
7.71701    8.24254
7.73765    8.24254
7.77892    8.24254
7.82018    8.24254
7.84082    8.24254
7.90272    8.24254
7.94398    8.24254
7.98525    8.24254
8.02652    8.22368
8.04715    8.22368
8.10905    8.20482
8.17096    8.18595
8.19159    8.16709
8.25349    8.16709
8.27412    8.14823
8.35666    8.12937
8.39793    8.12937
8.43919    8.12937
8.45983    8.12937
8.48046    8.12937
8.563    8.11051
8.58363    8.11051
8.60426    8.11051
8.64553    8.11051
8.6868    8.11051
8.7487    8.12937
8.76933    8.12937
8.8106    8.14823
8.85187    8.14823
8.89314    8.14823
8.95504    8.16709
8.95504    8.16709
8.99631    8.16709
9.01694    8.16709
9.05821    8.16709
9.12011    8.14823
9.14074    8.14823
9.18201    8.12937
9.22328    8.12937
9.24391    8.11051
9.28518    8.09165
9.30581    8.07278
9.36771    8.07278
9.36771    8.05392
9.38835    8.05392
9.47088    8.03506
9.49151    8.03506
9.49151    8.03506
9.51215    8.0162
9.55342    8.0162
9.61532    8.0162
9.61532    8.0162
9.63595    7.99734
9.67722    7.99734
9.69785    7.99734
9.73912    7.99734
9.78039    7.99734
9.80102    7.99734
9.84229    7.99734
9.86292    7.99734
9.90419    7.99734
9.92482    7.99734
9.96609    7.99734
9.98672    7.99734
10.0074    7.97848
10.0693    7.97848
10.0693    7.95961
10.0899    7.95961
10.1312    7.95961
10.1518    7.94075
10.1724    7.92189
10.2137    7.92189
10.2343    7.90303
10.2343    7.90303
10.255    7.88417
10.2962    7.88417
10.3169    7.88417
10.3169    7.86531
10.3375    7.86531
10.3581    7.86531
10.3788    7.86531
10.3994    7.86531
10.3994    7.86531
10.42    7.86531
10.4613    7.86531
10.4819    7.88417
10.4819    7.88417
10.5026    7.88417
10.5232    7.88417
10.5232    7.90303
10.5645    7.90303
10.5645    7.90303
10.5851    7.92189
10.6057    7.92189
10.6057    7.92189
10.6264    7.92189
10.647    7.92189
10.647    7.92189
10.6676    7.92189
10.6883    7.92189
10.6883    7.90303
10.6883    7.90303
10.7089    7.90303
10.7295    7.88417
10.7295    7.88417
10.7502    7.86531
10.7708    7.84644
10.7502    7.84644
10.7914    7.82758
10.7914    7.82758
10.8121    7.80872
10.7914    7.78986
10.8121    7.78986
10.8121    7.78986
10.8121    7.78986
10.8327    7.78986
10.8533    7.78986
10.8327    7.78986
10.8533    7.78986
10.8533    7.78986
10.874    7.78986
10.8946    7.80872
10.8946    7.80872
10.8946    7.80872
10.8946    7.82758
10.9152    7.82758
10.9359    7.82758
10.9359    7.84644
10.9359    7.84644
10.9565    7.84644
10.9771    7.84644
10.9771    7.84644
10.9771    7.84644
10.9978    7.84644
11.0184    7.84644
11.0184    7.84644
11.0184    7.84644
11.0184    7.82758
11.0184    7.82758
11.039    7.82758
11.0597    7.80872
11.039    7.78986
11.0597    7.78986
11.0597    7.78986
11.0597    7.771
11.0597    7.75214
11.0597    7.75214
11.0597    7.75214
11.0803    7.75214
11.1009    7.73327
11.0803    7.73327
11.1009    7.73327
11.1009    7.73327
11.1009    7.73327
11.1009    7.73327
11.1216    7.75214
11.1422    7.75214
11.1216    7.75214
11.1422    7.75214
11.1422    7.771
11.1422    7.771
11.1628    7.78986
11.1835    7.78986
11.1628    7.78986
11.1835    7.78986
11.1835    7.80872
11.1835    7.80872
11.2041    7.80872
11.2247    7.80872
11.2041    7.82758
11.2247    7.82758
11.2247    7.82758
11.2247    7.82758
11.2247    7.82758
11.2454    7.82758
11.266    7.82758
11.266    7.82758
11.266    7.82758
11.266    7.82758
11.266    7.82758
11.266    7.80872
11.266    7.80872
11.266    7.80872
11.266    7.78986
11.266    7.78986
11.266    7.78986
11.266    7.771
11.266    7.771
11.266    7.771
11.266    7.771
11.266    7.75214
11.266    7.75214
11.2866    7.75214
11.2866    7.73327
11.2866    7.73327
11.2866    7.71441
11.3073    7.71441
11.2866    7.71441
11.3073    7.71441
11.2866    7.71441
11.3073    7.71441
11.3073    7.71441
11.3073    7.71441
11.3073    7.71441
11.3279    7.73327
11.3692    7.73327
11.3692    7.75214
11.3898    7.75214
11.3898    7.771
11.3898    7.771
11.4105    7.771
11.4311    7.771
11.4311    7.771
11.4311    7.771
11.4517    7.771
11.4724    7.771
11.4724    7.75214
11.4724    7.75214
11.4724    7.75214
11.493    7.73327
11.5136    7.71441
11.5136    7.69555
11.5136    7.69555
11.5136    7.67669
11.5136    7.65783
11.5136    7.62011
11.5343    7.62011
11.5549    7.60124
11.5343    7.58238
11.5549    7.56352
11.5549    7.54466
11.5549    7.5258
11.5549    7.5258
11.5549    7.50694
11.5755    7.50694
11.5962    7.48807
11.5962    7.48807
11.5962    7.46921
11.5962    7.46921
11.6168    7.45035
11.6581    7.45035
11.6581    7.45035
11.6787    7.43149
11.6787    7.43149
11.6993    7.43149
11.7406    7.43149
11.7612    7.43149
11.7612    7.43149
11.7819    7.43149
11.8025    7.43149
11.8231    7.41263
11.8438    7.41263
11.8438    7.41263
11.8438    7.41263
11.8644    7.39377
11.9057    7.3749
11.9057    7.3749
11.9263    7.35604
11.9263    7.33718
11.9263    7.33718
11.9469    7.29946
11.9882    7.2806
11.9882    7.26173
12.0088    7.26173
11.9882    7.24287
12.0295    7.20515
12.0295    7.20515
12.0501    7.18629
12.0501    7.16743
12.0501    7.16743
12.0914    7.14856
12.112    7.14856
12.1326    7.14856
12.1326    7.14856
12.1533    7.14856
12.2152    7.14856
12.2358    7.14856
12.2771    7.14856
12.2977    7.14856
12.3183    7.16743
12.4009    7.18629
12.4215    7.18629
12.4421    7.18629
12.4834    7.20515
12.504    7.20515
12.5453    7.20515
12.5659    7.20515
12.6072    7.20515
12.6278    7.20515
12.6485    7.20515
12.7104    7.20515
12.731    7.20515
12.7723    7.20515
12.7929    7.20515
