7.34561    8.71408
7.36624    8.71408
7.38687    8.71408
7.40751    8.71408
7.42814    8.71408
7.44878    8.71408
7.46941    8.71408
7.51068    8.71408
7.55194    8.71408
7.57258    8.71408
7.61385    8.71408
7.63448    8.71408
7.71701    8.71408
7.73765    8.71408
7.77892    8.71408
7.82018    8.73294
7.84082    8.73294
7.90272    8.73294
7.92335    8.73294
7.96462    8.73294
7.98525    8.71408
8.02652    8.71408
8.08842    8.69522
8.12969    8.67636
8.15032    8.67636
8.19159    8.6575
8.23286    8.63863
8.31539    8.61977
8.35666    8.60091
8.39793    8.58205
8.43919    8.58205
8.48046    8.56319
8.54236    8.54433
8.58363    8.54433
8.6249    8.54433
8.66617    8.54433
8.6868    8.54433
8.76933    8.52546
8.8106    8.52546
8.83124    8.52546
8.8725    8.52546
8.91377    8.52546
8.97567    8.52546
9.01694    8.52546
9.05821    8.54433
9.09947    8.54433
9.12011    8.54433
9.18201    8.54433
9.22328    8.54433
9.24391    8.52546
9.28518    8.52546
9.30581    8.5066
9.36771    8.48774
9.40898    8.46888
9.42961    8.45002
9.47088    8.43116
9.49151    8.41229
9.55342    8.37457
9.59468    8.35571
9.61532    8.33685
9.65658    8.31799
9.67722    8.31799
9.73912    8.29912
9.78039    8.28026
9.80102    8.28026
9.84229    8.2614
9.86292    8.2614
9.92482    8.24254
9.96609    8.24254
9.98672    8.22368
10.028    8.22368
10.0486    8.22368
10.1105    8.20482
10.1518    8.20482
10.1931    8.20482
10.2137    8.20482
10.255    8.18595
10.2962    8.16709
10.3375    8.16709
10.3581    8.14823
10.3994    8.12937
10.42    8.12937
10.4613    8.09165
10.5026    8.07278
10.5232    8.05392
10.5438    8.03506
10.5645    8.0162
10.6057    7.97848
10.647    7.95961
10.6676    7.94075
10.6883    7.94075
10.7089    7.92189
10.7708    7.90303
10.7914    7.88417
10.8121    7.88417
10.8533    7.86531
10.874    7.86531
10.9359    7.84644
10.9565    7.82758
10.9978    7.82758
11.0184    7.80872
11.039    7.78986
11.1009    7.78986
11.1216    7.771
11.1422    7.75214
11.1628    7.73327
11.1835    7.71441
11.2041    7.67669
11.2247    7.65783
11.2454    7.63897
11.2454    7.62011
11.266    7.60124
11.266    7.56352
11.2866    7.5258
11.2866    7.50694
11.3073    7.46921
11.3073    7.45035
11.3279    7.41263
11.3485    7.39377
11.3692    7.3749
11.3898    7.35604
11.4105    7.33718
11.4517    7.31832
11.4724    7.29946
11.493    7.29946
11.5136    7.2806
11.5343    7.2806
11.5755    7.26173
11.5962    7.26173
11.6168    7.24287
11.6374    7.24287
11.6581    7.22401
11.6787    7.20515
11.6993    7.20515
11.72    7.18629
11.7406    7.16743
11.7406    7.14856
11.7819    7.1297
11.8025    7.11084
11.8231    7.09198
11.8438    7.07312
11.8644    7.07312
11.9057    7.05426
11.9263    7.05426
11.9469    7.05426
11.9676    7.05426
11.9882    7.05426
12.0501    7.05426
12.0707    7.03539
12.112    7.03539
12.1326    7.03539
12.1739    7.05426
12.2564    7.05426
12.2977    7.07312
12.339    7.07312
12.3802    7.09198
12.4215    7.09198
12.504    7.11084
12.5453    7.1297
12.5866    7.1297
12.6072    7.1297
12.6485    7.14856
12.7104    7.14856
12.731    7.14856
12.7516    7.14856
12.7929    7.16743
12.8135    7.16743
12.8754    7.16743
12.9167    7.16743
12.9373    7.18629
12.958    7.20515
12.9992    7.20515
13.0611    7.24287
