7.84082    7.75214
7.86145    7.75214
7.90272    7.75214
7.92335    7.771
7.92335    7.75214
7.94398    7.771
7.98525    7.75214
8.00589    7.75214
8.02652    7.75214
8.06779    7.75214
8.08842    7.73327
8.08842    7.71441
8.15032    7.71441
8.19159    7.69555
8.23286    7.67669
8.27412    7.67669
8.29476    7.67669
8.35666    7.65783
8.41856    7.63897
8.43919    7.65783
8.5011    7.63897
8.52173    7.65783
8.60426    7.63897
8.64553    7.65783
8.6868    7.65783
8.72807    7.65783
8.76933    7.67669
8.85187    7.69555
8.89314    7.69555
8.9344    7.69555
8.97567    7.71441
9.01694    7.73327
9.07884    7.71441
9.09947    7.73327
9.16137    7.71441
9.18201    7.73327
9.22328    7.71441
9.30581    7.71441
9.34708    7.71441
9.38835    7.69555
9.42961    7.67669
9.47088    7.69555
9.55342    7.65783
9.59468    7.65783
9.63595    7.65783
9.67722    7.65783
9.71849    7.65783
9.80102    7.63897
9.84229    7.65783
9.88356    7.63897
9.92482    7.65783
9.96609    7.63897
10.028    7.65783
10.0693    7.63897
10.0899    7.63897
10.1518    7.63897
10.1724    7.63897
10.255    7.62011
10.2962    7.60124
10.3375    7.60124
10.3788    7.60124
10.3994    7.58238
10.4613    7.54466
10.5026    7.5258
10.5438    7.5258
10.5851    7.5258
10.6057    7.50694
10.6676    7.46921
10.7089    7.45035
10.7502    7.45035
10.7914    7.45035
10.8327    7.43149
10.8946    7.39377
10.9152    7.39377
10.9771    7.3749
10.9978    7.39377
11.039    7.35604
11.1216    7.35604
11.1628    7.35604
11.2041    7.33718
11.2454    7.35604
11.266    7.31832
11.3279    7.29946
11.3692    7.29946
11.4105    7.29946
11.4517    7.2806
11.4724    7.24287
11.5343    7.22401
11.5755    7.22401
11.6168    7.20515
11.6581    7.16743
11.6787    7.14856
11.7406    7.14856
11.8025    7.1297
11.8231    7.11084
11.885    7.11084
11.9057    7.11084
11.9882    7.09198
12.0295    7.07312
12.0707    7.07312
12.112    7.07312
12.1533    7.07312
12.2152    7.07312
12.2358    7.07312
12.2977    7.09198
12.3183    7.07312
12.3802    7.09198
12.4215    7.07312
12.4628    7.09198
12.504    7.07312
12.5453    7.09198
12.5866    7.07312
12.6485    7.09198
