6.66469    8.9027
6.66469    8.9027
6.66469    8.9027
6.68533    8.88384
6.68533    8.88384
6.70596    8.88384
6.70596    8.88384
6.7266    8.88384
6.74723    8.88384
6.74723    8.88384
6.76786    8.88384
6.7885    8.88384
6.82976    8.88384
6.8504    8.88384
6.87103    8.88384
6.9123    8.88384
6.93293    8.88384
6.9742    8.9027
7.01547    8.9027
7.0361    8.92156
7.05673    8.92156
7.098    8.92156
7.13927    8.94042
7.1599    8.94042
7.18054    8.94042
7.20117    8.94042
7.2218    8.95928
7.28371    8.95928
7.30434    8.95928
7.34561    8.95928
7.36624    8.95928
7.40751    8.94042
7.46941    8.92156
7.51068    8.92156
7.53131    8.9027
7.57258    8.9027
7.61385    8.9027
7.67575    8.88384
7.71701    8.86497
7.73765    8.86497
7.77892    8.86497
7.79955    8.86497
7.86145    8.84611
7.90272    8.84611
7.92335    8.84611
7.96462    8.82725
8.00589    8.82725
8.06779    8.82725
8.10905    8.82725
8.15032    8.82725
8.19159    8.82725
8.23286    8.82725
8.29476    8.82725
8.31539    8.80839
8.35666    8.80839
8.37729    8.80839
8.41856    8.78953
8.48046    8.78953
8.5011    8.78953
8.54236    8.77067
8.58363    8.77067
8.60426    8.7518
8.6868    8.73294
8.72807    8.71408
8.7487    8.71408
8.78997    8.69522
8.83124    8.67636
8.89314    8.6575
8.91377    8.6575
8.95504    8.63863
8.97567    8.63863
9.01694    8.63863
9.05821    8.61977
9.09947    8.60091
9.12011    8.60091
9.16137    8.60091
9.18201    8.60091
9.24391    8.58205
9.28518    8.58205
9.32644    8.58205
9.36771    8.58205
9.38835    8.58205
9.45025    8.56319
9.49151    8.56319
9.51215    8.56319
9.55342    8.56319
9.57405    8.54433
9.63595    8.54433
9.65658    8.52546
9.69785    8.52546
9.71849    8.5066
9.73912    8.48774
9.80102    8.46888
9.84229    8.45002
9.86292    8.43116
9.90419    8.41229
9.92482    8.41229
9.98672    8.37457
10.028    8.37457
10.0486    8.35571
10.0693    8.35571
10.1105    8.33685
10.1518    8.31799
10.1931    8.31799
10.2137    8.29912
10.2343    8.29912
10.2756    8.28026
10.3375    8.2614
10.3581    8.2614
10.3994    8.24254
10.42    8.24254
10.4613    8.24254
10.5232    8.22368
10.5438    8.22368
10.5645    8.20482
10.5851    8.18595
10.6057    8.18595
10.6676    8.14823
10.6883    8.14823
10.7089    8.12937
10.7295    8.11051
10.7502    8.09165
10.7914    8.05392
10.7914    8.03506
10.8121    8.0162
10.8327    7.99734
10.8533    7.97848
10.8946    7.94075
10.8946    7.92189
10.9152    7.90303
10.9359    7.90303
10.9565    7.88417
10.9771    7.86531
10.9978    7.84644
10.9978    7.82758
11.0184    7.82758
11.039    7.80872
11.0597    7.78986
11.0803    7.771
11.1009    7.771
11.1009    7.771
11.1216    7.75214
11.1628    7.73327
11.1835    7.73327
11.2041    7.73327
11.2247    7.71441
11.2247    7.71441
11.266    7.69555
11.2866    7.69555
11.2866    7.67669
11.3073    7.67669
11.3073    7.65783
11.3279    7.65783
11.3485    7.63897
11.3485    7.63897
11.3692    7.62011
11.3692    7.62011
11.3898    7.60124
11.4105    7.58238
11.4105    7.58238
11.4311    7.56352
11.4311    7.56352
11.4517    7.5258
11.4517    7.50694
11.4724    7.50694
11.4724    7.48807
11.493    7.46921
11.493    7.45035
11.5136    7.43149
11.5136    7.41263
11.5343    7.41263
11.5343    7.39377
11.5549    7.3749
11.5549    7.3749
11.5549    7.35604
11.5755    7.35604
11.5755    7.33718
11.5962    7.33718
11.5962    7.31832
11.5962    7.31832
11.5962    7.29946
11.6168    7.29946
11.6374    7.29946
11.6374    7.2806
11.6374    7.2806
11.6581    7.2806
11.6581    7.2806
11.6787    7.26173
11.6993    7.26173
11.6993    7.26173
11.72    7.26173
11.72    7.26173
11.7406    7.24287
11.7612    7.24287
11.7612    7.24287
11.7819    7.24287
11.7819    7.24287
11.8025    7.22401
11.8025    7.22401
11.8231    7.22401
11.8231    7.22401
11.8438    7.20515
11.8438    7.20515
11.8644    7.20515
11.8644    7.18629
11.885    7.18629
11.885    7.18629
11.885    7.16743
11.9057    7.16743
11.9057    7.14856
11.9057    7.14856
11.9057    7.1297
11.9263    7.11084
11.9469    7.11084
11.9469    7.09198
11.9676    7.09198
11.9676    7.09198
11.9882    7.07312
12.0088    7.07312
12.0088    7.07312
12.0295    7.07312
12.0501    7.07312
12.0707    7.07312
12.0914    7.07312
12.112    7.07312
12.1326    7.07312
12.1533    7.07312
12.1945    7.07312
12.2358    7.07312
12.2564    7.09198
12.2977    7.09198
12.339    7.09198
12.4009    7.11084
12.4215    7.1297
12.4628    7.1297
12.4834    7.1297
12.5247    7.1297
12.5659    7.14856
12.6072    7.14856
12.6278    7.14856
12.6691    7.14856
12.6897    7.14856
12.7516    7.14856
12.7929    7.14856
