7.36624    7.67669
7.38687    7.67669
7.40751    7.67669
7.44878    7.67669
7.49004    7.67669
7.51068    7.65783
7.53131    7.65783
7.61385    7.63897
7.63448    7.63897
7.65511    7.63897
7.69638    7.63897
7.71701    7.63897
7.73765    7.63897
7.77892    7.63897
7.79955    7.63897
7.79955    7.63897
7.79955    7.63897
7.84082    7.63897
7.86145    7.63897
7.90272    7.63897
7.92335    7.63897
7.92335    7.63897
7.96462    7.63897
8.00589    7.63897
8.02652    7.63897
8.06779    7.63897
8.10905    7.63897
8.17096    7.62011
8.19159    7.60124
8.25349    7.60124
8.27412    7.60124
8.31539    7.58238
8.39793    7.58238
8.43919    7.58238
8.45983    7.58238
8.48046    7.58238
8.52173    7.58238
8.60426    7.58238
8.6249    7.58238
8.64553    7.58238
8.6868    7.60124
8.72807    7.60124
8.78997    7.60124
8.8106    7.60124
8.8725    7.60124
8.8725    7.60124
8.91377    7.62011
8.97567    7.62011
9.01694    7.62011
9.05821    7.62011
9.07884    7.62011
9.09947    7.60124
9.18201    7.60124
9.22328    7.58238
9.26454    7.58238
9.30581    7.56352
9.32644    7.56352
9.38835    7.54466
9.45025    7.54466
9.47088    7.5258
9.51215    7.5258
9.55342    7.5258
9.61532    7.5258
9.63595    7.5258
9.67722    7.5258
9.71849    7.5258
9.75975    7.5258
9.84229    7.5258
9.88356    7.5258
9.92482    7.5258
9.96609    7.5258
9.98672    7.5258
10.028    7.5258
10.0693    7.5258
10.1105    7.5258
10.1312    7.5258
10.1931    7.5258
10.2343    7.50694
10.2756    7.50694
10.2962    7.50694
10.3581    7.48807
10.3788    7.48807
10.4613    7.46921
10.5026    7.46921
10.5232    7.46921
10.5438    7.45035
10.5851    7.45035
10.647    7.45035
10.6676    7.43149
10.7089    7.43149
10.7502    7.43149
10.7914    7.41263
10.8533    7.41263
10.874    7.41263
10.9152    7.39377
10.9565    7.39377
10.9771    7.39377
11.0184    7.3749
11.039    7.3749
11.0803    7.35604
11.1216    7.35604
11.1422    7.33718
11.1835    7.31832
11.2041    7.31832
11.2454    7.29946
11.2866    7.2806
11.3073    7.26173
11.3485    7.24287
11.3692    7.22401
11.4105    7.20515
11.4517    7.18629
11.4724    7.18629
11.493    7.16743
11.5343    7.14856
11.5755    7.14856
11.5962    7.14856
11.5962    7.1297
11.6581    7.11084
11.6993    7.11084
11.72    7.11084
11.7406    7.11084
11.7819    7.11084
11.8644    7.09198
11.885    7.09198
11.9057    7.09198
11.9676    7.09198
11.9676    7.09198
12.0295    7.09198
12.0707    7.09198
12.112    7.09198
12.1326    7.09198
12.1533    7.07312
12.2152    7.07312
12.2358    7.07312
12.2977    7.05426
12.3183    7.05426
12.3596    7.05426
12.4421    7.03539
12.4628    7.03539
12.4834    7.03539
12.5247    7.05426
12.5659    7.05426
12.6072    7.07312
12.6485    7.07312
12.6691    7.09198
