6.68533    7.88417
6.70596    7.88417
6.7266    7.86531
6.7266    7.88417
6.74723    7.86531
6.76786    7.88417
6.7885    7.86531
6.82976    7.88417
6.8504    7.88417
6.87103    7.88417
6.89166    7.90303
6.93293    7.92189
6.9742    7.94075
7.01547    7.95961
7.0361    7.97848
7.07737    7.99734
7.098    8.0162
7.1599    8.05392
7.18054    8.07278
7.2218    8.07278
7.24244    8.09165
7.26307    8.11051
7.32497    8.11051
7.34561    8.11051
7.36624    8.12937
7.40751    8.14823
7.42814    8.12937
7.49004    8.12937
7.53131    8.12937
7.55194    8.12937
7.59321    8.12937
7.61385    8.11051
7.67575    8.07278
7.71701    8.07278
7.75828    8.07278
7.77892    8.05392
7.79955    8.07278
7.86145    8.05392
7.90272    8.07278
7.92335    8.05392
7.96462    8.07278
7.98525    8.05392
8.04715    8.07278
8.08842    8.07278
8.12969    8.07278
8.17096    8.07278
8.21222    8.09165
8.27412    8.12937
8.31539    8.14823
8.35666    8.12937
8.39793    8.16709
8.43919    8.16709
8.5011    8.18595
8.52173    8.16709
8.563    8.18595
8.60426    8.16709
8.6249    8.18595
8.6868    8.16709
8.72807    8.18595
8.76933    8.16709
8.8106    8.16709
8.83124    8.16709
8.91377    8.14823
8.95504    8.11051
8.97567    8.09165
9.01694    8.11051
9.05821    8.07278
9.12011    8.05392
9.14074    8.07278
9.18201    8.05392
9.20264    8.05392
9.24391    8.05392
9.28518    8.03506
9.32644    8.0162
9.36771    8.03506
9.38835    8.0162
9.42961    8.03506
9.49151    8.0162
9.51215    8.0162
9.55342    8.0162
9.59468    8.0162
9.61532    8.0162
9.67722    8.0162
9.71849    8.0162
9.75975    8.0162
9.78039    8.0162
9.82165    8.0162
9.88356    7.99734
9.90419    7.97848
9.94546    7.99734
9.96609    7.95961
10.0074    7.95961
10.0486    7.92189
10.0899    7.90303
10.1105    7.90303
10.1518    7.88417
10.1931    7.86531
10.2343    7.84644
10.2756    7.80872
10.2962    7.78986
10.3169    7.80872
10.3581    7.771
10.3994    7.75214
10.42    7.75214
10.4613    7.75214
10.4819    7.73327
10.5026    7.71441
10.5645    7.69555
10.5851    7.67669
10.6057    7.67669
10.647    7.67669
10.6676    7.65783
10.7089    7.62011
10.7502    7.62011
10.7708    7.60124
10.7914    7.60124
10.8121    7.60124
10.8533    7.58238
10.874    7.54466
10.8946    7.54466
10.9152    7.5258
10.9359    7.5258
10.9565    7.48807
10.9565    7.46921
10.9771    7.45035
10.9978    7.45035
10.9978    7.45035
11.039    7.43149
11.0597    7.41263
11.0803    7.41263
11.1009    7.41263
11.1216    7.41263
11.1628    7.39377
11.1835    7.3749
11.2041    7.39377
11.2247    7.3749
11.2454    7.3749
11.266    7.35604
11.2866    7.33718
11.3073    7.33718
11.3279    7.33718
11.3279    7.31832
11.3485    7.2806
11.3692    7.26173
11.3898    7.26173
11.3898    7.24287
11.3898    7.20515
11.4105    7.14856
11.4311    7.14856
11.4311    7.1297
11.4311    7.09198
11.4517    7.07312
11.4724    7.05426
11.4724    7.01653
11.493    6.99767
11.493    6.99767
11.5136    6.99767
11.5343    6.97881
11.5343    6.94109
11.5549    6.94109
11.5549    6.94109
11.5755    6.94109
11.5962    6.94109
11.6168    6.94109
11.6168    6.94109
11.6374    6.94109
11.6581    6.94109
11.6787    6.94109
11.6993    6.94109
11.6993    6.94109
11.72    6.94109
11.7406    6.94109
11.7612    6.94109
11.7612    6.94109
11.7819    6.94109
11.7819    6.94109
11.8025    6.94109
11.8231    6.94109
11.8231    6.94109
11.8438    6.92222
11.8438    6.94109
11.8644    6.92222
11.885    6.92222
11.885    6.92222
11.9057    6.92222
11.9057    6.92222
11.9057    6.92222
11.9263    6.92222
11.9263    6.94109
11.9469    6.92222
11.9469    6.94109
11.9469    6.92222
11.9676    6.95995
11.9882    6.95995
12.0088    6.95995
12.0295    6.97881
12.0501    6.95995
12.0914    6.99767
12.112    7.01653
12.1326    7.01653
12.1533    7.03539
12.1739    7.05426
12.2152    7.05426
12.2564    7.07312
12.2771    7.09198
12.2977    7.09198
12.3183    7.09198
12.3596    7.11084
12.4009    7.1297
12.4215    7.11084
12.4421    7.1297
12.4834    7.11084
12.5247    7.11084
12.5659    7.11084
12.5866    7.11084
12.6278    7.11084
12.6485    7.11084
12.7104    7.11084
12.7516    7.11084
12.7723    7.11084
