6.93293    7.1297
6.93293    7.1297
6.93293    7.1297
6.93293    7.14856
6.93293    7.14856
6.95357    7.14856
6.9742    7.16743
6.9742    7.16743
6.9742    7.16743
6.99483    7.16743
7.01547    7.16743
7.01547    7.16743
7.05673    7.16743
7.07737    7.16743
7.098    7.14856
7.098    7.14856
7.11864    7.1297
7.18054    7.11084
7.18054    7.09198
7.2218    7.07312
7.24244    7.05426
7.28371    7.03539
7.32497    7.01653
7.36624    6.99767
7.38687    6.99767
7.38687    6.97881
7.40751    6.97881
7.46941    6.97881
7.46941    6.97881
7.49004    6.97881
7.53131    6.97881
7.55194    6.97881
7.57258    7.01653
7.61385    7.01653
7.65511    7.03539
7.67575    7.05426
7.67575    7.09198
7.73765    7.1297
7.77892    7.16743
7.82018    7.18629
7.84082    7.20515
7.86145    7.22401
7.92335    7.24287
7.92335    7.24287
7.96462    7.24287
7.98525    7.24287
8.02652    7.24287
8.08842    7.24287
8.10905    7.24287
8.15032    7.22401
8.19159    7.22401
8.21222    7.20515
8.27412    7.18629
8.31539    7.18629
8.35666    7.16743
8.39793    7.16743
8.41856    7.16743
8.45983    7.18629
8.5011    7.18629
8.52173    7.20515
8.563    7.20515
8.60426    7.22401
8.64553    7.24287
8.6868    7.26173
8.70743    7.2806
8.72807    7.29946
8.76933    7.31832
8.83124    7.35604
8.83124    7.39377
8.8725    7.41263
8.89314    7.41263
8.9344    7.43149
8.99631    7.45035
9.01694    7.45035
9.05821    7.45035
9.07884    7.45035
9.09947    7.46921
9.18201    7.45035
9.20264    7.45035
9.22328    7.45035
9.26454    7.43149
9.30581    7.43149
9.36771    7.43149
9.38835    7.43149
9.42961    7.43149
9.47088    7.41263
9.49151    7.41263
9.51215    7.43149
9.55342    7.43149
9.57405    7.43149
9.59468    7.45035
9.63595    7.45035
9.67722    7.46921
9.69785    7.48807
9.69785    7.50694
9.71849    7.5258
9.75975    7.54466
9.80102    7.56352
9.82165    7.58238
9.84229    7.60124
9.86292    7.60124
9.88356    7.60124
9.94546    7.62011
9.94546    7.62011
9.96609    7.60124
10.0074    7.60124
10.028    7.60124
10.0486    7.58238
10.0899    7.56352
10.1312    7.54466
10.1518    7.5258
10.1518    7.50694
10.2137    7.46921
10.255    7.45035
10.2756    7.43149
10.2756    7.43149
10.2962    7.41263
10.3581    7.39377
10.3581    7.39377
10.3788    7.3749
10.3994    7.3749
10.3994    7.3749
10.4407    7.35604
10.4407    7.35604
10.4613    7.35604
10.4819    7.35604
10.4819    7.35604
10.5026    7.35604
10.5438    7.35604
10.5438    7.3749
10.5645    7.3749
10.5645    7.39377
10.5851    7.41263
10.6264    7.43149
10.647    7.45035
10.647    7.46921
10.647    7.46921
10.6883    7.48807
10.7089    7.48807
10.7295    7.48807
10.7295    7.48807
10.7502    7.48807
10.7914    7.46921
10.7914    7.45035
10.8121    7.45035
10.8121    7.43149
10.8121    7.43149
10.8327    7.39377
10.874    7.3749
10.874    7.35604
10.8946    7.35604
10.874    7.33718
10.9152    7.33718
10.9152    7.31832
10.9152    7.31832
10.9359    7.31832
10.9152    7.29946
10.9359    7.29946
10.9359    7.29946
10.9359    7.29946
10.9359    7.29946
10.9359    7.29946
10.9565    7.29946
10.9771    7.29946
10.9565    7.31832
10.9771    7.31832
10.9771    7.31832
10.9771    7.33718
10.9978    7.33718
11.0184    7.35604
11.0184    7.3749
11.0184    7.3749
11.039    7.39377
11.0803    7.41263
11.0803    7.41263
11.1009    7.43149
11.1009    7.43149
11.1009    7.45035
11.1216    7.45035
11.1422    7.45035
11.1422    7.46921
11.1422    7.46921
11.1422    7.46921
11.1628    7.46921
11.1835    7.46921
11.1628    7.46921
11.1835    7.46921
11.1835    7.45035
11.1835    7.45035
11.1835    7.43149
11.1835    7.41263
11.1835    7.41263
11.2041    7.3749
11.2247    7.3749
11.2041    7.35604
11.2247    7.33718
11.2041    7.33718
11.2247    7.31832
11.2041    7.29946
11.2247    7.29946
11.2041    7.29946
11.2247    7.2806
11.2041    7.2806
11.2247    7.2806
11.2041    7.2806
11.2247    7.2806
11.2041    7.2806
11.2247    7.2806
11.2041    7.2806
11.2247    7.2806
11.2041    7.2806
11.2247    7.2806
11.2247    7.2806
11.2247    7.29946
11.2247    7.29946
11.2247    7.29946
11.2247    7.31832
11.2247    7.33718
11.2247    7.33718
11.2454    7.35604
11.266    7.35604
11.2454    7.35604
11.266    7.3749
11.266    7.39377
11.266    7.39377
11.266    7.39377
11.266    7.41263
11.266    7.41263
11.2866    7.41263
11.3073    7.43149
11.2866    7.43149
11.3073    7.43149
11.3073    7.43149
11.3073    7.45035
11.3073    7.45035
11.3073    7.45035
11.3279    7.45035
11.3485    7.46921
11.3279    7.46921
11.3485    7.46921
11.3485    7.46921
11.3485    7.46921
11.3485    7.46921
11.3485    7.46921
11.3485    7.46921
11.3692    7.46921
11.3898    7.46921
11.3692    7.45035
11.3898    7.45035
11.3692    7.43149
11.3898    7.43149
11.3692    7.41263
11.3898    7.39377
11.3692    7.3749
11.3898    7.35604
11.3692    7.33718
11.3898    7.31832
11.3692    7.2806
11.3898    7.24287
11.3692    7.22401
11.3898    7.20515
11.3692    7.18629
11.3898    7.16743
11.3898    7.14856
11.3898    7.1297
11.3898    7.1297
11.3898    7.11084
11.4105    7.11084
11.4311    7.11084
11.4311    7.11084
11.4311    7.09198
11.4517    7.09198
11.493    7.09198
11.493    7.11084
11.5136    7.11084
11.5136    7.11084
11.5136    7.1297
11.5549    7.14856
11.5755    7.14856
11.6168    7.16743
11.6374    7.16743
11.6374    7.16743
11.6787    7.18629
11.6993    7.18629
11.7406    7.18629
11.7612    7.18629
11.7612    7.18629
11.7819    7.16743
11.8231    7.14856
11.8438    7.14856
11.8438    7.1297
11.8644    7.11084
11.9263    7.07312
11.9263    7.05426
11.9469    7.03539
11.9882    7.03539
12.0295    7.01653
12.0707    7.01653
12.112    7.01653
12.1326    7.01653
12.1533    7.03539
12.1945    7.03539
12.2358    7.05426
12.2564    7.07312
12.2771    7.07312
12.3183    7.09198
12.339    7.11084
12.3802    7.14856
12.4215    7.16743
12.4421    7.18629
12.4834    7.18629
12.5247    7.20515
12.5866    7.20515
12.5866    7.20515
12.6278    7.20515
12.6485    7.20515
12.7104    7.18629
12.7516    7.18629
12.7929    7.16743
12.8342    7.14856
12.8754    7.14856
12.9167    7.1297
