7.90272    6.18662
7.90272    6.18662
7.92335    6.16776
7.92335    6.16776
7.94398    6.1489
7.94398    6.1489
7.96462    6.1489
7.96462    6.13004
7.98525    6.13004
8.00589    6.13004
8.00589    6.11117
8.02652    6.11117
8.06779    6.11117
8.08842    6.11117
8.12969    6.11117
8.15032    6.11117
8.19159    6.13004
8.25349    6.13004
8.29476    6.1489
8.33603    6.16776
8.37729    6.16776
8.41856    6.18662
8.52173    6.22434
8.563    6.22434
8.60426    6.2432
8.64553    6.2432
8.6868    6.2432
8.76933    6.2432
8.8106    6.2432
8.85187    6.2432
8.89314    6.2432
8.9344    6.22434
9.03757    6.22434
9.07884    6.20548
9.14074    6.20548
9.20264    6.18662
9.24391    6.18662
9.34708    6.16776
9.40898    6.16776
9.45025    6.16776
9.49151    6.16776
9.55342    6.16776
9.63595    6.18662
9.69785    6.18662
9.73912    6.20548
9.78039    6.20548
9.84229    6.22434
9.94546    6.2432
10.0074    6.26207
10.0693    6.28093
10.1312    6.29979
10.1724    6.31865
10.2756    6.35637
10.3375    6.37524
10.3994    6.3941
10.4407    6.3941
10.5026    6.41296
10.6057    6.43182
10.6676    6.45068
10.7295    6.45068
10.7914    6.46954
10.8327    6.46954
10.9565    6.48841
11.039    6.50727
11.1009    6.50727
11.1628    6.52613
11.2247    6.54499
11.3279    6.58271
11.3898    6.60158
11.4517    6.62044
11.5136    6.6393
11.5755    6.65816
11.6787    6.69588
11.7406    6.71475
11.8025    6.73361
11.8644    6.75247
11.9263    6.79019
12.0501    6.82792
12.112    6.84678
12.1739    6.86564
12.2358    6.86564
12.2977    6.86564
12.4009    6.86564
12.4628    6.86564
12.504    6.84678
12.5659    6.84678
12.6072    6.82792
12.7104    6.79019
12.7723    6.75247
12.8135    6.73361
