5.09653    6.2432
5.1378    6.2432
5.1997    6.22434
5.28223    6.22434
5.3235    6.20548
5.36477    6.20548
5.42667    6.18662
5.48857    6.18662
5.55047    6.18662
5.61237    6.18662
5.65364    6.18662
5.69491    6.18662
5.73618    6.18662
5.81871    6.18662
5.88061    6.20548
5.94251    6.20548
5.96315    6.20548
6.04568    6.22434
6.12822    6.22434
6.19012    6.2432
6.21075    6.2432
6.27265    6.26207
6.29329    6.26207
6.39646    6.26207
6.41709    6.26207
6.47899    6.26207
6.49962    6.26207
6.56153    6.26207
6.62343    6.2432
6.68533    6.2432
6.7266    6.2432
6.76786    6.2432
6.80913    6.2432
6.89166    6.2432
6.93293    6.2432
6.95357    6.2432
7.01547    6.26207
7.0361    6.26207
7.11864    6.28093
7.13927    6.29979
7.1599    6.29979
7.20117    6.31865
7.2218    6.33751
7.26307    6.35637
7.28371    6.37524
7.32497    6.3941
7.34561    6.41296
7.34561    6.43182
7.38687    6.45068
7.40751    6.46954
7.44878    6.46954
7.46941    6.48841
7.49004    6.48841
7.55194    6.50727
7.57258    6.50727
7.61385    6.52613
7.65511    6.52613
7.67575    6.52613
7.71701    6.52613
7.73765    6.52613
7.79955    6.52613
7.79955    6.54499
7.82018    6.54499
7.88208    6.56385
7.88208    6.56385
7.90272    6.58271
7.94398    6.58271
7.96462    6.60158
7.96462    6.62044
7.98525    6.6393
8.00589    6.6393
8.00589    6.65816
8.02652    6.67702
8.06779    6.69588
8.06779    6.69588
8.08842    6.71475
8.08842    6.71475
8.10905    6.71475
8.17096    6.73361
8.17096    6.73361
8.19159    6.73361
8.23286    6.75247
8.25349    6.75247
8.29476    6.75247
8.31539    6.75247
8.35666    6.75247
8.39793    6.75247
8.41856    6.75247
8.45983    6.75247
8.48046    6.75247
8.52173    6.75247
8.54236    6.75247
8.563    6.75247
8.6249    6.77133
8.64553    6.77133
8.6868    6.77133
8.70743    6.79019
8.72807    6.79019
8.78997    6.80905
8.8106    6.82792
8.85187    6.82792
8.89314    6.82792
8.91377    6.82792
8.97567    6.82792
9.01694    6.82792
9.03757    6.82792
9.07884    6.82792
9.12011    6.80905
9.18201    6.79019
9.24391    6.79019
9.26454    6.77133
9.32644    6.75247
9.34708    6.73361
9.42961    6.73361
9.47088    6.71475
9.51215    6.71475
9.53278    6.71475
9.55342    6.69588
9.63595    6.69588
9.67722    6.67702
9.71849    6.67702
9.75975    6.67702
9.80102    6.67702
9.88356    6.65816
9.92482    6.65816
9.96609    6.65816
10.0074    6.65816
10.0486    6.6393
10.1105    6.6393
10.1312    6.62044
10.1724    6.62044
10.2137    6.60158
10.255    6.58271
10.3375    6.58271
10.3788    6.56385
10.3994    6.54499
10.4407    6.52613
10.4613    6.52613
10.5645    6.50727
10.5851    6.48841
10.647    6.48841
10.6676    6.48841
10.7295    6.46954
10.7914    6.46954
10.8533    6.46954
10.874    6.46954
10.9152    6.46954
10.9565    6.45068
11.039    6.45068
11.0803    6.45068
11.1216    6.45068
11.1628    6.45068
11.2041    6.45068
11.2866    6.45068
11.3279    6.45068
11.3485    6.46954
11.3692    6.45068
11.4311    6.45068
11.493    6.45068
11.5343    6.45068
11.5549    6.43182
11.5962    6.43182
11.6168    6.43182
11.72    6.41296
11.7406    6.41296
11.8025    6.3941
11.8231    6.3941
11.885    6.3941
11.9469    6.3941
12.0088    6.3941
12.0088    6.37524
12.0501    6.3941
12.0914    6.3941
12.1533    6.3941
12.2152    6.3941
12.2358    6.3941
12.2977    6.3941
12.2977    6.3941
12.3802    6.3941
12.4215    6.41296
12.4628    6.41296
12.4834    6.41296
12.5247    6.41296
12.6072    6.41296
12.6278    6.41296
12.6485    6.41296
12.6897    6.41296
12.7104    6.41296
12.7516    6.3941
12.7723    6.3941
12.8135    6.3941
12.8342    6.3941
12.8548    6.37524

