2.66175    6.09231
2.70302    6.09231
2.74429    6.09231
2.82682    6.09231
2.86809    6.07345
2.90936    6.07345
2.95062    6.07345
2.99189    6.07345
3.07443    6.05459
3.11569    6.05459
3.15696    6.03573
3.19823    6.03573
3.2395    6.03573
3.3014    6.03573
3.34266    6.03573
3.38393    6.03573
3.44583    6.03573
3.4871    6.05459
3.56963    6.05459
3.63154    6.05459
3.6728    6.07345
3.71407    6.09231
3.75534    6.09231
3.83787    6.11117
3.87914    6.13004
3.92041    6.13004
3.96168    6.13004
4.00294    6.13004
4.08548    6.13004
4.12675    6.13004
4.16801    6.13004
4.20928    6.13004
4.25055    6.13004
4.33308    6.11117
4.39498    6.11117
4.43625    6.11117
4.47752    6.09231
4.51879    6.09231
4.60132    6.07345
4.64259    6.07345
4.68386    6.07345
4.72512    6.07345
4.74576    6.09231
4.82829    6.09231
4.86956    6.09231
4.91083    6.09231
4.95209    6.11117
4.99336    6.11117
5.05526    6.13004
5.11716    6.1489
5.15843    6.1489
5.17907    6.16776
5.24097    6.18662
5.30287    6.20548
5.34414    6.22434
5.36477    6.2432
5.40604    6.2432
5.4473    6.2432
5.50921    6.26207
5.55047    6.26207
5.59174    6.26207
5.63301    6.26207
5.65364    6.28093
5.73618    6.28093
5.75681    6.28093
5.79808    6.28093
5.83934    6.28093
5.88061    6.28093
5.94251    6.28093
5.98378    6.28093
6.02505    6.28093
6.04568    6.29979
6.08695    6.29979
6.14885    6.31865
6.19012    6.33751
6.21075    6.35637
6.25202    6.35637
6.27265    6.37524
6.33455    6.41296
6.35519    6.43182
6.37582    6.45068
6.41709    6.46954
6.43772    6.48841
6.47899    6.52613
6.47899    6.54499
6.49962    6.56385
6.52026    6.56385
6.54089    6.58271
6.60279    6.60158
6.62343    6.60158
6.64406    6.62044
6.66469    6.62044
6.70596    6.6393
6.74723    6.6393
6.7885    6.65816
6.80913    6.65816
6.8504    6.65816
6.87103    6.65816
6.93293    6.67702
6.9742    6.67702
6.99483    6.67702
7.0361    6.67702
7.07737    6.67702
7.11864    6.69588
7.13927    6.69588
7.18054    6.69588
7.20117    6.71475
7.2218    6.71475
7.28371    6.71475
7.32497    6.73361
7.34561    6.73361
7.38687    6.73361
7.42814    6.73361
7.49004    6.75247
7.51068    6.77133
7.55194    6.77133
7.57258    6.79019
7.61385    6.79019
7.65511    6.80905
7.69638    6.80905
7.71701    6.80905
7.75828    6.80905
7.79955    6.80905
7.86145    6.80905
7.90272    6.80905
7.94398    6.79019
7.98525    6.79019
8.02652    6.77133
8.10905    6.77133
8.15032    6.75247
8.17096    6.75247
8.21222    6.73361
8.25349    6.73361
8.33603    6.73361
8.35666    6.73361
8.39793    6.73361
8.43919    6.73361
8.48046    6.73361
8.54236    6.73361
8.58363    6.73361
8.6249    6.73361
8.66617    6.73361
8.70743    6.73361
8.78997    6.75247
8.83124    6.75247
8.8725    6.75247
8.91377    6.75247
8.95504    6.75247
9.01694    6.77133
9.05821    6.77133
9.09947    6.77133
9.14074    6.77133
9.18201    6.77133
9.24391    6.77133
9.28518    6.77133
9.30581    6.79019
9.36771    6.77133
9.40898    6.77133
9.49151    6.75247
9.51215    6.75247
9.55342    6.73361
9.61532    6.73361
9.63595    6.73361
9.73912    6.73361
9.78039    6.73361
9.82165    6.73361
9.84229    6.73361
9.88356    6.73361
9.96609    6.73361
10.0074    6.73361
10.0486    6.73361
10.0899    6.73361
10.1518    6.73361
10.2137    6.75247
10.255    6.75247
10.2962    6.77133
10.3375    6.75247
10.3788    6.77133
10.4613    6.77133
10.4819    6.77133
10.5438    6.75247
10.5645    6.75247
10.6057    6.73361
10.6883    6.71475
10.7295    6.71475
10.7502    6.69588
10.7914    6.67702
10.8327    6.65816
10.9152    6.62044
10.9359    6.58271
10.9771    6.58271
11.0184    6.56385
11.0597    6.54499
11.1216    6.52613
11.1628    6.50727
11.2041    6.50727
11.2247    6.48841
11.266    6.48841
11.3485    6.46954
11.3898    6.46954
11.4311    6.45068
11.4724    6.45068
11.5136    6.43182
11.5962    6.43182
11.6374    6.43182
11.6787    6.43182
11.72    6.43182
11.7612    6.43182
11.8438    6.41296
11.885    6.41296
11.9263    6.3941
11.9676    6.3941
12.0088    6.37524
12.0914    6.33751
12.112    6.31865
12.1533    6.29979
12.1739    6.28093
12.2152    6.26207
12.2977    6.22434
12.3183    6.20548
12.3596    6.18662
12.4009    6.16776
12.4215    6.1489
12.4834    6.11117
12.5247    6.11117
