2.39351    7.11084
2.43478    7.11084
2.47605    7.11084
2.55858    7.11084
2.57922    7.09198
2.64112    7.11084
2.66175    7.09198
2.72365    7.11084
2.78555    7.09198
2.84745    7.11084
2.86809    7.11084
2.92999    7.11084
2.95062    7.11084
3.03316    7.11084
3.09506    7.11084
3.11569    7.11084
3.17759    7.11084
3.19823    7.11084
3.3014    7.09198
3.34266    7.09198
3.38393    7.09198
3.4252    7.09198
3.46647    7.07312
3.549    7.07312
3.59027    7.07312
3.63154    7.07312
3.65217    7.07312
3.71407    7.07312
3.77597    7.07312
3.83787    7.07312
3.85851    7.07312
3.89977    7.07312
3.94104    7.07312
4.02358    7.09198
4.06484    7.09198
4.10611    7.09198
4.14738    7.09198
4.18865    7.11084
4.27118    7.11084
4.31245    7.1297
4.35372    7.1297
4.39498    7.1297
4.41562    7.1297
4.49815    7.14856
4.53942    7.14856
4.58069    7.14856
4.62195    7.14856
4.66322    7.1297
4.74576    7.1297
4.78702    7.1297
4.82829    7.11084
4.84893    7.11084
4.91083    7.11084
4.97273    7.09198
5.03463    7.09198
5.03463    7.09198
5.0759    7.09198
5.11716    7.09198
5.1997    7.09198
5.24097    7.09198
5.28223    7.09198
5.30287    7.09198
5.36477    7.09198
5.42667    7.11084
5.46794    7.11084
5.50921    7.11084
5.55047    7.11084
5.59174    7.11084
5.63301    7.1297
5.67427    7.1297
5.71554    7.1297
5.73618    7.1297
5.75681    7.1297
5.83934    7.1297
5.88061    7.1297
5.90125    7.1297
5.92188    7.11084
5.96315    7.11084
6.02505    7.11084
6.04568    7.09198
6.08695    7.09198
6.12822    7.09198
6.14885    7.07312
6.19012    7.07312
6.21075    7.07312
6.27265    7.05426
6.27265    7.05426
6.29329    7.05426
6.37582    7.05426
6.39646    7.05426
6.41709    7.05426
6.45836    7.05426
6.49962    7.05426
6.54089    7.05426
6.58216    7.07312
6.60279    7.07312
6.60279    7.07312
6.62343    7.09198
6.68533    7.11084
6.70596    7.1297
6.7266    7.1297
6.74723    7.14856
6.7885    7.16743
6.82976    7.18629
6.8504    7.18629
6.8504    7.20515
6.89166    7.20515
6.9123    7.22401
6.9742    7.22401
6.99483    7.24287
7.0361    7.22401
7.05673    7.24287
7.05673    7.24287
7.098    7.24287
7.13927    7.24287
7.1599    7.24287
7.20117    7.24287
7.2218    7.24287
7.26307    7.24287
7.30434    7.24287
7.32497    7.24287
7.38687    7.24287
7.42814    7.26173
7.46941    7.26173
7.51068    7.26173
7.55194    7.2806
7.59321    7.2806
7.63448    7.2806
7.71701    7.29946
7.75828    7.31832
7.79955    7.31832
7.84082    7.33718
7.88208    7.33718
7.96462    7.3749
7.98525    7.39377
8.04715    7.39377
8.06779    7.39377
8.12969    7.41263
8.19159    7.41263
8.23286    7.41263
8.29476    7.41263
8.31539    7.43149
8.35666    7.41263
8.45983    7.43149
8.48046    7.43149
8.54236    7.43149
8.563    7.43149
8.60426    7.43149
8.6868    7.43149
8.72807    7.43149
8.76933    7.45035
8.8106    7.45035
8.85187    7.45035
8.9344    7.46921
8.97567    7.46921
9.01694    7.48807
9.05821    7.46921
9.12011    7.48807
9.18201    7.48807
9.22328    7.50694
9.26454    7.50694
9.32644    7.5258
9.34708    7.5258
9.45025    7.5258
9.49151    7.54466
9.53278    7.54466
9.55342    7.54466
9.63595    7.54466
9.69785    7.54466
9.73912    7.5258
9.75975    7.5258
9.84229    7.5258
9.88356    7.5258
9.96609    7.50694
10.0074    7.48807
10.0486    7.50694
10.1105    7.48807
10.1312    7.50694
10.2343    7.50694
10.2756    7.50694
10.3169    7.50694
10.3375    7.50694
10.3994    7.50694
10.4613    7.50694
10.5232    7.50694
10.5438    7.50694
10.6057    7.50694
10.647    7.50694
10.7295    7.5258
10.7708    7.50694
10.8121    7.50694
10.8533    7.50694
10.8946    7.50694
10.9771    7.48807
11.0184    7.46921
11.0597    7.46921
11.1009    7.45035
11.1422    7.43149
11.2247    7.41263
11.2866    7.41263
11.3485    7.39377
11.3692    7.39377
11.4311    7.39377
11.5136    7.3749
11.5549    7.3749
11.5962    7.3749
11.6374    7.3749
11.6993    7.3749
11.7819    7.35604
11.8231    7.35604
11.8644    7.35604
11.9057    7.35604
11.9469    7.35604
12.0295    7.35604
12.0707    7.35604
12.112    7.35604
12.1326    7.35604
12.1533    7.35604
12.2564    7.35604
12.2771    7.33718
12.339    7.33718
12.339    7.33718
12.3802    7.31832
