1.87767    7.48807
1.91894    7.48807
1.93957    7.48807
2.00147    7.48807
2.04274    7.48807
2.08401    7.48807
2.12527    7.46921
2.16654    7.45035
2.24908    7.45035
2.29034    7.43149
2.33161    7.41263
2.37288    7.43149
2.41415    7.39377
2.47605    7.39377
2.49668    7.39377
2.55858    7.39377
2.57922    7.39377
2.64112    7.41263
2.70302    7.43149
2.74429    7.41263
2.78555    7.43149
2.82682    7.43149
2.86809    7.43149
2.95062    7.45035
3.01252    7.46921
3.03316    7.46921
3.09506    7.46921
3.11569    7.48807
3.21886    7.50694
3.2395    7.48807
3.3014    7.50694
3.32203    7.48807
3.38393    7.50694
3.46647    7.48807
3.50773    7.48807
3.549    7.48807
3.6109    7.48807
3.6728    7.48807
3.7347    7.46921
3.79661    7.45035
3.81724    7.46921
3.87914    7.45035
3.87914    7.46921
3.96168    7.46921
3.98231    7.46921
4.04421    7.46921
4.06484    7.46921
4.12675    7.46921
4.16801    7.46921
4.20928    7.48807
4.22991    7.50694
4.27118    7.50694
4.31245    7.50694
4.37435    7.50694
4.39498    7.48807
4.43625    7.50694
4.47752    7.48807
4.51879    7.48807
4.58069    7.46921
4.60132    7.45035
4.64259    7.45035
4.68386    7.43149
4.70449    7.41263
4.74576    7.39377
4.76639    7.3749
4.82829    7.3749
4.82829    7.3749
4.86956    7.3749
4.91083    7.35604
4.95209    7.33718
4.99336    7.33718
5.014    7.33718
5.0759    7.33718
5.11716    7.31832
5.15843    7.29946
5.17907    7.31832
5.24097    7.29946
5.2616    7.31832
5.34414    7.29946
5.3854    7.31832
5.40604    7.29946
5.42667    7.31832
5.46794    7.29946
5.52984    7.29946
5.52984    7.29946
5.57111    7.29946
5.59174    7.2806
5.63301    7.26173
5.69491    7.26173
5.69491    7.24287
5.71554    7.22401
5.75681    7.22401
5.77744    7.22401
5.81871    7.18629
5.83934    7.18629
5.88061    7.16743
5.90125    7.14856
5.92188    7.14856
5.98378    7.14856
6.00441    7.14856
6.04568    7.14856
6.08695    7.14856
6.10758    7.14856
6.14885    7.16743
6.16948    7.14856
6.21075    7.16743
6.25202    7.16743
6.27265    7.16743
6.29329    7.16743
6.35519    7.16743
6.35519    7.16743
6.37582    7.16743
6.41709    7.16743
6.47899    7.14856
6.49962    7.16743
6.54089    7.14856
6.56153    7.14856
6.56153    7.14856
6.60279    7.1297
6.64406    7.11084
6.66469    7.1297
6.70596    7.11084
6.74723    7.1297
6.7885    7.1297
6.82976    7.1297
6.87103    7.14856
6.9123    7.16743
6.93293    7.16743
6.9742    7.20515
7.01547    7.22401
7.0361    7.26173
7.07737    7.26173
7.11864    7.2806
7.18054    7.29946
7.18054    7.31832
7.2218    7.31832
7.24244    7.31832
7.30434    7.31832
7.34561    7.33718
7.38687    7.35604
7.42814    7.33718
7.46941    7.35604
7.49004    7.33718
7.59321    7.3749
7.61385    7.3749
7.65511    7.3749
7.69638    7.39377
7.71701    7.3749
7.77892    7.41263
7.84082    7.41263
7.86145    7.43149
7.90272    7.43149
7.94398    7.43149
8.02652    7.45035
8.06779    7.48807
8.08842    7.50694
8.12969    7.50694
8.15032    7.50694
8.25349    7.5258
8.27412    7.56352
8.31539    7.56352
8.35666    7.58238
8.39793    7.56352
8.48046    7.58238
8.52173    7.58238
8.563    7.58238
8.60426    7.56352
8.64553    7.58238
8.72807    7.56352
8.76933    7.56352
8.8106    7.56352
8.85187    7.58238
8.89314    7.56352
8.95504    7.60124
8.97567    7.60124
9.03757    7.60124
9.05821    7.60124
9.12011    7.62011
9.18201    7.62011
9.24391    7.63897
9.28518    7.65783
9.30581    7.65783
9.36771    7.67669
9.42961    7.71441
9.49151    7.73327
9.49151    7.71441
9.53278    7.73327
9.57405    7.73327
9.63595    7.73327
9.69785    7.73327
9.71849    7.73327
9.78039    7.75214
9.80102    7.75214
9.88356    7.75214
9.92482    7.73327
9.96609    7.73327
10.0074    7.71441
10.0486    7.73327
10.1312    7.73327
10.1724    7.75214
10.2137    7.771
10.2343    7.75214
10.255    7.771
10.3581    7.75214
10.3788    7.771
10.42    7.78986
10.4819    7.80872
10.5026    7.80872
10.6057    7.82758
10.6264    7.84644
10.6676    7.84644
10.7089    7.86531
10.7502    7.88417
10.8327    7.86531
10.874    7.88417
10.8946    7.88417
10.9152    7.88417
10.9565    7.88417
11.0597    7.86531
11.0803    7.86531
11.1422    7.86531
11.1422    7.84644
11.1835    7.82758
11.266    7.82758
11.3073    7.82758
11.3485    7.82758
11.3898    7.82758
11.4311    7.82758
11.4724    7.80872
11.5136    7.80872
11.5549    7.80872
11.5962    7.80872
11.6168    7.80872
11.72    7.82758
11.72    7.84644
11.7612    7.84644
11.8025    7.86531
11.8231    7.88417
11.885    7.88417
11.9057    7.88417
11.9469    7.90303
11.9882    7.92189
12.0088    7.90303
12.0501    7.92189
12.0914    7.92189
12.112    7.92189
12.1533    7.92189
12.1945    7.90303
12.2564    7.92189
12.2564    7.90303
12.2977    7.92189
12.339    7.90303
12.3596    7.92189
12.4421    7.92189
12.4628    7.92189
12.4834    7.92189
12.5247    7.92189
