2.18718    8.12937
2.22844    8.12937
2.26971    8.12937
2.35224    8.14823
2.39351    8.14823
2.43478    8.14823
2.47605    8.14823
2.51731    8.16709
2.62048    8.16709
2.66175    8.16709
2.72365    8.16709
2.76492    8.18595
2.80619    8.18595
2.88872    8.20482
2.92999    8.20482
2.97126    8.20482
3.01252    8.20482
3.05379    8.20482
3.11569    8.20482
3.15696    8.20482
3.19823    8.18595
3.26013    8.18595
3.3014    8.16709
3.38393    8.14823
3.4252    8.12937
3.46647    8.12937
3.50773    8.11051
3.549    8.11051
3.6109    8.09165
3.65217    8.09165
3.69344    8.09165
3.71407    8.09165
3.75534    8.07278
3.83787    8.07278
3.87914    8.07278
3.92041    8.07278
3.96168    8.07278
4.00294    8.07278
4.08548    8.07278
4.12675    8.09165
4.16801    8.09165
4.18865    8.09165
4.22991    8.07278
4.29182    8.07278
4.31245    8.07278
4.35372    8.07278
4.39498    8.05392
4.41562    8.05392
4.49815    8.03506
4.53942    8.0162
4.58069    7.99734
4.60132    7.99734
4.64259    7.97848
4.70449    7.95961
4.74576    7.94075
4.78702    7.94075
4.82829    7.92189
4.84893    7.90303
4.93146    7.88417
4.95209    7.88417
4.99336    7.88417
5.03463    7.86531
5.0759    7.86531
5.15843    7.84644
5.1997    7.84644
5.24097    7.84644
5.28223    7.84644
5.3235    7.84644
5.36477    7.82758
5.40604    7.82758
5.4473    7.82758
5.46794    7.80872
5.50921    7.80872
5.57111    7.78986
5.61237    7.78986
5.63301    7.771
5.67427    7.75214
5.71554    7.75214
5.77744    7.71441
5.81871    7.69555
5.85998    7.67669
5.90125    7.67669
5.92188    7.65783
6.00441    7.63897
6.02505    7.63897
6.06632    7.62011
6.10758    7.62011
6.14885    7.62011
6.21075    7.60124
6.25202    7.60124
6.29329    7.60124
6.33455    7.60124
6.37582    7.60124
6.45836    7.60124
6.49962    7.60124
6.52026    7.60124
6.54089    7.60124
6.58216    7.60124
6.64406    7.60124
6.68533    7.60124
6.70596    7.60124
6.7266    7.60124
6.76786    7.58238
6.82976    7.58238
6.82976    7.58238
6.87103    7.58238
6.89166    7.58238
6.93293    7.58238
6.9742    7.58238
7.01547    7.58238
7.0361    7.58238
7.07737    7.58238
7.098    7.58238
7.18054    7.60124
7.2218    7.60124
7.24244    7.60124
7.28371    7.60124
7.32497    7.60124
7.38687    7.62011
7.42814    7.62011
7.46941    7.63897
7.51068    7.63897
7.57258    7.65783
7.61385    7.67669
7.65511    7.67669
7.69638    7.69555
7.71701    7.69555
7.75828    7.69555
7.82018    7.71441
7.86145    7.73327
7.90272    7.73327
7.92335    7.73327
7.96462    7.73327
8.04715    7.75214
8.08842    7.75214
8.12969    7.75214
8.17096    7.75214
8.21222    7.771
8.27412    7.78986
8.31539    7.78986
8.35666    7.78986
8.39793    7.80872
8.41856    7.80872
8.5011    7.82758
8.54236    7.84644
8.58363    7.84644
8.60426    7.86531
8.64553    7.88417
8.70743    7.92189
8.76933    7.94075
8.78997    7.95961
8.83124    7.97848
8.8725    7.99734
8.9344    8.0162
8.95504    8.0162
8.99631    8.03506
9.03757    8.05392
9.05821    8.05392
9.14074    8.07278
9.16137    8.07278
9.20264    8.07278
9.24391    8.09165
9.28518    8.09165
9.36771    8.11051
9.40898    8.12937
9.45025    8.12937
9.47088    8.12937
9.51215    8.14823
9.57405    8.14823
9.61532    8.14823
9.65658    8.14823
9.69785    8.16709
9.73912    8.16709
9.80102    8.18595
9.84229    8.18595
9.88356    8.20482
9.92482    8.20482
9.96609    8.22368
10.0486    8.24254
10.0899    8.24254
10.1312    8.24254
10.1518    8.24254
10.1931    8.24254
10.2756    8.24254
10.3169    8.24254
10.3581    8.22368
10.3994    8.22368
10.4407    8.22368
10.5232    8.20482
10.5645    8.18595
10.6057    8.18595
10.647    8.18595
10.6883    8.16709
10.7502    8.16709
10.7914    8.16709
10.8327    8.16709
10.874    8.14823
10.9152    8.14823
10.9978    8.16709
11.039    8.16709
11.0803    8.16709
11.1216    8.18595
11.1628    8.18595
11.2454    8.20482
11.2866    8.20482
11.3073    8.22368
11.3692    8.22368
11.4105    8.22368
11.4724    8.22368
11.5136    8.22368
11.5549    8.22368
11.5962    8.24254
11.6374    8.22368
11.72    8.22368
11.7406    8.22368
11.7819    8.22368
11.8231    8.20482
11.8644    8.20482
11.9469    8.20482
11.9676    8.20482
12.0088    8.20482
12.0295    8.18595
12.0707    8.18595
12.1326    8.16709
12.1533    8.16709
12.1945    8.16709
12.2358    8.14823
12.2771    8.12937
12.3183    8.11051
12.3596    8.11051
12.4009    8.11051
12.4215    8.09165
12.4628    8.09165
12.504    8.05392
12.5247    8.05392
