2.97126    7.88417
3.01252    7.88417
3.05379    7.88417
3.13633    7.90303
3.17759    7.90303
3.21886    7.90303
3.26013    7.88417
3.3014    7.90303
3.38393    7.88417
3.4252    7.88417
3.46647    7.86531
3.50773    7.86531
3.549    7.84644
3.63154    7.82758
3.6728    7.82758
3.71407    7.82758
3.75534    7.80872
3.81724    7.80872
3.89977    7.80872
3.94104    7.80872
3.98231    7.80872
4.02358    7.82758
4.06484    7.82758
4.14738    7.84644
4.18865    7.84644
4.22991    7.86531
4.27118    7.86531
4.31245    7.88417
4.39498    7.88417
4.43625    7.88417
4.47752    7.88417
4.49815    7.88417
4.51879    7.88417
4.60132    7.86531
4.66322    7.86531
4.68386    7.84644
4.74576    7.82758
4.76639    7.82758
4.84893    7.78986
4.89019    7.771
4.93146    7.771
4.97273    7.75214
4.99336    7.73327
5.05526    7.73327
5.11716    7.71441
5.1378    7.71441
5.1997    7.69555
5.22033    7.69555
5.30287    7.67669
5.36477    7.67669
5.3854    7.65783
5.4473    7.67669
5.46794    7.65783
5.57111    7.65783
5.59174    7.63897
5.63301    7.63897
5.67427    7.62011
5.71554    7.62011
5.77744    7.58238
5.79808    7.56352
5.85998    7.54466
5.88061    7.5258
5.92188    7.50694
6.00441    7.46921
6.04568    7.45035
6.08695    7.43149
6.10758    7.41263
6.12822    7.41263
6.23139    7.39377
6.25202    7.3749
6.31392    7.3749
6.33455    7.35604
6.39646    7.35604
6.43772    7.35604
6.47899    7.35604
6.52026    7.35604
6.56153    7.35604
6.60279    7.35604
6.66469    7.35604
6.7266    7.35604
6.7266    7.35604
6.76786    7.35604
6.80913    7.35604
6.87103    7.35604
6.93293    7.35604
6.95357    7.33718
6.99483    7.33718
7.0361    7.33718
7.098    7.33718
7.11864    7.33718
7.1599    7.33718
7.20117    7.33718
7.24244    7.35604
7.30434    7.3749
7.32497    7.3749
7.36624    7.39377
7.38687    7.39377
7.40751    7.41263
7.46941    7.45035
7.49004    7.46921
7.53131    7.48807
7.55194    7.50694
7.57258    7.5258
7.63448    7.54466
7.63448    7.56352
7.67575    7.58238
7.71701    7.58238
7.75828    7.60124
7.82018    7.60124
7.88208    7.62011
7.90272    7.62011
7.94398    7.62011
7.98525    7.62011
8.06779    7.65783
8.10905    7.65783
8.12969    7.67669
8.15032    7.69555
8.19159    7.71441
8.25349    7.75214
8.27412    7.771
8.31539    7.78986
8.35666    7.80872
8.39793    7.84644
8.45983    7.88417
8.48046    7.90303
8.54236    7.92189
8.563    7.94075
8.6249    7.94075
8.6868    7.95961
8.7487    7.95961
8.76933    7.95961
8.8106    7.95961
8.85187    7.95961
8.95504    7.97848
8.97567    7.97848
9.03757    7.97848
9.07884    7.97848
9.09947    7.99734
9.20264    8.0162
9.22328    8.0162
9.28518    8.03506
9.30581    8.03506
9.34708    8.05392
9.42961    8.07278
9.47088    8.09165
9.51215    8.11051
9.55342    8.12937
9.57405    8.12937
9.63595    8.16709
9.69785    8.18595
9.71849    8.20482
9.78039    8.20482
9.80102    8.20482
9.88356    8.22368
9.92482    8.22368
9.96609    8.22368
10.0074    8.22368
10.0486    8.22368
10.1518    8.20482
10.1518    8.20482
10.1931    8.18595
10.2343    8.18595
10.2756    8.18595
10.3581    8.18595
10.42    8.18595
10.4819    8.18595
10.4819    8.18595
10.5232    8.20482
10.6057    8.18595
10.647    8.18595
10.6883    8.18595
10.7502    8.20482
10.8121    8.20482
10.874    8.20482
10.9152    8.18595
10.9565    8.18595
11.0184    8.18595
11.0184    8.18595
11.1009    8.16709
11.1422    8.14823
11.1835    8.12937
11.2041    8.11051
11.266    8.09165
11.3279    8.07278
11.3898    8.05392
11.3898    8.03506
11.4311    8.0162
11.4724    7.99734
11.5549    7.97848
11.5755    7.95961
11.6374    7.97848
11.6787    7.97848
11.6993    7.95961
11.7819    7.95961
11.8231    7.95961
11.8644    7.95961
11.885    7.95961
11.9057    7.97848
12.0088    7.99734
12.0501    7.99734
12.0914    7.99734
12.112    8.0162
12.1533    8.0162
12.2358    8.0162
12.2564    8.0162
12.2564    8.0162
12.2977    8.0162
12.339    8.0162
12.4009    8.0162
12.4628    8.0162
12.4628    8.0162
12.504    8.0162
12.5453    8.0162
12.6278    8.03506
12.6485    8.03506
12.7104    8.05392
