10.5851    6.43182
10.5438    6.43182
10.5026    6.45068
10.4407    6.45068
10.3788    6.45068
10.3581    6.46954
10.3169    6.45068
10.2756    6.46954
10.1931    6.45068
10.1724    6.45068
10.1518    6.45068
10.0899    6.45068
10.0693    6.43182
9.98672    6.41296
9.94546    6.41296
9.90419    6.3941
9.86292    6.3941
9.82165    6.3941
9.75975    6.37524
9.73912    6.37524
9.67722    6.37524
9.65658    6.37524
9.61532    6.37524
9.55342    6.37524
9.51215    6.37524
9.49151    6.37524
9.42961    6.37524
9.40898    6.37524
9.32644    6.37524
9.30581    6.37524
9.28518    6.37524
9.22328    6.3941
9.22328    6.3941
9.16137    6.3941
9.12011    6.3941
9.09947    6.37524
9.07884    6.37524
9.03757    6.37524
8.99631    6.35637
8.97567    6.33751
8.95504    6.33751
8.9344    6.31865
8.91377    6.29979
8.8725    6.26207
8.83124    6.2432
8.8106    6.22434
8.8106    6.20548
8.78997    6.18662
8.72807    6.1489
8.72807    6.13004
8.6868    6.11117
8.66617    6.11117
8.6249    6.09231
8.58363    6.05459
8.54236    6.03573
8.52173    6.03573
8.52173    6.01687
8.48046    6.01687
8.43919    5.97914
8.39793    5.97914
8.35666    5.97914
8.33603    5.97914
8.29476    5.96028
8.23286    5.94142
8.21222    5.94142
8.17096    5.92256
8.15032    5.92256
8.15032    5.9037
8.08842    5.88483
8.04715    5.88483
8.02652    5.86597
8.00589    5.84711
7.96462    5.82825
7.90272    5.80939
7.90272    5.79053
7.86145    5.77166
7.84082    5.7528
7.79955    5.73394
7.73765    5.69622
7.71701    5.67736
7.65511    5.65849
7.65511    5.63963
7.61385    5.62077
7.57258    5.60191
7.53131    5.58305
7.51068    5.56419
7.46941    5.56419
7.42814    5.54532
7.38687    5.52646
7.34561    5.52646
7.30434    5.52646
7.26307    5.5076
7.24244    5.52646
7.20117    5.52646
7.18054    5.52646
7.11864    5.52646
7.098    5.52646
7.05673    5.52646
7.01547    5.52646
6.9742    5.52646
6.93293    5.5076
6.9123    5.5076
6.89166    5.5076
6.82976    5.5076
6.7885    5.5076
6.76786    5.5076
6.70596    5.5076
6.68533    5.5076
6.62343    5.5076
6.60279    5.5076
6.54089    5.5076
6.52026    5.52646
6.47899    5.52646
6.41709    5.56419
6.41709    5.56419
6.37582    5.58305
6.35519    5.60191
6.31392    5.62077
6.25202    5.65849
6.25202    5.67736
6.23139    5.69622
6.19012    5.71508
6.16948    5.73394
6.12822    5.77166
6.10758    5.79053
6.06632    5.80939
6.04568    5.82825
6.02505    5.84711
5.96315    5.88483
5.96315    5.9037
5.94251    5.92256
5.88061    5.92256
5.88061    5.94142
5.81871    5.96028
5.77744    5.97914
5.73618    5.998
5.71554    5.998
5.69491    5.998
5.61237    6.01687
5.57111    6.03573
5.55047    6.03573
5.52984    6.05459
5.46794    6.07345
5.42667    6.09231
5.3854    6.11117
5.36477    6.11117
5.30287    6.13004
5.28223    6.13004
5.1997    6.16776
5.17907    6.18662
5.15843    6.20548
5.09653    6.22434
5.0759    6.22434
4.99336    6.26207
4.95209    6.28093
4.91083    6.29979
4.86956    6.29979
4.82829    6.31865
4.76639    6.31865
4.74576    6.31865
4.68386    6.31865
4.66322    6.33751
4.62195    6.31865
4.53942    6.31865
4.49815    6.31865
4.47752    6.31865
4.43625    6.31865
4.41562    6.31865
4.33308    6.31865
4.29182    6.31865
4.25055    6.31865
4.20928    6.33751
4.18865    6.33751
4.12675    6.33751
4.06484    6.33751
4.04421    6.35637
4.00294    6.33751
3.96168    6.35637
3.87914    6.37524
3.83787    6.37524
3.79661    6.37524
3.75534    6.37524
3.71407    6.37524
3.65217    6.3941
3.63154    6.3941
3.56963    6.37524
3.549    6.37524
3.50773    6.37524
3.4252    6.35637
3.38393    6.33751
3.34266    6.33751
3.3014    6.33751
3.26013    6.31865
3.17759    6.29979
3.13633    6.28093
3.09506    6.28093
3.05379    6.28093
3.01252    6.28093
2.95062    6.26207
2.92999    6.28093
2.86809    6.26207
2.84745    6.26207
2.80619    6.26207
2.72365    6.2432
2.68238    6.2432
2.64112    6.2432
2.59985    6.2432
2.55858    6.2432
2.49668    6.2432
