10.8946    5.62077
10.8533    5.62077
10.8121    5.60191
10.7089    5.60191
10.647    5.58305
10.6057    5.54532
10.5438    5.52646
10.5026    5.54532
10.3994    5.48874
10.3375    5.5076
10.2962    5.48874
10.255    5.5076
10.2137    5.48874
10.1105    5.5076
10.0693    5.48874
10.028    5.5076
9.98672    5.5076
9.94546    5.5076
9.84229    5.52646
9.78039    5.54532
9.71849    5.54532
9.67722    5.56419
9.61532    5.58305
9.53278    5.56419
9.49151    5.56419
9.45025    5.56419
9.40898    5.54532
9.34708    5.52646
9.26454    5.52646
9.22328    5.5076
9.18201    5.46988
9.12011    5.45102
9.07884    5.43215
8.97567    5.39443
8.9344    5.37557
8.89314    5.39443
8.85187    5.37557
8.8106    5.39443
8.72807    5.37557
8.6868    5.39443
8.64553    5.37557
8.60426    5.39443
8.54236    5.37557
8.45983    5.39443
8.39793    5.39443
8.35666    5.39443
8.31539    5.41329
8.27412    5.43215
8.19159    5.41329
8.15032    5.41329
8.10905    5.39443
8.06779    5.37557
8.02652    5.37557
7.94398    5.35671
7.90272    5.31898
7.86145    5.30012
7.84082    5.30012
7.79955    5.28126
7.71701    5.22468
7.67575    5.22468
7.63448    5.22468
7.59321    5.20581
7.55194    5.18695
7.49004    5.20581
7.42814    5.18695
7.38687    5.18695
7.34561    5.18695
7.32497    5.20581
7.24244    5.18695
7.20117    5.22468
7.1599    5.22468
7.11864    5.24354
7.07737    5.22468
6.99483    5.24354
6.95357    5.22468
6.9123    5.24354
6.87103    5.22468
6.8504    5.24354
6.76786    5.20581
6.7266    5.18695
6.68533    5.18695
6.64406    5.18695
6.60279    5.16809
6.54089    5.14923
6.49962    5.16809
6.45836    5.14923
6.41709    5.16809
6.39646    5.16809
6.33455    5.16809
6.29329    5.18695
6.25202    5.20581
6.21075    5.20581
6.16948    5.22468
6.08695    5.28126
6.04568    5.30012
6.00441    5.33785
5.94251    5.35671
5.90125    5.35671
5.83934    5.39443
5.79808    5.41329
5.73618    5.43215
5.71554    5.41329
5.67427    5.43215
5.59174    5.41329
5.52984    5.41329
5.48857    5.41329
5.4473    5.41329
5.40604    5.41329
5.3235    5.39443
5.2616    5.37557
5.1997    5.39443
5.15843    5.39443
5.11716    5.39443
5.03463    5.41329
4.99336    5.43215
4.95209    5.43215
4.91083    5.45102
4.86956    5.46988
4.76639    5.46988
4.72512    5.48874
4.66322    5.5076
4.62195    5.5076
4.58069    5.5076
4.47752    5.52646
4.43625    5.54532
4.39498    5.52646
4.35372    5.54532
4.31245    5.52646
4.22991    5.54532
4.18865    5.52646
4.14738    5.52646
4.10611    5.5076
4.04421    5.48874
3.96168    5.48874
3.92041    5.48874
3.87914    5.48874
3.83787    5.48874
3.79661    5.48874
3.71407    5.5076
3.65217    5.48874
3.6109    5.5076
3.59027    5.48874
3.52837    5.5076
3.46647    5.5076
3.4252    5.52646
3.38393    5.54532
3.32203    5.52646
3.26013    5.54532
3.17759    5.54532
3.13633    5.54532
3.09506    5.54532
3.05379    5.54532
3.03316    5.52646
2.97126    5.52646
2.92999    5.5076
2.88872    5.48874
2.86809    5.46988
2.84745    5.43215
2.80619    5.37557
2.76492    5.37557
2.74429    5.35671
2.72365    5.31898
2.68238    5.30012
