11.9676    5.24354
11.9469    5.24354
11.9469    5.24354
11.885    5.2624
11.8231    5.2624
11.8231    5.28126
11.7819    5.28126
11.7612    5.30012
11.6787    5.31898
11.6374    5.31898
11.6168    5.33785
11.5962    5.33785
11.5549    5.33785
11.493    5.33785
11.4724    5.33785
11.4311    5.33785
11.3898    5.33785
11.3485    5.33785
11.2866    5.31898
11.266    5.31898
11.2041    5.31898
11.1835    5.31898
11.1216    5.31898
11.0803    5.30012
11.039    5.30012
11.0184    5.30012
10.9565    5.30012
10.9359    5.31898
10.8533    5.31898
10.8121    5.31898
10.7914    5.31898
10.7708    5.33785
10.7295    5.33785
10.647    5.35671
10.6057    5.37557
10.5645    5.37557
10.5232    5.39443
10.5026    5.39443
10.4407    5.41329
10.3994    5.41329
10.3581    5.41329
10.3375    5.41329
10.3169    5.41329
10.2343    5.41329
10.1931    5.41329
10.1724    5.39443
10.1518    5.39443
10.0899    5.39443
10.0486    5.35671
10.0074    5.35671
9.98672    5.33785
9.92482    5.33785
9.90419    5.33785
9.84229    5.31898
9.82165    5.31898
9.78039    5.31898
9.75975    5.31898
9.73912    5.31898
9.67722    5.31898
9.65658    5.31898
9.61532    5.31898
9.57405    5.31898
9.55342    5.31898
9.51215    5.33785
9.47088    5.33785
9.42961    5.33785
9.40898    5.33785
9.36771    5.35671
9.30581    5.35671
9.28518    5.35671
9.24391    5.35671
9.22328    5.33785
9.20264    5.33785
9.14074    5.33785
9.12011    5.31898
9.07884    5.31898
9.05821    5.30012
9.03757    5.30012
8.97567    5.28126
8.95504    5.28126
8.91377    5.2624
8.89314    5.2624
8.8725    5.24354
8.83124    5.24354
8.78997    5.24354
8.76933    5.24354
8.76933    5.24354
8.7487    5.24354
8.6868    5.24354
8.66617    5.24354
8.6249    5.24354
8.60426    5.24354
8.60426    5.2624
8.563    5.28126
8.54236    5.28126
8.48046    5.30012
8.48046    5.30012
8.45983    5.30012
8.39793    5.31898
8.39793    5.31898
8.35666    5.31898
8.33603    5.31898
8.29476    5.31898
8.25349    5.31898
8.21222    5.31898
8.19159    5.31898
8.19159    5.30012
8.17096    5.30012
8.10905    5.28126
8.08842    5.28126
8.04715    5.2624
8.02652    5.2624
8.02652    5.2624
7.98525    5.2624
7.96462    5.24354
7.92335    5.24354
7.90272    5.24354
7.90272    5.24354
7.88208    5.24354
7.84082    5.24354
7.82018    5.2624
7.82018    5.2624
7.82018    5.28126
7.79955    5.28126
7.75828    5.28126
7.75828    5.28126
7.73765    5.30012
7.73765    5.28126
7.69638    5.30012
7.67575    5.30012
7.63448    5.30012
7.61385    5.28126
7.61385    5.28126
7.57258    5.28126
7.55194    5.28126
7.49004    5.28126
7.49004    5.2624
7.44878    5.2624
7.38687    5.24354
7.34561    5.22468
7.30434    5.22468
7.28371    5.22468
7.26307    5.22468
7.20117    5.22468
7.18054    5.22468
7.1599    5.22468
7.13927    5.22468
7.098    5.22468
7.0361    5.24354
7.0361    5.2624
6.99483    5.2624
6.9742    5.28126
6.93293    5.28126
6.87103    5.31898
6.8504    5.33785
6.80913    5.35671
6.76786    5.37557
6.74723    5.39443
6.70596    5.41329
6.66469    5.43215
6.62343    5.43215
6.60279    5.45102
6.56153    5.45102
6.49962    5.46988
6.47899    5.46988
6.43772    5.48874
6.39646    5.48874
6.35519    5.48874
6.27265    5.48874
6.23139    5.48874
6.19012    5.48874
6.14885    5.48874
6.10758    5.48874
6.02505    5.5076
5.98378    5.5076
5.96315    5.5076
5.94251    5.5076
5.88061    5.52646
5.83934    5.54532
5.79808    5.54532
5.77744    5.56419
5.71554    5.56419
5.69491    5.56419
5.61237    5.58305
5.57111    5.60191
5.52984    5.62077
5.48857    5.63963
5.4473    5.63963
5.36477    5.65849
5.3235    5.65849
5.28223    5.65849
5.24097    5.67736
5.1997    5.67736
5.11716    5.67736
5.0759    5.65849
5.03463    5.65849
4.99336    5.63963
4.95209    5.63963
4.86956    5.62077
4.82829    5.62077
4.78702    5.60191
4.72512    5.60191
4.70449    5.58305
4.62195    5.56419
4.58069    5.56419
4.53942    5.56419
4.49815    5.56419
4.47752    5.56419
4.41562    5.54532
4.37435    5.54532
4.33308    5.54532
4.29182    5.54532
4.25055    5.54532
4.16801    5.54532
4.12675    5.56419
4.08548    5.56419
4.04421    5.56419
4.00294    5.56419
3.94104    5.56419
3.89977    5.56419
3.85851    5.56419
3.81724    5.56419
3.79661    5.54532
3.69344    5.52646
3.6728    5.52646
3.63154    5.52646
3.59027    5.5076
3.549    5.48874
3.46647    5.46988
3.4252    5.45102
3.38393    5.43215
3.34266    5.43215
3.3014    5.41329
3.2395    5.41329
3.21886    5.41329
3.17759    5.41329
3.13633    5.41329
3.09506    5.41329
3.03316    5.41329
3.01252    5.41329
2.97126    5.41329
2.92999    5.41329
2.88872    5.41329
2.82682    5.43215
2.80619    5.43215
2.74429    5.43215
2.72365    5.43215
2.68238    5.43215
2.62048    5.43215
2.57922    5.43215
2.55858    5.43215
2.51731    5.43215
2.47605    5.43215
2.43478    5.41329
2.39351    5.41329
