11.493    6.09231
11.4517    6.09231
11.4105    6.11117
11.3279    6.13004
11.2866    6.13004
11.2454    6.13004
11.2041    6.13004
11.1628    6.1489
11.1009    6.13004
11.0597    6.13004
11.0184    6.13004
10.9771    6.13004
10.9359    6.11117
10.8533    6.09231
10.8121    6.09231
10.7708    6.07345
10.7295    6.07345
10.6883    6.07345
10.6057    6.05459
10.5645    6.05459
10.5232    6.05459
10.4819    6.05459
10.4407    6.03573
10.3581    6.03573
10.3169    6.03573
10.2756    6.01687
10.2343    6.01687
10.1931    6.01687
10.1105    6.01687
10.0693    6.01687
10.028    6.01687
9.98672    6.01687
9.94546    6.01687
9.86292    5.998
9.82165    5.998
9.78039    5.998
9.75975    5.97914
9.71849    5.97914
9.63595    5.94142
9.59468    5.94142
9.55342    5.92256
9.53278    5.9037
9.47088    5.88483
9.40898    5.86597
9.36771    5.84711
9.32644    5.82825
9.28518    5.82825
9.24391    5.80939
9.18201    5.79053
9.14074    5.79053
9.12011    5.77166
9.07884    5.77166
9.05821    5.7528
8.97567    5.73394
8.9344    5.71508
8.89314    5.71508
8.8725    5.69622
8.83124    5.69622
8.76933    5.65849
8.72807    5.65849
8.70743    5.63963
8.6868    5.62077
8.64553    5.60191
8.60426    5.56419
8.563    5.54532
8.54236    5.52646
8.52173    5.5076
8.5011    5.48874
8.43919    5.43215
8.41856    5.41329
8.39793    5.39443
8.37729    5.37557
8.35666    5.35671
8.31539    5.33785
8.29476    5.31898
8.27412    5.31898
8.23286    5.30012
8.21222    5.30012
8.17096    5.28126
8.15032    5.28126
8.10905    5.28126
8.08842    5.28126
8.06779    5.28126
8.02652    5.28126
8.00589    5.30012
7.98525    5.30012
7.96462    5.30012
7.94398    5.30012
7.90272    5.30012
7.86145    5.30012
7.84082    5.30012
7.79955    5.28126
7.77892    5.28126
7.73765    5.28126
7.71701    5.2624
7.67575    5.2624
7.65511    5.24354
7.63448    5.22468
7.57258    5.20581
7.55194    5.20581
7.51068    5.18695
7.49004    5.18695
7.46941    5.18695
7.42814    5.16809
7.38687    5.16809
7.36624    5.16809
7.34561    5.16809
7.32497    5.16809
7.28371    5.16809
7.26307    5.18695
7.2218    5.18695
7.20117    5.18695
7.18054    5.20581
7.13927    5.22468
7.11864    5.24354
7.07737    5.2624
7.05673    5.28126
7.0361    5.30012
6.9742    5.33785
6.95357    5.35671
6.9123    5.37557
6.89166    5.39443
6.87103    5.39443
6.80913    5.41329
6.76786    5.43215
6.74723    5.43215
6.70596    5.43215
6.66469    5.43215
6.60279    5.45102
6.56153    5.45102
6.52026    5.45102
6.47899    5.45102
6.43772    5.45102
6.37582    5.43215
6.33455    5.43215
6.29329    5.43215
6.25202    5.43215
6.21075    5.43215
6.12822    5.43215
6.06632    5.43215
6.02505    5.43215
6.00441    5.43215
5.94251    5.41329
5.88061    5.43215
5.81871    5.43215
5.77744    5.43215
5.73618    5.43215
5.67427    5.43215
5.59174    5.45102
5.55047    5.45102
5.50921    5.45102
5.46794    5.45102
5.42667    5.45102
5.34414    5.45102
5.28223    5.45102
5.24097    5.45102
5.1997    5.43215
5.15843    5.45102
5.0759    5.43215
5.014    5.43215
4.97273    5.41329
4.93146    5.41329
4.86956    5.39443
4.78702    5.39443
4.74576    5.39443
4.70449    5.39443
4.64259    5.39443
4.60132    5.39443
4.51879    5.39443
4.47752    5.39443
4.43625    5.39443
4.39498    5.39443
4.35372    5.39443
4.27118    5.41329
4.22991    5.41329
4.18865    5.43215
4.14738    5.43215
4.10611    5.45102
4.02358    5.45102
3.98231    5.46988
3.94104    5.46988
3.87914    5.46988
3.83787    5.45102
3.77597    5.45102
3.7347    5.45102
3.69344    5.45102
3.65217    5.45102
3.6109    5.45102
3.52837    5.43215
3.4871    5.41329
3.44583    5.41329
3.40456    5.41329
3.3633    5.41329
3.28076    5.41329
3.2395    5.41329
3.21886    5.41329
3.17759    5.41329
3.13633    5.41329
3.07443    5.41329
3.03316    5.43215
2.99189    5.41329
2.95062    5.41329
2.92999    5.41329
2.84745    5.43215
2.80619    5.43215
2.76492    5.45102
2.72365    5.45102
2.68238    5.45102
2.62048    5.43215
2.57922    5.43215
2.53795    5.43215
2.51731    5.43215
2.49668    5.41329
2.43478    5.39443
2.39351    5.37557
2.37288    5.37557
2.33161    5.35671
