11.2247    6.80905
11.1835    6.80905
11.1422    6.80905
11.0803    6.80905
11.039    6.79019
10.9978    6.79019
10.9565    6.77133
10.9359    6.79019
10.8533    6.75247
10.8327    6.75247
10.7914    6.75247
10.7502    6.75247
10.7089    6.73361
10.6264    6.75247
10.6057    6.71475
10.5645    6.71475
10.5232    6.71475
10.5026    6.71475
10.42    6.69588
10.3788    6.71475
10.3581    6.69588
10.3169    6.71475
10.2756    6.69588
10.2137    6.71475
10.1724    6.69588
10.1518    6.69588
10.1105    6.69588
10.0693    6.69588
10.0074    6.69588
9.96609    6.69588
9.92482    6.67702
9.88356    6.65816
9.86292    6.67702
9.80102    6.6393
9.78039    6.6393
9.73912    6.6393
9.71849    6.62044
9.69785    6.6393
9.63595    6.60158
9.59468    6.60158
9.57405    6.58271
9.55342    6.58271
9.53278    6.58271
9.47088    6.56385
9.45025    6.54499
9.42961    6.54499
9.38835    6.54499
9.36771    6.54499
9.32644    6.52613
9.30581    6.50727
9.26454    6.50727
9.24391    6.50727
9.22328    6.50727
9.16137    6.48841
9.14074    6.46954
9.09947    6.48841
9.07884    6.45068
9.05821    6.45068
9.01694    6.43182
8.99631    6.45068
8.97567    6.41296
8.95504    6.41296
8.9344    6.3941
8.89314    6.3941
8.8725    6.37524
8.85187    6.35637
8.83124    6.35637
8.8106    6.33751
8.76933    6.29979
8.7487    6.28093
8.72807    6.28093
8.6868    6.26207
8.66617    6.2432
8.6249    6.22434
8.60426    6.18662
8.563    6.18662
8.54236    6.16776
8.52173    6.16776
8.48046    6.1489
8.45983    6.13004
8.43919    6.13004
8.41856    6.13004
8.39793    6.11117
8.37729    6.07345
8.33603    6.05459
8.31539    6.05459
8.29476    6.05459
8.27412    6.03573
8.21222    5.998
8.19159    5.97914
8.17096    5.97914
8.12969    5.96028
8.10905    5.94142
8.06779    5.92256
8.04715    5.88483
8.02652    5.86597
8.00589    5.86597
7.98525    5.84711
7.94398    5.79053
7.92335    5.79053
7.90272    5.77166
7.88208    5.73394
7.86145    5.71508
7.82018    5.71508
7.79955    5.69622
7.77892    5.67736
7.77892    5.67736
7.75828    5.67736
7.73765    5.63963
7.73765    5.63963
7.71701    5.62077
7.71701    5.60191
7.71701    5.60191
7.69638    5.58305
7.67575    5.54532
7.67575    5.54532
7.65511    5.54532
7.63448    5.54532
7.61385    5.54532
7.59321    5.56419
7.57258    5.58305
7.55194    5.56419
7.55194    5.60191
7.49004    5.60191
7.46941    5.62077
7.44878    5.62077
7.42814    5.62077
7.40751    5.62077
7.36624    5.65849
7.32497    5.67736
7.30434    5.69622
7.28371    5.69622
7.24244    5.69622
7.20117    5.73394
7.1599    5.7528
7.13927    5.79053
7.098    5.79053
7.07737    5.80939
7.01547    5.82825
6.9742    5.84711
6.95357    5.84711
6.9123    5.88483
6.87103    5.88483
6.80913    5.92256
6.7885    5.94142
6.74723    5.97914
6.70596    5.998
6.68533    5.998
6.62343    6.03573
6.60279    6.05459
6.56153    6.09231
6.52026    6.11117
6.49962    6.11117
6.43772    6.1489
6.39646    6.16776
6.35519    6.22434
6.33455    6.22434
6.29329    6.2432
6.23139    6.28093
6.19012    6.29979
6.14885    6.29979
6.12822    6.31865
6.08695    6.33751
6.02505    6.35637
6.00441    6.37524
5.96315    6.37524
5.92188    6.3941
5.88061    6.41296
5.79808    6.41296
5.77744    6.43182
5.71554    6.45068
5.67427    6.45068
5.63301    6.45068
5.57111    6.46954
5.52984    6.48841
5.48857    6.48841
5.4473    6.48841
5.40604    6.50727
5.3235    6.54499
5.28223    6.54499
5.2616    6.54499
5.1997    6.56385
5.15843    6.54499
5.0759    6.58271
5.03463    6.60158
4.99336    6.58271
4.95209    6.60158
4.91083    6.58271
4.84893    6.60158
4.78702    6.58271
4.74576    6.60158
4.70449    6.58271
4.66322    6.58271
4.58069    6.58271
4.53942    6.58271
4.47752    6.58271
4.43625    6.56385
4.39498    6.54499
4.31245    6.56385
4.29182    6.56385
4.22991    6.56385
4.18865    6.56385
4.16801    6.56385
4.08548    6.56385
4.02358    6.56385
3.98231    6.58271
3.94104    6.60158
3.89977    6.58271
3.81724    6.60158
3.77597    6.60158
3.71407    6.60158
3.6728    6.60158
3.65217    6.60158
3.56963    6.60158
3.52837    6.58271
3.4871    6.60158
3.44583    6.58271
3.40456    6.60158
3.32203    6.56385
3.28076    6.56385
3.2395    6.54499
3.19823    6.56385
3.13633    6.52613
3.05379    6.52613
3.01252    6.52613
2.97126    6.52613
2.95062    6.52613
2.90936    6.50727
2.82682    6.52613
2.78555    6.50727
2.74429    6.52613
2.72365    6.50727
2.68238    6.50727
2.59985    6.50727
2.55858    6.52613
2.53795    6.50727
2.49668    6.52613
2.43478    6.50727
2.37288    6.50727
