5.03463    7.05426
5.0759    7.05426
5.11716    7.05426
5.22033    7.05426
5.2616    7.05426
5.30287    7.07312
5.36477    7.05426
5.40604    7.07312
5.48857    7.07312
5.55047    7.09198
5.59174    7.09198
5.63301    7.11084
5.67427    7.11084
5.75681    7.11084
5.79808    7.1297
5.83934    7.1297
5.88061    7.1297
5.92188    7.1297
5.98378    7.11084
6.02505    7.11084
6.06632    7.09198
6.10758    7.09198
6.14885    7.07312
6.23139    7.05426
6.27265    7.03539
6.31392    7.03539
6.35519    7.01653
6.39646    6.99767
6.47899    6.99767
6.52026    6.97881
6.56153    6.97881
6.60279    6.97881
6.64406    6.97881
6.70596    6.97881
6.74723    6.97881
6.7885    6.97881
6.82976    6.97881
6.87103    6.99767
6.95357    6.99767
6.9742    7.01653
7.01547    7.01653
7.05673    7.03539
7.098    7.03539
7.18054    7.05426
7.20117    7.05426
7.24244    7.05426
7.28371    7.07312
7.30434    7.05426
7.38687    7.07312
7.42814    7.07312
7.44878    7.05426
7.49004    7.05426
7.53131    7.05426
7.59321    7.03539
7.63448    7.01653
7.67575    7.01653
7.71701    6.99767
7.75828    6.99767
7.84082    6.97881
7.88208    6.99767
7.92335    6.99767
7.96462    6.99767
7.98525    6.99767
8.06779    6.99767
8.08842    6.99767
8.12969    6.99767
8.17096    7.01653
8.19159    7.01653
8.27412    7.03539
8.31539    7.03539
8.33603    7.03539
8.37729    7.05426
8.41856    7.05426
8.48046    7.07312
8.52173    7.07312
8.563    7.07312
8.60426    7.07312
8.64553    7.07312
8.70743    7.05426
8.7487    7.03539
8.76933    7.01653
8.8106    7.01653
8.85187    6.99767
8.9344    6.95995
8.95504    6.94109
8.99631    6.92222
9.05821    6.92222
9.09947    6.92222
9.18201    6.90336
9.22328    6.90336
9.26454    6.90336
9.30581    6.8845
9.36771    6.8845
9.45025    6.86564
9.51215    6.86564
9.55342    6.86564
9.59468    6.86564
9.65658    6.86564
9.75975    6.8845
9.82165    6.8845
9.86292    6.8845
9.90419    6.86564
9.96609    6.86564
10.0693    6.84678
10.1105    6.82792
10.1518    6.80905
10.2137    6.79019
10.255    6.77133
10.3375    6.73361
10.3994    6.73361
10.4407    6.69588
10.4819    6.67702
10.5232    6.65816
10.647    6.6393
10.7089    6.62044
10.7502    6.60158
10.7914    6.60158
10.8327    6.60158
10.9359    6.58271
10.9771    6.58271
11.0184    6.58271
11.0597    6.56385
11.1009    6.56385
11.1835    6.56385
11.2247    6.56385
11.266    6.56385
11.3279    6.58271
11.3692    6.56385
11.4724    6.58271
11.5136    6.58271
11.5549    6.56385
11.6168    6.56385
11.6581    6.54499
11.7406    6.54499
11.7819    6.54499
11.8231    6.52613
11.885    6.50727
11.9263    6.48841
12.0295    6.46954
12.0707    6.45068
12.1326    6.43182
12.1945    6.43182
12.2358    6.43182
12.3183    6.43182
12.3596    6.43182
12.4009    6.43182
12.4628    6.45068
12.4834    6.45068
12.5659    6.45068
12.6072    6.46954
12.6485    6.48841
12.6691    6.50727
