10.4819    7.58238
10.4407    7.58238
10.3994    7.58238
10.3169    7.56352
10.2756    7.56352
10.2343    7.56352
10.1931    7.54466
10.1518    7.5258
10.0693    7.50694
10.028    7.48807
9.98672    7.48807
9.94546    7.50694
9.90419    7.46921
9.82165    7.46921
9.78039    7.46921
9.73912    7.46921
9.69785    7.48807
9.67722    7.50694
9.59468    7.50694
9.55342    7.50694
9.51215    7.5258
9.47088    7.54466
9.42961    7.54466
9.36771    7.58238
9.32644    7.58238
9.28518    7.60124
9.24391    7.62011
9.22328    7.62011
9.14074    7.63897
9.12011    7.65783
9.07884    7.65783
9.03757    7.65783
9.01694    7.65783
8.95504    7.65783
8.9344    7.65783
8.89314    7.65783
8.8725    7.65783
8.83124    7.65783
8.76933    7.65783
8.7487    7.65783
8.70743    7.67669
8.6868    7.69555
8.64553    7.67669
8.58363    7.71441
8.563    7.73327
8.52173    7.73327
8.5011    7.75214
8.45983    7.771
8.39793    7.78986
8.37729    7.82758
8.33603    7.84644
8.29476    7.86531
8.27412    7.90303
8.19159    7.95961
8.17096    7.95961
8.12969    7.99734
8.10905    8.0162
8.06779    8.03506
8.02652    8.05392
7.98525    8.09165
7.96462    8.09165
7.92335    8.11051
7.90272    8.09165
7.84082    8.12937
7.79955    8.12937
7.77892    8.12937
7.75828    8.12937
7.71701    8.12937
7.65511    8.12937
7.63448    8.12937
7.59321    8.12937
7.57258    8.12937
7.53131    8.14823
7.49004    8.12937
7.44878    8.14823
7.42814    8.12937
7.40751    8.14823
7.36624    8.12937
7.30434    8.14823
7.28371    8.14823
7.24244    8.14823
7.20117    8.14823
7.1599    8.14823
7.098    8.14823
7.05673    8.16709
7.01547    8.18595
6.9742    8.16709
6.93293    8.18595
6.8504    8.18595
6.80913    8.18595
6.76786    8.18595
6.7266    8.18595
6.70596    8.18595
6.62343    8.16709
6.58216    8.16709
6.54089    8.14823
6.49962    8.12937
6.47899    8.12937
6.41709    8.11051
6.37582    8.07278
6.33455    8.05392
6.29329    8.05392
6.25202    8.03506
6.16948    7.99734
6.12822    7.99734
6.08695    7.97848
6.04568    7.99734
6.00441    7.97848
5.94251    7.97848
5.90125    7.97848
5.85998    7.95961
5.81871    7.94075
5.77744    7.94075
5.71554    7.94075
5.67427    7.94075
5.63301    7.94075
5.59174    7.94075
5.52984    7.94075
5.4473    7.94075
5.40604    7.94075
5.36477    7.94075
5.3235    7.92189
5.28223    7.90303
5.17907    7.90303
5.1378    7.90303
5.09653    7.88417
5.05526    7.86531
5.014    7.86531
4.93146    7.84644
4.89019    7.82758
4.82829    7.82758
4.78702    7.82758
4.74576    7.80872
4.66322    7.78986
4.62195    7.80872
4.56005    7.78986
4.53942    7.80872
4.47752    7.78986
4.41562    7.80872
4.35372    7.78986
4.31245    7.80872
4.29182    7.80872
4.22991    7.80872
4.16801    7.82758
4.10611    7.84644
4.06484    7.82758
4.02358    7.84644
3.98231    7.82758
3.92041    7.84644
3.87914    7.82758
3.83787    7.84644
3.79661    7.82758
3.77597    7.82758
3.69344    7.80872
3.6728    7.78986
3.63154    7.78986
3.59027    7.771
3.549    7.75214
3.4871    7.73327
3.4252    7.71441
3.38393    7.71441
3.34266    7.71441
3.3014    7.69555
3.2395    7.67669
3.19823    7.69555
3.15696    7.67669
3.11569    7.67669
3.07443    7.67669
2.99189    7.67669
2.95062    7.65783
2.90936    7.63897
2.86809    7.65783
2.82682    7.65783
2.74429    7.65783
2.70302    7.63897
2.66175    7.65783
2.62048    7.63897
2.57922    7.65783
2.51731    7.63897
2.47605    7.63897
2.45541    7.63897
2.39351    7.62011
2.35224    7.60124
2.31098    7.58238
2.26971    7.56352
2.22844    7.56352
2.18718    7.54466
2.16654    7.5258
2.10464    7.50694
2.06337    7.48807
2.02211    7.50694
1.98084    7.48807
1.93957    7.48807
1.87767    7.48807
1.8364    7.46921
1.81577    7.46921
1.79513    7.46921
1.75387    7.46921
1.7126    7.48807
1.67133    7.50694
