10.5232    8.22368
10.4819    8.22368
10.4613    8.20482
10.3994    8.22368
10.3375    8.18595
10.2962    8.18595
10.255    8.16709
10.2137    8.20482
10.1518    8.18595
10.0899    8.16709
10.0693    8.18595
10.028    8.18595
9.98672    8.18595
9.90419    8.18595
9.86292    8.18595
9.82165    8.18595
9.78039    8.18595
9.75975    8.18595
9.69785    8.20482
9.63595    8.22368
9.59468    8.22368
9.55342    8.22368
9.53278    8.22368
9.45025    8.24254
9.40898    8.2614
9.38835    8.24254
9.36771    8.2614
9.32644    8.2614
9.26454    8.2614
9.24391    8.2614
9.20264    8.2614
9.16137    8.2614
9.14074    8.2614
9.09947    8.2614
9.05821    8.2614
9.03757    8.2614
8.99631    8.2614
8.95504    8.2614
8.91377    8.28026
8.8725    8.29912
8.85187    8.29912
8.85187    8.29912
8.83124    8.31799
8.76933    8.35571
8.7487    8.35571
8.72807    8.37457
8.70743    8.37457
8.66617    8.37457
8.6249    8.41229
8.60426    8.43116
8.58363    8.45002
8.54236    8.45002
8.52173    8.45002
8.48046    8.46888
8.45983    8.48774
8.41856    8.48774
8.39793    8.48774
8.37729    8.48774
8.31539    8.48774
8.29476    8.48774
8.23286    8.48774
8.21222    8.48774
8.17096    8.48774
8.10905    8.5066
8.08842    8.52546
8.04715    8.5066
8.02652    8.52546
8.00589    8.52546
7.94398    8.52546
7.94398    8.52546
7.92335    8.52546
7.88208    8.52546
7.86145    8.54433
7.84082    8.58205
7.79955    8.58205
7.77892    8.60091
7.77892    8.58205
7.75828    8.60091
7.71701    8.58205
7.67575    8.58205
7.65511    8.58205
7.65511    8.56319
7.63448    8.54433
7.59321    8.52546
7.55194    8.5066
7.53131    8.5066
7.53131    8.5066
7.51068    8.48774
7.44878    8.45002
7.42814    8.43116
7.38687    8.43116
7.34561    8.43116
7.32497    8.43116
7.28371    8.41229
7.26307    8.37457
7.20117    8.35571
7.18054    8.37457
7.1599    8.33685
7.11864    8.31799
7.07737    8.29912
7.0361    8.2614
7.01547    8.24254
6.9742    8.22368
6.89166    8.16709
6.8504    8.14823
6.80913    8.11051
6.76786    8.09165
6.74723    8.09165
6.68533    8.05392
6.62343    8.03506
6.60279    7.99734
6.54089    7.97848
6.52026    7.97848
6.43772    7.94075
6.39646    7.92189
6.35519    7.88417
6.31392    7.86531
6.27265    7.86531
6.21075    7.82758
6.16948    7.80872
6.12822    7.771
6.10758    7.73327
6.04568    7.71441
5.98378    7.67669
5.92188    7.63897
5.88061    7.62011
5.83934    7.58238
5.79808    7.54466
5.71554    7.5258
5.65364    7.5258
5.59174    7.50694
5.57111    7.48807
5.50921    7.48807
5.4473    7.46921
5.36477    7.45035
5.3235    7.45035
5.28223    7.43149
5.22033    7.41263
5.1378    7.41263
5.0759    7.41263
5.014    7.41263
4.99336    7.41263
4.93146    7.39377
4.86956    7.39377
4.80766    7.3749
4.78702    7.3749
4.72512    7.3749
4.68386    7.35604
4.60132    7.33718
4.56005    7.33718
4.49815    7.31832
4.43625    7.29946
4.39498    7.29946
4.29182    7.29946
4.22991    7.2806
4.18865    7.2806
4.14738    7.2806
4.10611    7.2806
4.04421    7.2806
3.96168    7.2806
3.89977    7.2806
3.87914    7.2806
3.81724    7.2806
3.75534    7.31832
3.69344    7.31832
3.65217    7.33718
3.59027    7.35604
3.549    7.35604
3.46647    7.3749
3.4252    7.39377
3.38393    7.3749
3.34266    7.39377
3.32203    7.3749
3.28076    7.3749
3.2395    7.3749
3.19823    7.3749
3.17759    7.35604
3.11569    7.33718
3.05379    7.33718
2.99189    7.31832
2.97126    7.29946
2.90936    7.29946
2.86809    7.29946
2.80619    7.29946
2.76492    7.29946
2.72365    7.2806
2.70302    7.26173
2.68238    7.2806
2.59985    7.26173
2.55858    7.26173
2.51731    7.2806
2.49668    7.2806
2.47605    7.2806
2.39351    7.2806
2.35224    7.2806
2.31098    7.2806
2.29034    7.2806
2.26971    7.2806
2.22844    7.2806
2.20781    7.29946
2.18718    7.29946
2.14591    7.29946
