10.42    8.80839
10.3788    8.80839
10.3375    8.80839
10.2756    8.80839
10.2137    8.80839
10.1931    8.82725
10.1518    8.80839
10.1105    8.82725
10.0486    8.80839
10.028    8.80839
9.96609    8.78953
9.94546    8.78953
9.88356    8.77067
9.82165    8.77067
9.75975    8.7518
9.73912    8.7518
9.67722    8.7518
9.65658    8.7518
9.57405    8.7518
9.53278    8.7518
9.49151    8.7518
9.45025    8.7518
9.40898    8.7518
9.34708    8.77067
9.30581    8.77067
9.28518    8.77067
9.22328    8.78953
9.18201    8.78953
9.09947    8.80839
9.05821    8.82725
9.01694    8.82725
8.97567    8.84611
8.9344    8.84611
8.8725    8.86497
8.8106    8.86497
8.78997    8.86497
8.7487    8.86497
8.70743    8.86497
8.64553    8.86497
8.60426    8.86497
8.58363    8.86497
8.52173    8.84611
8.48046    8.84611
8.41856    8.82725
8.35666    8.82725
8.33603    8.82725
8.27412    8.82725
8.25349    8.80839
8.15032    8.80839
8.12969    8.80839
8.08842    8.78953
8.04715    8.78953
8.00589    8.78953
7.94398    8.78953
7.92335    8.77067
7.86145    8.77067
7.84082    8.77067
7.77892    8.77067
7.73765    8.77067
7.67575    8.77067
7.63448    8.77067
7.59321    8.77067
7.55194    8.77067
7.46941    8.77067
7.42814    8.77067
7.40751    8.77067
7.38687    8.77067
7.34561    8.77067
7.26307    8.7518
7.2218    8.7518
7.20117    8.7518
7.18054    8.73294
7.11864    8.73294
7.05673    8.71408
7.01547    8.71408
6.9742    8.71408
6.93293    8.69522
6.89166    8.69522
6.80913    8.69522
6.76786    8.69522
6.7266    8.69522
6.68533    8.69522
6.64406    8.69522
6.58216    8.71408
6.56153    8.71408
6.49962    8.71408
6.47899    8.73294
6.41709    8.73294
6.37582    8.7518
6.31392    8.7518
6.27265    8.77067
6.21075    8.77067
6.19012    8.78953
6.10758    8.80839
6.06632    8.80839
6.02505    8.80839
5.98378    8.80839
5.96315    8.80839
5.90125    8.82725
5.83934    8.82725
5.81871    8.80839
5.77744    8.80839
5.73618    8.80839
5.65364    8.78953
5.59174    8.78953
5.57111    8.78953
5.52984    8.77067
5.48857    8.77067
5.3854    8.77067
5.36477    8.77067
5.30287    8.7518
5.28223    8.7518
5.22033    8.7518
5.15843    8.77067
5.09653    8.7518
5.0759    8.7518
5.014    8.7518
4.99336    8.7518
4.91083    8.77067
4.84893    8.77067
4.80766    8.77067
4.78702    8.77067
4.72512    8.78953
4.64259    8.78953
4.62195    8.78953
4.56005    8.78953
4.53942    8.78953
4.47752    8.78953
4.43625    8.78953
4.39498    8.78953
4.35372    8.77067
4.31245    8.77067
4.27118    8.7518
4.20928    8.73294
4.14738    8.73294
4.10611    8.71408
4.06484    8.71408
4.02358    8.69522
3.94104    8.69522
3.89977    8.67636
3.85851    8.67636
3.83787    8.67636
3.77597    8.6575
3.71407    8.6575
3.65217    8.6575
3.63154    8.63863
3.56963    8.63863
3.549    8.61977
3.44583    8.63863
3.4252    8.63863
3.3633    8.63863
3.32203    8.63863
3.28076    8.63863
3.19823    8.63863
3.15696    8.63863
3.11569    8.63863
3.07443    8.63863
3.03316    8.63863
2.97126    8.61977
2.90936    8.61977
2.86809    8.61977
2.84745    8.61977
2.78555    8.60091
2.72365    8.58205
2.66175    8.58205
2.64112    8.58205
2.57922    8.58205
2.55858    8.58205
2.45541    8.58205
2.43478    8.58205
2.39351    8.58205
