11.4311    8.20482
11.3898    8.20482
11.3692    8.20482
11.3073    8.20482
11.2454    8.20482
11.2247    8.20482
11.1628    8.20482
11.1422    8.20482
11.039    8.18595
11.0184    8.16709
10.9565    8.16709
10.9359    8.16709
10.874    8.14823
10.8121    8.14823
10.7502    8.14823
10.7295    8.14823
10.6676    8.14823
10.647    8.16709
10.5645    8.16709
10.5232    8.18595
10.4819    8.18595
10.4407    8.18595
10.3994    8.20482
10.3375    8.20482
10.3169    8.22368
10.255    8.24254
10.2343    8.24254
10.1724    8.2614
10.1312    8.28026
10.0899    8.28026
10.0693    8.28026
10.0074    8.28026
9.98672    8.29912
9.90419    8.29912
9.88356    8.29912
9.86292    8.29912
9.82165    8.29912
9.78039    8.29912
9.71849    8.29912
9.69785    8.29912
9.65658    8.29912
9.61532    8.29912
9.57405    8.31799
9.51215    8.31799
9.49151    8.33685
9.45025    8.33685
9.40898    8.35571
9.38835    8.35571
9.34708    8.37457
9.30581    8.39343
9.28518    8.41229
9.22328    8.43116
9.22328    8.43116
9.16137    8.46888
9.12011    8.46888
9.09947    8.48774
9.07884    8.48774
9.03757    8.48774
8.99631    8.5066
8.95504    8.5066
8.9344    8.5066
8.9344    8.5066
8.91377    8.5066
8.83124    8.5066
8.78997    8.5066
8.76933    8.5066
8.76933    8.48774
8.7487    8.48774
8.66617    8.48774
8.64553    8.48774
8.6249    8.48774
8.58363    8.48774
8.54236    8.48774
8.48046    8.48774
8.45983    8.48774
8.41856    8.5066
8.39793    8.5066
8.37729    8.5066
8.31539    8.52546
8.29476    8.54433
8.25349    8.56319
8.23286    8.58205
8.21222    8.58205
8.15032    8.60091
8.12969    8.61977
8.08842    8.61977
8.06779    8.61977
8.04715    8.63863
7.98525    8.63863
7.96462    8.63863
7.94398    8.61977
7.92335    8.61977
7.88208    8.61977
7.84082    8.60091
7.82018    8.60091
7.79955    8.58205
7.75828    8.58205
7.73765    8.58205
7.69638    8.58205
7.67575    8.58205
7.61385    8.58205
7.61385    8.58205
7.57258    8.58205
7.51068    8.58205
7.42814    8.58205
7.38687    8.60091
7.34561    8.60091
7.30434    8.61977
7.2218    8.61977
7.18054    8.63863
7.13927    8.63863
7.098    8.6575
7.05673    8.6575
6.9742    8.67636
6.93293    8.67636
6.89166    8.67636
6.8504    8.67636
6.80913    8.6575
6.74723    8.61977
6.70596    8.60091
6.66469    8.60091
6.62343    8.58205
6.58216    8.56319
6.47899    8.54433
6.41709    8.52546
6.39646    8.52546
6.33455    8.52546
6.31392    8.5066
6.23139    8.5066
6.16948    8.5066
6.14885    8.5066
6.08695    8.48774
6.06632    8.48774
5.96315    8.46888
5.92188    8.46888
5.88061    8.46888
5.83934    8.45002
5.77744    8.45002
5.67427    8.45002
5.63301    8.45002
5.59174    8.43116
5.55047    8.43116
5.48857    8.43116
5.40604    8.43116
5.34414    8.41229
5.3235    8.41229
5.2616    8.39343
5.22033    8.37457
5.1378    8.35571
5.09653    8.35571
5.05526    8.33685
4.99336    8.31799
4.95209    8.29912
4.84893    8.29912
4.82829    8.28026
4.76639    8.28026
4.72512    8.28026
4.68386    8.28026
4.60132    8.2614
4.53942    8.2614
4.47752    8.2614
4.45689    8.2614
4.39498    8.24254
4.31245    8.2614
4.27118    8.2614
4.22991    8.2614
4.16801    8.28026
4.10611    8.28026
4.02358    8.28026
3.98231    8.28026
3.94104    8.28026
3.89977    8.28026
3.85851    8.28026
3.77597    8.28026
3.71407    8.2614
3.6728    8.2614
3.63154    8.24254
3.56963    8.24254
3.50773    8.22368
3.44583    8.22368
3.4252    8.22368
3.34266    8.22368
3.28076    8.22368
3.21886    8.22368
3.15696    8.22368
3.13633    8.22368
3.07443    8.22368
3.03316    8.22368
2.97126    8.22368
2.88872    8.22368
2.84745    8.24254
2.78555    8.24254
2.76492    8.24254
2.66175    8.2614
2.62048    8.2614
2.57922    8.28026
2.53795    8.2614
2.49668    8.28026
