11.5136    7.56352
11.4724    7.56352
11.4311    7.58238
11.3692    7.56352
11.3279    7.58238
11.2866    7.58238
11.2454    7.56352
11.2041    7.58238
11.1422    7.54466
11.1009    7.54466
11.0597    7.5258
11.0184    7.54466
10.9771    7.50694
10.874    7.48807
10.8327    7.48807
10.7914    7.48807
10.7502    7.46921
10.7295    7.46921
10.647    7.45035
10.6057    7.46921
10.5645    7.45035
10.5232    7.46921
10.4819    7.45035
10.42    7.46921
10.3581    7.45035
10.3169    7.46921
10.2756    7.46921
10.2343    7.46921
10.1518    7.48807
10.1105    7.50694
10.0693    7.48807
10.028    7.50694
9.98672    7.48807
9.90419    7.48807
9.86292    7.48807
9.82165    7.46921
9.78039    7.45035
9.73912    7.45035
9.65658    7.43149
9.61532    7.41263
9.57405    7.41263
9.55342    7.41263
9.51215    7.41263
9.45025    7.41263
9.40898    7.41263
9.38835    7.41263
9.34708    7.43149
9.30581    7.41263
9.24391    7.45035
9.22328    7.46921
9.18201    7.46921
9.14074    7.48807
9.12011    7.5258
9.05821    7.56352
9.03757    7.58238
8.99631    7.58238
8.97567    7.60124
8.95504    7.63897
8.89314    7.65783
8.85187    7.65783
8.83124    7.65783
8.78997    7.65783
8.7487    7.67669
8.6868    7.69555
8.64553    7.67669
8.6249    7.71441
8.60426    7.71441
8.563    7.71441
8.5011    7.73327
8.48046    7.73327
8.45983    7.75214
8.41856    7.771
8.39793    7.771
8.33603    7.78986
8.29476    7.82758
8.27412    7.84644
8.23286    7.84644
8.21222    7.86531
8.15032    7.92189
8.10905    7.92189
8.08842    7.92189
8.04715    7.94075
8.02652    7.95961
7.96462    7.95961
7.92335    7.97848
7.90272    7.99734
7.86145    7.97848
7.84082    7.99734
7.77892    7.95961
7.73765    7.95961
7.69638    7.94075
7.65511    7.94075
7.63448    7.94075
7.59321    7.92189
7.55194    7.90303
7.53131    7.92189
7.49004    7.90303
7.46941    7.90303
7.42814    7.92189
7.40751    7.90303
7.36624    7.90303
7.34561    7.90303
7.30434    7.90303
7.26307    7.90303
7.20117    7.90303
7.1599    7.92189
7.13927    7.90303
7.11864    7.92189
7.05673    7.90303
7.01547    7.92189
6.99483    7.90303
6.95357    7.92189
6.93293    7.90303
6.89166    7.90303
6.87103    7.88417
6.82976    7.84644
6.80913    7.84644
6.7885    7.82758
6.74723    7.78986
6.70596    7.771
6.66469    7.73327
6.64406    7.71441
6.62343    7.71441
6.56153    7.69555
6.54089    7.67669
6.52026    7.67669
6.47899    7.67669
6.45836    7.65783
6.39646    7.63897
6.35519    7.65783
6.31392    7.63897
6.29329    7.65783
6.25202    7.63897
6.16948    7.67669
6.12822    7.69555
6.08695    7.69555
6.04568    7.67669
6.00441    7.69555
5.94251    7.69555
5.90125    7.69555
5.88061    7.67669
5.85998    7.69555
5.79808    7.67669
5.73618    7.67669
5.69491    7.65783
5.65364    7.63897
5.61237    7.63897
5.57111    7.62011
5.50921    7.60124
5.46794    7.60124
5.42667    7.60124
5.3854    7.60124
5.36477    7.58238
5.28223    7.56352
5.24097    7.58238
5.1997    7.56352
5.15843    7.58238
5.1378    7.56352
5.0759    7.58238
5.014    7.58238
4.97273    7.58238
4.93146    7.58238
4.89019    7.58238
4.82829    7.60124
4.80766    7.62011
4.76639    7.60124
4.72512    7.62011
4.70449    7.60124
4.62195    7.60124
4.58069    7.58238
4.53942    7.56352
4.51879    7.56352
4.47752    7.56352
4.39498    7.54466
4.35372    7.50694
4.31245    7.50694
4.27118    7.48807
4.22991    7.50694
4.16801    7.48807
4.12675    7.50694
4.10611    7.48807
4.04421    7.50694
4.00294    7.48807
3.94104    7.5258
3.89977    7.5258
3.85851    7.5258
3.81724    7.54466
3.79661    7.54466
3.71407    7.54466
3.6728    7.54466
3.63154    7.56352
3.59027    7.58238
3.549    7.56352
3.4871    7.60124
3.44583    7.60124
3.40456    7.60124
3.3633    7.58238
3.34266    7.56352
3.28076    7.58238
3.2395    7.56352
3.19823    7.56352
3.13633    7.56352
3.11569    7.54466
3.03316    7.5258
2.99189    7.54466
2.95062    7.54466
2.92999    7.54466
2.88872    7.54466
2.82682    7.54466
2.78555    7.54466
2.74429    7.56352
2.70302    7.58238
2.68238    7.58238
2.62048    7.60124
2.57922    7.62011
2.53795    7.62011
2.49668    7.63897
2.47605    7.65783
2.43478    7.65783
2.39351    7.65783
2.35224    7.65783
2.33161    7.65783
2.31098    7.65783
2.24908    7.65783
2.20781    7.65783
