12.4421    7.84644
12.4215    7.84644
12.3596    7.84644
12.3183    7.84644
12.2771    7.84644
12.2358    7.84644
12.1945    7.82758
12.1739    7.84644
12.0707    7.82758
12.0501    7.84644
11.9882    7.80872
11.9676    7.80872
11.9057    7.80872
11.8438    7.80872
11.8025    7.80872
11.7406    7.80872
11.72    7.80872
11.6787    7.80872
11.5962    7.80872
11.5549    7.82758
11.5136    7.82758
11.4724    7.84644
11.4311    7.82758
11.3485    7.84644
11.3073    7.84644
11.266    7.84644
11.2247    7.86531
11.1835    7.88417
11.1216    7.86531
11.1009    7.88417
11.0597    7.86531
11.0184    7.88417
10.9771    7.86531
10.9152    7.86531
10.8946    7.86531
10.8327    7.86531
10.8121    7.86531
10.7502    7.84644
10.7089    7.82758
10.6676    7.82758
10.6264    7.82758
10.5851    7.82758
10.5438    7.82758
10.5026    7.82758
10.4613    7.82758
10.42    7.82758
10.3994    7.82758
10.3375    7.82758
10.2962    7.84644
10.2756    7.82758
10.2137    7.84644
10.1931    7.86531
10.1518    7.88417
10.0899    7.90303
10.0693    7.94075
10.028    7.95961
9.98672    7.94075
9.96609    7.95961
9.92482    7.95961
9.88356    7.97848
9.84229    7.99734
9.82165    7.99734
9.75975    7.99734
9.71849    7.99734
9.67722    8.0162
9.65658    8.03506
9.59468    8.0162
9.57405    8.03506
9.49151    8.03506
9.47088    8.05392
9.45025    8.07278
9.40898    8.05392
9.36771    8.07278
9.30581    8.09165
9.30581    8.11051
9.26454    8.11051
9.24391    8.11051
9.20264    8.12937
9.14074    8.16709
9.12011    8.18595
9.07884    8.16709
9.05821    8.20482
9.03757    8.22368
8.97567    8.24254
8.95504    8.28026
8.91377    8.28026
8.89314    8.29912
8.8725    8.28026
8.8106    8.29912
8.78997    8.29912
8.7487    8.29912
8.70743    8.29912
8.6868    8.29912
8.64553    8.28026
8.6249    8.28026
8.563    8.28026
8.54236    8.2614
8.5011    8.24254
8.43919    8.24254
8.41856    8.24254
8.37729    8.22368
8.35666    8.20482
8.33603    8.22368
8.27412    8.20482
8.25349    8.20482
8.19159    8.22368
8.19159    8.20482
8.17096    8.22368
8.08842    8.20482
8.04715    8.22368
8.02652    8.20482
8.00589    8.22368
7.94398    8.22368
7.90272    8.24254
7.86145    8.2614
7.84082    8.24254
7.77892    8.2614
7.75828    8.24254
7.67575    8.2614
7.63448    8.24254
7.61385    8.24254
7.59321    8.24254
7.55194    8.24254
7.46941    8.22368
7.42814    8.20482
7.38687    8.20482
7.36624    8.20482
7.34561    8.18595
7.24244    8.16709
7.2218    8.18595
7.1599    8.16709
7.13927    8.16709
7.07737    8.16709
7.01547    8.16709
6.95357    8.16709
6.9123    8.16709
6.89166    8.16709
6.82976    8.16709
6.76786    8.16709
6.70596    8.16709
6.68533    8.16709
6.62343    8.18595
6.58216    8.16709
6.52026    8.20482
6.45836    8.20482
6.41709    8.20482
6.37582    8.20482
6.33455    8.20482
6.25202    8.20482
6.21075    8.20482
6.16948    8.18595
6.10758    8.18595
6.04568    8.16709
5.96315    8.18595
5.92188    8.16709
5.85998    8.18595
5.79808    8.16709
5.77744    8.20482
5.67427    8.20482
5.63301    8.20482
5.59174    8.20482
5.55047    8.22368
5.50921    8.20482
5.42667    8.24254
5.3854    8.24254
5.34414    8.2614
5.28223    8.24254
5.22033    8.28026
5.1378    8.28026
5.09653    8.29912
5.05526    8.28026
5.014    8.29912
4.97273    8.28026
4.89019    8.29912
4.84893    8.28026
4.80766    8.29912
4.76639    8.28026
4.72512    8.29912
4.64259    8.29912
4.60132    8.29912
4.58069    8.29912
4.49815    8.31799
4.45689    8.33685
4.39498    8.33685
4.37435    8.33685
4.31245    8.33685
4.29182    8.33685
4.22991    8.35571
4.16801    8.37457
4.10611    8.37457
4.06484    8.39343
4.02358    8.43116
3.98231    8.43116
3.89977    8.46888
3.83787    8.46888
3.77597    8.48774
3.75534    8.46888
3.69344    8.48774
3.63154    8.48774
3.56963    8.48774
3.52837    8.48774
3.4871    8.48774
3.44583    8.48774
3.3633    8.46888
3.3014    8.48774
3.21886    8.48774
3.17759    8.48774
3.13633    8.5066
3.05379    8.54433
3.01252    8.54433
2.95062    8.54433
2.90936    8.56319
2.88872    8.54433
2.78555    8.56319
2.74429    8.54433
2.68238    8.58205
2.62048    8.58205
2.57922    8.58205
2.49668    8.60091
