12.731    6.58271
12.6897    6.58271
12.6691    6.58271
12.5866    6.58271
12.5247    6.58271
12.4834    6.60158
12.4421    6.58271
12.4009    6.62044
12.3183    6.6393
12.2771    6.6393
12.2152    6.6393
12.1739    6.65816
12.1326    6.67702
12.0501    6.65816
12.0295    6.67702
11.9882    6.65816
11.9469    6.65816
11.9263    6.65816
11.8438    6.6393
11.8025    6.60158
11.7612    6.58271
11.72    6.58271
11.6787    6.56385
11.5962    6.52613
11.5549    6.50727
11.5136    6.50727
11.4724    6.48841
11.4311    6.46954
11.3485    6.48841
11.3073    6.46954
11.2866    6.48841
11.2454    6.46954
11.2041    6.48841
11.1216    6.46954
11.0803    6.50727
11.039    6.50727
10.9978    6.52613
10.9565    6.52613
10.874    6.54499
10.8327    6.56385
10.7914    6.54499
10.7502    6.56385
10.7089    6.56385
10.647    6.54499
10.6057    6.56385
10.5645    6.54499
10.5438    6.54499
10.5026    6.52613
10.42    6.48841
10.3994    6.48841
10.3581    6.46954
10.3169    6.46954
10.2756    6.45068
10.2137    6.41296
10.1724    6.3941
10.1312    6.41296
10.1105    6.3941
10.0899    6.3941
10.028    6.37524
9.98672    6.37524
9.96609    6.35637
9.94546    6.37524
9.90419    6.35637
9.84229    6.37524
9.82165    6.37524
9.78039    6.37524
9.75975    6.37524
9.71849    6.3941
9.65658    6.41296
9.63595    6.41296
9.59468    6.41296
9.57405    6.41296
9.55342    6.41296
9.49151    6.41296
9.47088    6.41296
9.45025    6.3941
9.42961    6.3941
9.40898    6.3941
9.36771    6.37524
9.32644    6.33751
9.30581    6.31865
9.28518    6.31865
9.26454    6.29979
9.22328    6.26207
9.20264    6.2432
9.18201    6.2432
9.16137    6.22434
9.14074    6.20548
9.09947    6.18662
9.07884    6.16776
9.05821    6.16776
9.03757    6.16776
9.01694    6.16776
8.97567    6.1489
8.97567    6.13004
8.9344    6.1489
8.91377    6.13004
8.89314    6.1489
8.85187    6.13004
8.83124    6.1489
8.78997    6.1489
8.76933    6.1489
8.72807    6.1489
8.6868    6.1489
8.64553    6.1489
8.6249    6.1489
8.60426    6.1489
8.58363    6.1489
8.54236    6.13004
8.52173    6.1489
8.5011    6.11117
8.48046    6.09231
8.45983    6.09231
8.41856    6.07345
8.39793    6.03573
8.37729    6.01687
8.35666    6.01687
8.33603    5.998
8.29476    5.94142
8.27412    5.94142
8.25349    5.92256
8.23286    5.9037
8.21222    5.9037
8.17096    5.88483
8.15032    5.86597
8.12969    5.86597
8.10905    5.86597
8.10905    5.86597
8.06779    5.86597
8.06779    5.88483
8.04715    5.86597
8.02652    5.88483
8.00589    5.88483
7.96462    5.9037
7.94398    5.94142
7.92335    5.96028
7.90272    5.96028
7.86145    5.97914
7.82018    6.03573
7.77892    6.03573
7.75828    6.05459
7.73765    6.09231
7.71701    6.09231
7.67575    6.11117
7.63448    6.11117
7.61385    6.11117
7.59321    6.11117
7.55194    6.11117
7.49004    6.11117
7.46941    6.11117
7.42814    6.11117
7.40751    6.11117
7.36624    6.09231
7.28371    6.11117
7.24244    6.09231
7.20117    6.11117
7.18054    6.11117
7.1599    6.11117
7.098    6.13004
7.05673    6.1489
7.0361    6.1489
7.01547    6.16776
6.99483    6.20548
6.95357    6.26207
6.9123    6.26207
6.89166    6.29979
6.8504    6.33751
6.82976    6.37524
6.74723    6.43182
6.7266    6.48841
6.68533    6.50727
6.66469    6.54499
6.64406    6.56385
6.58216    6.58271
6.56153    6.60158
6.52026    6.60158
6.49962    6.60158
6.47899    6.62044
6.41709    6.6393
6.37582    6.6393
6.35519    6.6393
6.29329    6.6393
6.25202    6.6393
6.16948    6.65816
6.10758    6.69588
6.06632    6.69588
6.02505    6.71475
5.98378    6.71475
5.90125    6.73361
5.85998    6.77133
5.83934    6.79019
5.79808    6.80905
5.75681    6.82792
5.69491    6.86564
5.65364    6.8845
5.61237    6.94109
5.57111    6.94109
5.52984    6.97881
5.46794    7.01653
5.42667    7.05426
5.3854    7.07312
5.34414    7.09198
5.30287    7.09198
5.22033    7.11084
5.17907    7.11084
5.1378    7.1297
5.11716    7.1297
5.0759    7.1297
4.99336    7.11084
4.95209    7.1297
4.89019    7.11084
4.84893    7.1297
4.80766    7.11084
4.72512    7.1297
4.66322    7.1297
4.62195    7.14856
4.58069    7.16743
4.53942    7.16743
4.47752    7.18629
4.43625    7.22401
4.39498    7.24287
4.35372    7.24287
4.31245    7.26173
4.22991    7.31832
4.16801    7.31832
4.12675    7.33718
4.08548    7.35604
4.04421    7.35604
3.94104    7.35604
3.89977    7.3749
3.85851    7.3749
3.83787    7.3749
3.79661    7.3749
3.7347    7.35604
3.6728    7.33718
3.65217    7.33718
3.6109    7.31832
3.56963    7.2806
3.4871    7.26173
3.44583    7.26173
3.4252    7.24287
3.3633    7.22401
3.34266    7.22401
3.26013    7.22401
3.2395    7.22401
3.19823    7.22401
3.13633    7.22401
3.11569    7.22401
3.03316    7.22401
2.99189    7.24287
2.95062    7.24287
2.90936    7.24287
2.84745    7.26173
2.76492    7.29946
2.70302    7.29946
2.66175    7.29946
2.62048    7.29946
2.57922    7.29946
2.51731    7.29946
2.47605    7.2806
2.43478    7.26173
2.39351    7.26173
2.37288    7.24287
2.31098    7.20515
2.26971    7.18629
