5.46794    7.56352
5.50921    7.56352
5.55047    7.54466
5.65364    7.50694
5.67427    7.48807
5.73618    7.50694
5.75681    7.46921
5.81871    7.46921
5.88061    7.45035
5.96315    7.45035
6.00441    7.45035
6.04568    7.45035
6.08695    7.45035
6.16948    7.45035
6.21075    7.45035
6.25202    7.45035
6.29329    7.45035
6.35519    7.45035
6.41709    7.46921
6.47899    7.45035
6.49962    7.46921
6.56153    7.46921
6.58216    7.45035
6.68533    7.46921
6.70596    7.45035
6.76786    7.46921
6.7885    7.45035
6.8504    7.45035
6.9123    7.43149
6.95357    7.41263
6.99483    7.41263
7.0361    7.39377
7.07737    7.3749
7.13927    7.3749
7.18054    7.3749
7.2218    7.3749
7.26307    7.35604
7.30434    7.33718
7.38687    7.35604
7.42814    7.33718
7.49004    7.33718
7.55194    7.33718
7.57258    7.33718
7.67575    7.33718
7.71701    7.33718
7.75828    7.33718
7.79955    7.33718
7.84082    7.33718
7.92335    7.31832
7.96462    7.29946
8.00589    7.29946
8.04715    7.29946
8.08842    7.2806
8.17096    7.24287
8.21222    7.22401
8.25349    7.22401
8.29476    7.20515
8.33603    7.16743
8.41856    7.14856
8.45983    7.16743
8.52173    7.14856
8.58363    7.14856
8.60426    7.14856
8.70743    7.14856
8.7487    7.14856
8.78997    7.14856
8.83124    7.14856
8.89314    7.14856
8.99631    7.16743
9.03757    7.16743
9.07884    7.16743
9.12011    7.16743
9.16137    7.16743
9.24391    7.16743
9.28518    7.16743
9.32644    7.16743
9.36771    7.16743
9.40898    7.16743
9.49151    7.14856
9.51215    7.16743
9.57405    7.14856
9.61532    7.14856
9.65658    7.14856
9.73912    7.1297
9.78039    7.1297
9.84229    7.1297
9.90419    7.1297
9.92482    7.1297
10.0486    7.14856
10.0899    7.16743
10.1312    7.16743
10.1724    7.16743
10.2343    7.18629
10.2962    7.22401
10.3581    7.22401
10.3788    7.24287
10.4407    7.24287
10.4819    7.24287
10.5645    7.26173
10.6057    7.2806
10.647    7.26173
10.6883    7.2806
10.7295    7.26173
10.8121    7.2806
10.8327    7.26173
10.8946    7.2806
10.9152    7.2806
10.9771    7.2806
11.0184    7.2806
11.0597    7.2806
11.1009    7.2806
11.1422    7.2806
11.1835    7.2806
11.266    7.29946
11.3073    7.31832
11.3485    7.31832
11.3898    7.31832
11.4311    7.31832
11.493    7.35604
11.5549    7.3749
11.5755    7.39377
11.6581    7.39377
11.6993    7.41263
11.7819    7.45035
11.8438    7.46921
11.8644    7.45035
11.9263    7.46921
11.9676    7.45035
12.0501    7.45035
12.112    7.45035
12.1739    7.45035
12.1945    7.45035
12.2564    7.45035
12.339    7.45035
12.3802    7.45035
12.4215    7.46921
12.4628    7.45035
12.504    7.46921
12.5866    7.46921
12.6278    7.46921
