5.34414    8.29912
5.3854    8.28026
5.42667    8.28026
5.50921    8.24254
5.55047    8.22368
5.59174    8.22368
5.63301    8.20482
5.67427    8.20482
5.75681    8.18595
5.79808    8.18595
5.83934    8.16709
5.88061    8.16709
5.92188    8.16709
6.00441    8.16709
6.04568    8.14823
6.08695    8.14823
6.12822    8.14823
6.16948    8.16709
6.25202    8.16709
6.29329    8.16709
6.33455    8.14823
6.37582    8.14823
6.39646    8.14823
6.45836    8.12937
6.52026    8.12937
6.54089    8.11051
6.60279    8.11051
6.60279    8.09165
6.68533    8.07278
6.7266    8.07278
6.76786    8.05392
6.7885    8.05392
6.8504    8.03506
6.9123    8.0162
6.9742    8.0162
6.9742    7.99734
7.01547    7.97848
7.05673    7.97848
7.11864    7.94075
7.18054    7.94075
7.20117    7.92189
7.26307    7.92189
7.26307    7.90303
7.32497    7.88417
7.36624    7.86531
7.40751    7.86531
7.44878    7.84644
7.46941    7.84644
7.51068    7.80872
7.53131    7.80872
7.57258    7.78986
7.59321    7.771
7.61385    7.771
7.67575    7.73327
7.69638    7.71441
7.71701    7.71441
7.73765    7.69555
7.77892    7.67669
7.82018    7.63897
7.84082    7.63897
7.86145    7.62011
7.90272    7.62011
7.92335    7.60124
7.96462    7.58238
8.00589    7.56352
8.02652    7.56352
8.08842    7.54466
8.10905    7.54466
8.17096    7.5258
8.21222    7.5258
8.23286    7.50694
8.29476    7.50694
8.31539    7.48807
8.39793    7.46921
8.43919    7.46921
8.45983    7.45035
8.48046    7.45035
8.54236    7.43149
8.58363    7.41263
8.6249    7.41263
8.66617    7.41263
8.70743    7.39377
8.7487    7.39377
8.83124    7.3749
8.8725    7.3749
8.91377    7.3749
8.95504    7.3749
8.99631    7.3749
9.07884    7.3749
9.12011    7.3749
9.16137    7.3749
9.20264    7.39377
9.24391    7.41263
9.32644    7.43149
9.38835    7.43149
9.42961    7.45035
9.47088    7.46921
9.53278    7.46921
9.59468    7.50694
9.65658    7.50694
9.67722    7.50694
9.73912    7.5258
9.75975    7.5258
9.86292    7.54466
9.88356    7.54466
9.94546    7.54466
9.98672    7.54466
10.028    7.54466
10.1105    7.56352
10.1724    7.56352
10.2137    7.56352
10.255    7.58238
10.3169    7.58238
10.3788    7.62011
10.4407    7.62011
10.4613    7.62011
10.5232    7.63897
10.5438    7.63897
10.647    7.67669
10.6676    7.69555
10.7295    7.71441
10.7708    7.71441
10.8121    7.73327
10.8946    7.75214
10.9359    7.75214
10.9771    7.771
11.0184    7.771
11.0803    7.771
11.1835    7.78986
11.2041    7.78986
11.266    7.78986
11.2866    7.78986
11.3485    7.78986
11.4311    7.80872
11.4724    7.80872
11.5136    7.82758
11.5549    7.82758
11.5962    7.82758
11.6787    7.84644
11.72    7.84644
11.7612    7.86531
11.8231    7.86531
11.8644    7.86531
11.9676    7.90303
11.9882    7.92189
12.0501    7.92189
12.0707    7.94075
12.1326    7.94075
12.1945    7.97848
12.2564    7.97848
12.2771    7.97848
12.339    7.97848
12.3596    7.97848
12.4421    7.97848
12.4834    7.97848
12.5247    7.99734
