4.10611    8.52546
4.14738    8.52546
4.18865    8.5066
4.25055    8.48774
4.29182    8.46888
4.33308    8.46888
4.37435    8.45002
4.41562    8.43116
4.47752    8.39343
4.53942    8.37457
4.58069    8.35571
4.62195    8.33685
4.66322    8.31799
4.74576    8.29912
4.78702    8.28026
4.82829    8.28026
4.86956    8.28026
4.91083    8.28026
4.97273    8.28026
5.014    8.28026
5.05526    8.28026
5.09653    8.28026
5.1378    8.28026
5.22033    8.28026
5.2616    8.28026
5.3235    8.28026
5.36477    8.28026
5.40604    8.28026
5.48857    8.2614
5.50921    8.24254
5.55047    8.24254
5.59174    8.22368
5.63301    8.20482
5.69491    8.18595
5.73618    8.16709
5.77744    8.14823
5.81871    8.12937
5.85998    8.11051
5.94251    8.07278
5.98378    8.05392
6.02505    8.03506
6.06632    8.03506
6.08695    8.0162
6.16948    8.0162
6.19012    8.0162
6.23139    8.0162
6.25202    8.0162
6.29329    7.99734
6.35519    7.99734
6.39646    7.99734
6.43772    7.99734
6.45836    7.99734
6.52026    7.99734
6.58216    7.99734
6.62343    7.97848
6.64406    7.97848
6.68533    7.97848
6.70596    7.95961
6.76786    7.94075
6.7885    7.94075
6.80913    7.92189
6.82976    7.90303
6.8504    7.88417
6.89166    7.84644
6.9123    7.82758
6.93293    7.80872
6.95357    7.78986
6.9742    7.771
7.01547    7.73327
7.0361    7.71441
7.07737    7.69555
7.07737    7.67669
7.11864    7.67669
7.1599    7.65783
7.18054    7.63897
7.2218    7.63897
7.24244    7.63897
7.28371    7.62011
7.34561    7.62011
7.36624    7.62011
7.38687    7.62011
7.42814    7.62011
7.44878    7.62011
7.51068    7.62011
7.53131    7.63897
7.57258    7.62011
7.59321    7.62011
7.61385    7.62011
7.67575    7.62011
7.69638    7.62011
7.73765    7.62011
7.75828    7.62011
7.79955    7.62011
7.88208    7.62011
7.92335    7.62011
7.94398    7.62011
7.98525    7.62011
8.04715    7.60124
8.12969    7.60124
8.17096    7.60124
8.21222    7.60124
8.25349    7.62011
8.29476    7.62011
8.37729    7.63897
8.39793    7.63897
8.43919    7.65783
8.48046    7.67669
8.52173    7.69555
8.58363    7.71441
8.64553    7.73327
8.6868    7.75214
8.72807    7.771
8.76933    7.78986
8.85187    7.82758
8.89314    7.84644
8.9344    7.86531
8.97567    7.88417
9.01694    7.88417
9.09947    7.90303
9.14074    7.90303
9.18201    7.90303
9.22328    7.90303
9.28518    7.90303
9.34708    7.90303
9.40898    7.90303
9.45025    7.90303
9.51215    7.90303
9.55342    7.90303
9.63595    7.92189
9.67722    7.94075
9.71849    7.95961
9.75975    7.95961
9.80102    7.97848
9.88356    7.99734
9.92482    8.0162
9.96609    8.03506
10.0074    8.03506
10.0486    8.05392
10.1312    8.07278
10.1724    8.09165
10.2137    8.11051
10.255    8.11051
10.2962    8.12937
10.3788    8.14823
10.42    8.14823
10.4613    8.14823
10.5026    8.14823
10.5438    8.14823
10.6264    8.14823
10.6883    8.14823
10.7295    8.14823
10.7708    8.14823
10.8121    8.14823
10.8946    8.14823
10.9565    8.14823
10.9978    8.14823
11.039    8.14823
11.0803    8.16709
11.1628    8.18595
11.1835    8.20482
11.2247    8.20482
11.266    8.22368
11.3073    8.22368
11.3898    8.2614
11.4311    8.28026
11.4724    8.29912
11.493    8.31799
11.5343    8.33685
11.5962    8.35571
11.6581    8.37457
11.6787    8.39343
11.72    8.41229
11.7612    8.41229
11.8438    8.43116
11.885    8.43116
11.9263    8.45002
11.9676    8.45002
12.0088    8.45002
12.0914    8.45002
12.1326    8.46888
12.1739    8.46888
12.1945    8.46888
12.2564    8.46888
12.339    8.5066
12.3802    8.5066
12.4215    8.5066
12.4421    8.52546
12.4834    8.54433
12.5453    8.58205
12.5659    8.58205
12.6072    8.60091
