3.81724    7.50694
3.85851    7.50694
3.89977    7.50694
3.98231    7.48807
4.02358    7.48807
4.08548    7.48807
4.10611    7.46921
4.16801    7.46921
4.25055    7.45035
4.29182    7.43149
4.33308    7.43149
4.37435    7.43149
4.41562    7.41263
4.49815    7.41263
4.56005    7.41263
4.62195    7.41263
4.64259    7.41263
4.70449    7.41263
4.78702    7.41263
4.82829    7.41263
4.89019    7.41263
4.95209    7.43149
4.97273    7.43149
5.0759    7.45035
5.09653    7.45035
5.15843    7.45035
5.17907    7.45035
5.24097    7.45035
5.30287    7.45035
5.36477    7.45035
5.3854    7.43149
5.4473    7.43149
5.46794    7.41263
5.57111    7.39377
5.61237    7.3749
5.65364    7.35604
5.69491    7.33718
5.73618    7.33718
5.81871    7.31832
5.85998    7.31832
5.90125    7.31832
5.94251    7.31832
5.98378    7.31832
6.06632    7.31832
6.10758    7.31832
6.16948    7.31832
6.21075    7.31832
6.25202    7.31832
6.33455    7.33718
6.39646    7.33718
6.39646    7.33718
6.43772    7.35604
6.47899    7.35604
6.54089    7.35604
6.58216    7.33718
6.62343    7.33718
6.66469    7.33718
6.70596    7.31832
6.76786    7.29946
6.7885    7.2806
6.8504    7.26173
6.87103    7.24287
6.9123    7.22401
6.99483    7.20515
7.0361    7.18629
7.07737    7.16743
7.098    7.16743
7.11864    7.16743
7.20117    7.14856
7.24244    7.14856
7.28371    7.1297
7.32497    7.1297
7.36624    7.1297
7.42814    7.1297
7.44878    7.1297
7.51068    7.1297
7.53131    7.1297
7.57258    7.1297
7.65511    7.1297
7.67575    7.1297
7.69638    7.1297
7.73765    7.1297
7.75828    7.1297
7.82018    7.1297
7.86145    7.1297
7.90272    7.1297
7.94398    7.1297
7.98525    7.11084
8.06779    7.11084
8.10905    7.09198
8.15032    7.09198
8.17096    7.09198
8.21222    7.09198
8.29476    7.09198
8.33603    7.09198
8.37729    7.09198
8.39793    7.11084
8.45983    7.11084
8.54236    7.1297
8.58363    7.14856
8.6249    7.14856
8.66617    7.16743
8.70743    7.18629
8.78997    7.20515
8.83124    7.22401
8.85187    7.22401
8.91377    7.24287
8.9344    7.24287
9.01694    7.26173
9.05821    7.26173
9.09947    7.26173
9.12011    7.26173
9.16137    7.26173
9.24391    7.2806
9.28518    7.26173
9.32644    7.26173
9.36771    7.26173
9.40898    7.26173
9.49151    7.26173
9.53278    7.2806
9.57405    7.2806
9.63595    7.2806
9.69785    7.2806
9.75975    7.2806
9.82165    7.29946
9.84229    7.29946
9.90419    7.29946
9.94546    7.29946
10.028    7.29946
10.0693    7.29946
10.1105    7.29946
10.1518    7.29946
10.2137    7.29946
10.3169    7.31832
10.3375    7.31832
10.3788    7.31832
10.42    7.29946
10.4613    7.29946
10.5645    7.2806
10.5851    7.2806
10.647    7.26173
10.6883    7.26173
10.7295    7.24287
10.8327    7.22401
10.8946    7.22401
10.9152    7.20515
10.9771    7.20515
10.9978    7.20515
11.1009    7.20515
11.1422    7.18629
11.1835    7.18629
11.2247    7.18629
11.2866    7.18629
11.3898    7.16743
11.4311    7.16743
11.4724    7.18629
11.5343    7.18629
11.5962    7.18629
11.6787    7.18629
11.6993    7.18629
11.7612    7.18629
11.8025    7.18629
11.8231    7.18629
11.9469    7.18629
11.9882    7.18629
12.0295    7.18629
12.0707    7.18629
12.112    7.18629
12.1945    7.16743
12.2564    7.14856
12.2771    7.14856
12.339    7.14856
12.3802    7.14856
12.4628    7.14856
12.504    7.14856
12.5659    7.14856
12.6278    7.14856
12.6485    7.14856
12.7516    7.16743
12.7929    7.16743
12.8342    7.16743
