3.75534    6.13004
3.79661    6.13004
3.83787    6.13004
3.94104    6.13004
3.98231    6.11117
4.04421    6.11117
4.08548    6.11117
4.12675    6.11117
4.22991    6.09231
4.27118    6.09231
4.31245    6.07345
4.35372    6.07345
4.41562    6.07345
4.47752    6.07345
4.51879    6.07345
4.56005    6.07345
4.62195    6.05459
4.66322    6.05459
4.76639    6.05459
4.80766    6.05459
4.84893    6.05459
4.91083    6.05459
4.95209    6.05459
5.03463    6.05459
5.0759    6.05459
5.11716    6.05459
5.15843    6.05459
5.1997    6.05459
5.28223    6.05459
5.3235    6.05459
5.36477    6.03573
5.40604    6.03573
5.4473    6.03573
5.52984    6.03573
5.57111    6.03573
5.61237    6.01687
5.65364    6.01687
5.69491    6.01687
5.77744    6.01687
5.79808    6.01687
5.83934    6.01687
5.88061    6.01687
5.92188    6.01687
6.00441    6.01687
6.04568    6.01687
6.08695    6.01687
6.12822    6.03573
6.16948    6.03573
6.25202    6.05459
6.29329    6.05459
6.33455    6.07345
6.35519    6.07345
6.39646    6.09231
6.45836    6.09231
6.49962    6.09231
6.54089    6.11117
6.58216    6.13004
6.62343    6.13004
6.70596    6.1489
6.74723    6.16776
6.7885    6.16776
6.82976    6.18662
6.87103    6.20548
6.93293    6.22434
6.9742    6.2432
7.01547    6.2432
7.0361    6.26207
7.07737    6.28093
7.13927    6.29979
7.18054    6.31865
7.2218    6.31865
7.24244    6.33751
7.28371    6.35637
7.34561    6.37524
7.38687    6.3941
7.42814    6.41296
7.44878    6.41296
7.49004    6.43182
7.55194    6.45068
7.57258    6.46954
7.61385    6.46954
7.63448    6.48841
7.65511    6.48841
7.71701    6.50727
7.73765    6.50727
7.77892    6.52613
7.79955    6.52613
7.82018    6.52613
7.88208    6.52613
7.90272    6.52613
7.94398    6.54499
7.96462    6.54499
8.00589    6.54499
8.06779    6.56385
8.10905    6.56385
8.12969    6.58271
8.15032    6.58271
8.19159    6.60158
8.25349    6.62044
8.29476    6.62044
8.31539    6.62044
8.35666    6.62044
8.37729    6.62044
8.43919    6.62044
8.45983    6.62044
8.5011    6.62044
8.54236    6.62044
8.58363    6.60158
8.64553    6.58271
8.6868    6.58271
8.70743    6.56385
8.72807    6.56385
8.76933    6.54499
8.83124    6.52613
8.8725    6.50727
8.89314    6.50727
8.9344    6.48841
8.97567    6.46954
9.03757    6.45068
9.07884    6.43182
9.12011    6.43182
9.16137    6.41296
9.20264    6.41296
9.26454    6.3941
9.30581    6.37524
9.34708    6.35637
9.36771    6.35637
9.40898    6.33751
9.47088    6.33751
9.51215    6.31865
9.55342    6.31865
9.57405    6.29979
9.61532    6.29979
9.69785    6.28093
9.73912    6.26207
9.78039    6.26207
9.82165    6.2432
9.84229    6.22434
9.92482    6.22434
9.94546    6.20548
9.98672    6.18662
10.028    6.18662
10.0693    6.16776
10.1518    6.16776
10.1931    6.1489
10.2343    6.1489
10.2756    6.13004
10.3169    6.13004
10.3994    6.11117
10.4407    6.11117
10.4819    6.11117
10.5232    6.09231
10.5645    6.09231
10.6264    6.07345
10.6676    6.05459
10.7089    6.05459
10.7502    6.03573
10.7914    6.03573
10.874    5.998
10.8946    5.998
10.9359    5.97914
10.9771    5.96028
11.0184    5.94142
11.1009    5.92256
11.1422    5.92256
11.1835    5.9037
11.2041    5.9037
11.2454    5.9037
11.3279    5.88483
11.3692    5.86597
11.4105    5.86597
11.4517    5.84711
11.493    5.84711
11.5755    5.82825
11.6168    5.82825
11.6581    5.82825
11.6993    5.80939
11.72    5.80939
11.8025    5.79053
11.8438    5.77166
11.885    5.77166
11.9057    5.77166
11.9469    5.7528
12.0295    5.73394
12.0707    5.73394
12.112    5.71508
12.1326    5.69622
12.1739    5.67736
12.2564    5.65849
12.2977    5.63963
12.339    5.63963
12.3802    5.62077
12.4215    5.62077
12.4834    5.60191
12.5247    5.58305
12.5659    5.58305
12.6072    5.56419
12.6485    5.56419
12.731    5.56419
12.7723    5.56419
12.8135    5.54532
12.8548    5.54532
