3.17759    6.62044
3.21886    6.62044
3.28076    6.6393
3.3633    6.6393
3.40456    6.6393
3.46647    6.6393
3.50773    6.6393
3.549    6.6393
3.63154    6.6393
3.69344    6.6393
3.7347    6.6393
3.77597    6.6393
3.83787    6.6393
3.92041    6.62044
3.98231    6.6393
4.02358    6.62044
4.06484    6.6393
4.12675    6.62044
4.20928    6.6393
4.25055    6.62044
4.29182    6.6393
4.33308    6.6393
4.37435    6.6393
4.47752    6.6393
4.51879    6.6393
4.58069    6.65816
4.62195    6.67702
4.66322    6.67702
4.76639    6.69588
4.80766    6.71475
4.84893    6.71475
4.89019    6.71475
4.93146    6.71475
5.014    6.71475
5.0759    6.73361
5.11716    6.73361
5.15843    6.73361
5.22033    6.75247
5.30287    6.71475
5.36477    6.71475
5.40604    6.71475
5.46794    6.71475
5.50921    6.71475
5.59174    6.71475
5.63301    6.73361
5.67427    6.75247
5.71554    6.73361
5.75681    6.75247
5.83934    6.75247
5.88061    6.75247
5.92188    6.75247
5.96315    6.77133
6.00441    6.79019
6.08695    6.79019
6.12822    6.79019
6.16948    6.80905
6.21075    6.82792
6.23139    6.82792
6.31392    6.82792
6.33455    6.82792
6.37582    6.82792
6.39646    6.82792
6.43772    6.82792
6.49962    6.82792
6.54089    6.82792
6.58216    6.82792
6.60279    6.80905
6.64406    6.82792
6.70596    6.80905
6.74723    6.82792
6.7885    6.80905
6.80913    6.82792
6.82976    6.82792
6.87103    6.82792
6.9123    6.82792
6.93293    6.84678
6.95357    6.86564
6.9742    6.84678
7.01547    6.8845
7.0361    6.8845
7.05673    6.90336
7.07737    6.8845
7.07737    6.90336
7.13927    6.90336
7.1599    6.92222
7.18054    6.94109
7.20117    6.92222
7.2218    6.94109
7.28371    6.92222
7.30434    6.94109
7.34561    6.92222
7.36624    6.94109
7.40751    6.92222
7.46941    6.94109
7.51068    6.92222
7.53131    6.94109
7.57258    6.92222
7.59321    6.94109
7.65511    6.94109
7.69638    6.94109
7.71701    6.94109
7.75828    6.94109
7.79955    6.95995
7.88208    6.97881
7.90272    6.95995
7.94398    6.99767
7.98525    6.99767
8.02652    7.01653
8.08842    6.99767
8.12969    7.03539
8.17096    7.03539
8.21222    7.03539
8.25349    7.03539
8.33603    7.03539
8.37729    7.03539
8.41856    7.03539
8.43919    7.03539
8.48046    7.03539
8.563    7.01653
8.60426    6.99767
8.64553    7.01653
8.6868    6.99767
8.7487    7.01653
8.8106    6.99767
8.85187    7.01653
8.89314    6.99767
8.9344    7.01653
8.97567    6.99767
9.05821    7.01653
9.12011    6.99767
9.16137    7.01653
9.20264    6.99767
9.24391    7.01653
9.34708    6.99767
9.38835    7.01653
9.42961    6.99767
9.47088    7.01653
9.51215    6.99767
9.59468    6.99767
9.63595    6.99767
9.67722    6.97881
9.73912    6.95995
9.75975    6.95995
9.86292    6.94109
9.90419    6.92222
9.96609    6.92222
10.0074    6.92222
10.0486    6.90336
10.1312    6.90336
10.1931    6.90336
10.2343    6.90336
10.2756    6.90336
10.3169    6.90336
10.3994    6.90336
10.4613    6.8845
10.5026    6.90336
10.5438    6.8845
10.6057    6.90336
10.6883    6.8845
10.7295    6.90336
10.7708    6.8845
10.8121    6.90336
10.8533    6.8845
10.9359    6.8845
10.9771    6.8845
11.039    6.86564
11.0597    6.84678
11.1009    6.84678
11.1835    6.82792
11.2247    6.80905
11.266    6.80905
11.3073    6.80905
11.3485    6.79019
11.4311    6.77133
11.4724    6.79019
11.5136    6.77133
11.5549    6.79019
11.5962    6.77133
11.6787    6.79019
11.72    6.79019
11.7819    6.79019
11.8025    6.79019
11.8438    6.79019
11.9263    6.80905
11.9882    6.82792
12.0295    6.82792
12.0501    6.82792
12.0914    6.82792
12.1739    6.82792
12.2152    6.80905
12.2564    6.84678
12.2977    6.84678
12.339    6.84678
12.4009    6.84678
12.4421    6.84678
12.4834    6.84678
12.5247    6.82792
12.5659    6.82792
