2.90936    5.48874
2.95062    5.48874
2.99189    5.48874
3.07443    5.5076
3.13633    5.5076
3.15696    5.5076
3.21886    5.5076
3.26013    5.5076
3.3633    5.48874
3.4252    5.48874
3.46647    5.48874
3.50773    5.48874
3.56963    5.48874
3.6728    5.48874
3.69344    5.48874
3.75534    5.48874
3.77597    5.48874
3.83787    5.5076
3.92041    5.5076
3.96168    5.5076
4.00294    5.5076
4.06484    5.52646
4.12675    5.52646
4.20928    5.52646
4.25055    5.54532
4.29182    5.54532
4.33308    5.56419
4.37435    5.56419
4.45689    5.58305
4.51879    5.58305
4.58069    5.58305
4.60132    5.58305
4.66322    5.58305
4.72512    5.58305
4.80766    5.58305
4.84893    5.56419
4.89019    5.56419
4.93146    5.56419
5.03463    5.54532
5.05526    5.54532
5.11716    5.52646
5.1378    5.52646
5.17907    5.52646
5.2616    5.52646
5.30287    5.52646
5.34414    5.54532
5.3854    5.54532
5.42667    5.54532
5.50921    5.54532
5.55047    5.56419
5.59174    5.56419
5.61237    5.58305
5.65364    5.58305
5.71554    5.60191
5.77744    5.60191
5.79808    5.62077
5.83934    5.62077
5.88061    5.62077
5.96315    5.62077
5.98378    5.63963
6.00441    5.63963
6.06632    5.63963
6.08695    5.63963
6.16948    5.62077
6.21075    5.62077
6.25202    5.62077
6.27265    5.62077
6.29329    5.62077
6.37582    5.60191
6.41709    5.60191
6.43772    5.60191
6.43772    5.60191
6.47899    5.60191
6.52026    5.62077
6.56153    5.62077
6.58216    5.63963
6.62343    5.63963
6.64406    5.65849
6.66469    5.69622
6.70596    5.71508
6.7266    5.73394
6.7266    5.7528
6.74723    5.77166
6.7885    5.80939
6.80913    5.82825
6.80913    5.84711
6.82976    5.86597
6.87103    5.88483
6.9123    5.9037
6.93293    5.9037
6.93293    5.92256
6.95357    5.92256
7.01547    5.92256
7.0361    5.94142
7.07737    5.94142
7.098    5.94142
7.098    5.94142
7.13927    5.94142
7.18054    5.96028
7.20117    5.96028
7.24244    5.97914
7.26307    5.97914
7.28371    5.998
7.34561    6.01687
7.34561    6.01687
7.38687    6.03573
7.40751    6.05459
7.44878    6.07345
7.51068    6.11117
7.53131    6.13004
7.57258    6.1489
7.61385    6.16776
7.63448    6.18662
7.67575    6.22434
7.71701    6.2432
7.73765    6.2432
7.77892    6.26207
7.82018    6.26207
7.88208    6.28093
7.90272    6.28093
7.94398    6.29979
7.98525    6.29979
8.02652    6.29979
8.08842    6.29979
8.10905    6.29979
8.17096    6.29979
8.19159    6.31865
8.23286    6.31865
8.31539    6.31865
8.35666    6.31865
8.39793    6.31865
8.43919    6.31865
8.48046    6.31865
8.563    6.33751
8.60426    6.33751
8.64553    6.33751
8.6868    6.31865
8.72807    6.31865
8.8106    6.31865
8.85187    6.31865
8.89314    6.31865
8.95504    6.31865
8.95504    6.29979
9.05821    6.29979
9.09947    6.28093
9.14074    6.26207
9.18201    6.2432
9.22328    6.22434
9.30581    6.20548
9.34708    6.18662
9.38835    6.16776
9.42961    6.1489
9.49151    6.13004
9.53278    6.09231
9.57405    6.07345
9.61532    6.07345
9.65658    6.05459
9.69785    6.03573
9.78039    6.01687
9.80102    5.998
9.86292    5.97914
9.90419    5.97914
9.92482    5.96028
10.0486    5.96028
10.0899    5.94142
10.1312    5.94142
10.1724    5.94142
10.2137    5.94142
10.2756    5.92256
10.3169    5.9037
10.3375    5.88483
10.3994    5.88483
10.42    5.86597
10.5232    5.84711
10.5438    5.82825
10.6057    5.80939
10.6264    5.79053
10.6676    5.79053
10.7708    5.7528
10.7914    5.73394
10.8327    5.71508
10.874    5.71508
10.9152    5.69622
10.9771    5.67736
10.9978    5.67736
11.0597    5.65849
11.0803    5.65849
11.1216    5.63963
11.2041    5.62077
11.2247    5.62077
11.2454    5.62077
11.3073    5.60191
11.3279    5.60191
11.4311    5.60191
11.4517    5.58305
11.493    5.58305
11.5343    5.58305
11.5755    5.58305
11.6581    5.56419
11.6993    5.56419
11.72    5.54532
11.7406    5.52646
11.7819    5.5076
11.8438    5.48874
11.8644    5.45102
11.9057    5.45102
11.9469    5.43215
11.9882    5.41329
12.0501    5.37557
12.0707    5.37557
12.1326    5.35671
12.1533    5.33785
12.1945    5.33785
12.2771    5.31898
12.2977    5.30012
12.3183    5.30012
12.3596    5.30012
12.4009    5.30012
12.4628    5.28126
12.4628    5.28126
12.504    5.28126
12.5247    5.28126
12.5866    5.28126
12.6072    5.28126
12.6691    5.28126
12.6691    5.28126
